REF_DATE,GEO,North American Industry Classification System (NAICS),VALUE,STATUS,Lat,Lang
2018-01,Newfoundland and Labrador,Goods producing industries [11-33N],27738,A,47.4817,-52.7971
2018-02,Newfoundland and Labrador,Goods producing industries [11-33N],28148,A,47.4817,-52.7971
2018-03,Newfoundland and Labrador,Goods producing industries [11-33N],28115,A,47.4817,-52.7971
2018-04,Newfoundland and Labrador,Goods producing industries [11-33N],30908,A,47.4817,-52.7971
2018-05,Newfoundland and Labrador,Goods producing industries [11-33N],36434,A,47.4817,-52.7971
2018-06,Newfoundland and Labrador,Goods producing industries [11-33N],39174,A,47.4817,-52.7971
2018-07,Newfoundland and Labrador,Goods producing industries [11-33N],39739,A,47.4817,-52.7971
2018-08,Newfoundland and Labrador,Goods producing industries [11-33N],38678,A,47.4817,-52.7971
2018-09,Newfoundland and Labrador,Goods producing industries [11-33N],36758,A,47.4817,-52.7971
2018-10,Newfoundland and Labrador,Goods producing industries [11-33N],35937,A,47.4817,-52.7971
2018-11,Newfoundland and Labrador,Goods producing industries [11-33N],34563,A,47.4817,-52.7971
2018-12,Newfoundland and Labrador,Goods producing industries [11-33N],31921,A,47.4817,-52.7971
2019-01,Newfoundland and Labrador,Goods producing industries [11-33N],28231,A,47.4817,-52.7971
2019-02,Newfoundland and Labrador,Goods producing industries [11-33N],29291,A,47.4817,-52.7971
2019-03,Newfoundland and Labrador,Goods producing industries [11-33N],29524,A,47.4817,-52.7971
2019-04,Newfoundland and Labrador,Goods producing industries [11-33N],33720,B,47.4817,-52.7971
2019-05,Newfoundland and Labrador,Goods producing industries [11-33N],39506,A,47.4817,-52.7971
2019-06,Newfoundland and Labrador,Goods producing industries [11-33N],40418,A,47.4817,-52.7971
2019-07,Newfoundland and Labrador,Goods producing industries [11-33N],41271,A,47.4817,-52.7971
2019-08,Newfoundland and Labrador,Goods producing industries [11-33N],40846,A,47.4817,-52.7971
2019-09,Newfoundland and Labrador,Goods producing industries [11-33N],40075,B,47.4817,-52.7971
2019-10,Newfoundland and Labrador,Goods producing industries [11-33N],38389,A,47.4817,-52.7971
2019-11,Newfoundland and Labrador,Goods producing industries [11-33N],34171,B,47.4817,-52.7971
2019-12,Newfoundland and Labrador,Goods producing industries [11-33N],31193,B,47.4817,-52.7971
2020-01,Newfoundland and Labrador,Goods producing industries [11-33N],27607,B,47.4817,-52.7971
2020-02,Newfoundland and Labrador,Goods producing industries [11-33N],28437,B,47.4817,-52.7971
2020-03,Newfoundland and Labrador,Goods producing industries [11-33N],27274,B,47.4817,-52.7971
2020-04,Newfoundland and Labrador,Goods producing industries [11-33N],23188,B,47.4817,-52.7971
2020-05,Newfoundland and Labrador,Goods producing industries [11-33N],29370,E,47.4817,-52.7971
2020-06,Newfoundland and Labrador,Goods producing industries [11-33N],36096,B,47.4817,-52.7971
2020-07,Newfoundland and Labrador,Goods producing industries [11-33N],36228,B,47.4817,-52.7971
2020-08,Newfoundland and Labrador,Goods producing industries [11-33N],35543,B,47.4817,-52.7971
2020-09,Newfoundland and Labrador,Goods producing industries [11-33N],33415,B,47.4817,-52.7971
2020-10,Newfoundland and Labrador,Goods producing industries [11-33N],33039,B,47.4817,-52.7971
2020-11,Newfoundland and Labrador,Goods producing industries [11-33N],31417,B,47.4817,-52.7971
2020-12,Newfoundland and Labrador,Goods producing industries [11-33N],30151,B,47.4817,-52.7971
2021-01,Newfoundland and Labrador,Goods producing industries [11-33N],26532,B,47.4817,-52.7971
2021-02,Newfoundland and Labrador,Goods producing industries [11-33N],26187,B,47.4817,-52.7971
2021-03,Newfoundland and Labrador,Goods producing industries [11-33N],26603,A,47.4817,-52.7971
2021-04,Newfoundland and Labrador,Goods producing industries [11-33N],31938,A,47.4817,-52.7971
2021-05,Newfoundland and Labrador,Goods producing industries [11-33N],38817,B,47.4817,-52.7971
2021-06,Newfoundland and Labrador,Goods producing industries [11-33N],38617,B,47.4817,-52.7971
2021-07,Newfoundland and Labrador,Goods producing industries [11-33N],38736,A,47.4817,-52.7971
2021-08,Newfoundland and Labrador,Goods producing industries [11-33N],36876,A,47.4817,-52.7971
2021-09,Newfoundland and Labrador,Goods producing industries [11-33N],34428,B,47.4817,-52.7971
2021-10,Newfoundland and Labrador,Goods producing industries [11-33N],33256,A,47.4817,-52.7971
2021-11,Newfoundland and Labrador,Goods producing industries [11-33N],32073,B,47.4817,-52.7971
2021-12,Newfoundland and Labrador,Goods producing industries [11-33N],30715,A,47.4817,-52.7971
2022-01,Newfoundland and Labrador,Goods producing industries [11-33N],27419,B,47.4817,-52.7971
2022-02,Newfoundland and Labrador,Goods producing industries [11-33N],27293,B,47.4817,-52.7971
2022-03,Newfoundland and Labrador,Goods producing industries [11-33N],28270,B,47.4817,-52.7971
2022-04,Newfoundland and Labrador,Goods producing industries [11-33N],34845,B,47.4817,-52.7971
2022-05,Newfoundland and Labrador,Goods producing industries [11-33N],39100,B,47.4817,-52.7971
2022-06,Newfoundland and Labrador,Goods producing industries [11-33N],42251,B,47.4817,-52.7971
2022-07,Newfoundland and Labrador,Goods producing industries [11-33N],40104,B,47.4817,-52.7971
2022-08,Newfoundland and Labrador,Goods producing industries [11-33N],39103,B,47.4817,-52.7971
2022-09,Newfoundland and Labrador,Goods producing industries [11-33N],35814,B,47.4817,-52.7971
2022-10,Newfoundland and Labrador,Goods producing industries [11-33N],34345,B,47.4817,-52.7971
2022-11,Newfoundland and Labrador,Goods producing industries [11-33N],32535,B,47.4817,-52.7971
2022-12,Newfoundland and Labrador,Goods producing industries [11-33N],31213,B,47.4817,-52.7971
2023-01,Newfoundland and Labrador,Goods producing industries [11-33N],28614,B,47.4817,-52.7971
2023-02,Newfoundland and Labrador,Goods producing industries [11-33N],29677,B,47.4817,-52.7971
2023-03,Newfoundland and Labrador,Goods producing industries [11-33N],30702,B,47.4817,-52.7971
2023-04,Newfoundland and Labrador,Goods producing industries [11-33N],31957,B,47.4817,-52.7971
2023-05,Newfoundland and Labrador,Goods producing industries [11-33N],34628,B,47.4817,-52.7971
2023-06,Newfoundland and Labrador,Goods producing industries [11-33N],43204,B,47.4817,-52.7971
2023-07,Newfoundland and Labrador,Goods producing industries [11-33N],42672,B,47.4817,-52.7971
2023-08,Newfoundland and Labrador,Goods producing industries [11-33N],41050,B,47.4817,-52.7971
2023-09,Newfoundland and Labrador,Goods producing industries [11-33N],38248,B,47.4817,-52.7971
2023-10,Newfoundland and Labrador,Goods producing industries [11-33N],34528,B,47.4817,-52.7971
2023-11,Newfoundland and Labrador,Goods producing industries [11-33N],33388,B,47.4817,-52.7971
2023-12,Newfoundland and Labrador,Goods producing industries [11-33N],31232,B,47.4817,-52.7971
2024-01,Newfoundland and Labrador,Goods producing industries [11-33N],27900,B,47.4817,-52.7971
2024-02,Newfoundland and Labrador,Goods producing industries [11-33N],28713,B,47.4817,-52.7971
2018-01,Newfoundland and Labrador,"Forestry, logging and support [11N]",,x,47.4817,-52.7971
2018-02,Newfoundland and Labrador,"Forestry, logging and support [11N]",,x,47.4817,-52.7971
2018-03,Newfoundland and Labrador,"Forestry, logging and support [11N]",,x,47.4817,-52.7971
2018-04,Newfoundland and Labrador,"Forestry, logging and support [11N]",,x,47.4817,-52.7971
2018-05,Newfoundland and Labrador,"Forestry, logging and support [11N]",,x,47.4817,-52.7971
2018-06,Newfoundland and Labrador,"Forestry, logging and support [11N]",,x,47.4817,-52.7971
2018-07,Newfoundland and Labrador,"Forestry, logging and support [11N]",,x,47.4817,-52.7971
2018-08,Newfoundland and Labrador,"Forestry, logging and support [11N]",,x,47.4817,-52.7971
2018-09,Newfoundland and Labrador,"Forestry, logging and support [11N]",,x,47.4817,-52.7971
2018-10,Newfoundland and Labrador,"Forestry, logging and support [11N]",,x,47.4817,-52.7971
2018-11,Newfoundland and Labrador,"Forestry, logging and support [11N]",,x,47.4817,-52.7971
2018-12,Newfoundland and Labrador,"Forestry, logging and support [11N]",,x,47.4817,-52.7971
2019-01,Newfoundland and Labrador,"Forestry, logging and support [11N]",,x,47.4817,-52.7971
2019-02,Newfoundland and Labrador,"Forestry, logging and support [11N]",,x,47.4817,-52.7971
2019-03,Newfoundland and Labrador,"Forestry, logging and support [11N]",,x,47.4817,-52.7971
2019-04,Newfoundland and Labrador,"Forestry, logging and support [11N]",,x,47.4817,-52.7971
2019-05,Newfoundland and Labrador,"Forestry, logging and support [11N]",,x,47.4817,-52.7971
2019-06,Newfoundland and Labrador,"Forestry, logging and support [11N]",,x,47.4817,-52.7971
2019-07,Newfoundland and Labrador,"Forestry, logging and support [11N]",,x,47.4817,-52.7971
2019-08,Newfoundland and Labrador,"Forestry, logging and support [11N]",,x,47.4817,-52.7971
2019-09,Newfoundland and Labrador,"Forestry, logging and support [11N]",,x,47.4817,-52.7971
2019-10,Newfoundland and Labrador,"Forestry, logging and support [11N]",,x,47.4817,-52.7971
2019-11,Newfoundland and Labrador,"Forestry, logging and support [11N]",,x,47.4817,-52.7971
2019-12,Newfoundland and Labrador,"Forestry, logging and support [11N]",,x,47.4817,-52.7971
2020-01,Newfoundland and Labrador,"Forestry, logging and support [11N]",,x,47.4817,-52.7971
2020-02,Newfoundland and Labrador,"Forestry, logging and support [11N]",,x,47.4817,-52.7971
2020-03,Newfoundland and Labrador,"Forestry, logging and support [11N]",,x,47.4817,-52.7971
2020-04,Newfoundland and Labrador,"Forestry, logging and support [11N]",,x,47.4817,-52.7971
2020-05,Newfoundland and Labrador,"Forestry, logging and support [11N]",,x,47.4817,-52.7971
2020-06,Newfoundland and Labrador,"Forestry, logging and support [11N]",,x,47.4817,-52.7971
2020-07,Newfoundland and Labrador,"Forestry, logging and support [11N]",,x,47.4817,-52.7971
2020-08,Newfoundland and Labrador,"Forestry, logging and support [11N]",,x,47.4817,-52.7971
2020-09,Newfoundland and Labrador,"Forestry, logging and support [11N]",,x,47.4817,-52.7971
2020-10,Newfoundland and Labrador,"Forestry, logging and support [11N]",,x,47.4817,-52.7971
2020-11,Newfoundland and Labrador,"Forestry, logging and support [11N]",,x,47.4817,-52.7971
2020-12,Newfoundland and Labrador,"Forestry, logging and support [11N]",,x,47.4817,-52.7971
2021-01,Newfoundland and Labrador,"Forestry, logging and support [11N]",,x,47.4817,-52.7971
2021-02,Newfoundland and Labrador,"Forestry, logging and support [11N]",,x,47.4817,-52.7971
2021-03,Newfoundland and Labrador,"Forestry, logging and support [11N]",,x,47.4817,-52.7971
2021-04,Newfoundland and Labrador,"Forestry, logging and support [11N]",,x,47.4817,-52.7971
2021-05,Newfoundland and Labrador,"Forestry, logging and support [11N]",,x,47.4817,-52.7971
2021-06,Newfoundland and Labrador,"Forestry, logging and support [11N]",,x,47.4817,-52.7971
2021-07,Newfoundland and Labrador,"Forestry, logging and support [11N]",,x,47.4817,-52.7971
2021-08,Newfoundland and Labrador,"Forestry, logging and support [11N]",,x,47.4817,-52.7971
2021-09,Newfoundland and Labrador,"Forestry, logging and support [11N]",,x,47.4817,-52.7971
2021-10,Newfoundland and Labrador,"Forestry, logging and support [11N]",,x,47.4817,-52.7971
2021-11,Newfoundland and Labrador,"Forestry, logging and support [11N]",,x,47.4817,-52.7971
2021-12,Newfoundland and Labrador,"Forestry, logging and support [11N]",,x,47.4817,-52.7971
2022-01,Newfoundland and Labrador,"Forestry, logging and support [11N]",,x,47.4817,-52.7971
2022-02,Newfoundland and Labrador,"Forestry, logging and support [11N]",,x,47.4817,-52.7971
2022-03,Newfoundland and Labrador,"Forestry, logging and support [11N]",,x,47.4817,-52.7971
2022-04,Newfoundland and Labrador,"Forestry, logging and support [11N]",,x,47.4817,-52.7971
2022-05,Newfoundland and Labrador,"Forestry, logging and support [11N]",,x,47.4817,-52.7971
2022-06,Newfoundland and Labrador,"Forestry, logging and support [11N]",,x,47.4817,-52.7971
2022-07,Newfoundland and Labrador,"Forestry, logging and support [11N]",,x,47.4817,-52.7971
2022-08,Newfoundland and Labrador,"Forestry, logging and support [11N]",,x,47.4817,-52.7971
2022-09,Newfoundland and Labrador,"Forestry, logging and support [11N]",,x,47.4817,-52.7971
2022-10,Newfoundland and Labrador,"Forestry, logging and support [11N]",,x,47.4817,-52.7971
2022-11,Newfoundland and Labrador,"Forestry, logging and support [11N]",,x,47.4817,-52.7971
2022-12,Newfoundland and Labrador,"Forestry, logging and support [11N]",,x,47.4817,-52.7971
2023-01,Newfoundland and Labrador,"Forestry, logging and support [11N]",,x,47.4817,-52.7971
2023-02,Newfoundland and Labrador,"Forestry, logging and support [11N]",,x,47.4817,-52.7971
2023-03,Newfoundland and Labrador,"Forestry, logging and support [11N]",,x,47.4817,-52.7971
2023-04,Newfoundland and Labrador,"Forestry, logging and support [11N]",,x,47.4817,-52.7971
2023-05,Newfoundland and Labrador,"Forestry, logging and support [11N]",,x,47.4817,-52.7971
2023-06,Newfoundland and Labrador,"Forestry, logging and support [11N]",,x,47.4817,-52.7971
2023-07,Newfoundland and Labrador,"Forestry, logging and support [11N]",,x,47.4817,-52.7971
2023-08,Newfoundland and Labrador,"Forestry, logging and support [11N]",,x,47.4817,-52.7971
2023-09,Newfoundland and Labrador,"Forestry, logging and support [11N]",,x,47.4817,-52.7971
2023-10,Newfoundland and Labrador,"Forestry, logging and support [11N]",,x,47.4817,-52.7971
2023-11,Newfoundland and Labrador,"Forestry, logging and support [11N]",,x,47.4817,-52.7971
2023-12,Newfoundland and Labrador,"Forestry, logging and support [11N]",,x,47.4817,-52.7971
2024-01,Newfoundland and Labrador,"Forestry, logging and support [11N]",,x,47.4817,-52.7971
2024-02,Newfoundland and Labrador,"Forestry, logging and support [11N]",,x,47.4817,-52.7971
2018-01,Newfoundland and Labrador,"Mining, quarrying, and oil and gas extraction [21]",5018,A,47.4817,-52.7971
2018-02,Newfoundland and Labrador,"Mining, quarrying, and oil and gas extraction [21]",5160,A,47.4817,-52.7971
2018-03,Newfoundland and Labrador,"Mining, quarrying, and oil and gas extraction [21]",5115,A,47.4817,-52.7971
2018-04,Newfoundland and Labrador,"Mining, quarrying, and oil and gas extraction [21]",5120,A,47.4817,-52.7971
2018-05,Newfoundland and Labrador,"Mining, quarrying, and oil and gas extraction [21]",5084,A,47.4817,-52.7971
2018-06,Newfoundland and Labrador,"Mining, quarrying, and oil and gas extraction [21]",5142,A,47.4817,-52.7971
2018-07,Newfoundland and Labrador,"Mining, quarrying, and oil and gas extraction [21]",5529,B,47.4817,-52.7971
2018-08,Newfoundland and Labrador,"Mining, quarrying, and oil and gas extraction [21]",5471,A,47.4817,-52.7971
2018-09,Newfoundland and Labrador,"Mining, quarrying, and oil and gas extraction [21]",5362,A,47.4817,-52.7971
2018-10,Newfoundland and Labrador,"Mining, quarrying, and oil and gas extraction [21]",5218,A,47.4817,-52.7971
2018-11,Newfoundland and Labrador,"Mining, quarrying, and oil and gas extraction [21]",5615,A,47.4817,-52.7971
2018-12,Newfoundland and Labrador,"Mining, quarrying, and oil and gas extraction [21]",5559,A,47.4817,-52.7971
2019-01,Newfoundland and Labrador,"Mining, quarrying, and oil and gas extraction [21]",5198,A,47.4817,-52.7971
2019-02,Newfoundland and Labrador,"Mining, quarrying, and oil and gas extraction [21]",5410,B,47.4817,-52.7971
2019-03,Newfoundland and Labrador,"Mining, quarrying, and oil and gas extraction [21]",5447,C,47.4817,-52.7971
2019-04,Newfoundland and Labrador,"Mining, quarrying, and oil and gas extraction [21]",5376,A,47.4817,-52.7971
2019-05,Newfoundland and Labrador,"Mining, quarrying, and oil and gas extraction [21]",5663,A,47.4817,-52.7971
2019-06,Newfoundland and Labrador,"Mining, quarrying, and oil and gas extraction [21]",5909,A,47.4817,-52.7971
2019-07,Newfoundland and Labrador,"Mining, quarrying, and oil and gas extraction [21]",6195,A,47.4817,-52.7971
2019-08,Newfoundland and Labrador,"Mining, quarrying, and oil and gas extraction [21]",6261,A,47.4817,-52.7971
2019-09,Newfoundland and Labrador,"Mining, quarrying, and oil and gas extraction [21]",6467,B,47.4817,-52.7971
2019-10,Newfoundland and Labrador,"Mining, quarrying, and oil and gas extraction [21]",6201,A,47.4817,-52.7971
2019-11,Newfoundland and Labrador,"Mining, quarrying, and oil and gas extraction [21]",5925,A,47.4817,-52.7971
2019-12,Newfoundland and Labrador,"Mining, quarrying, and oil and gas extraction [21]",5951,A,47.4817,-52.7971
2020-01,Newfoundland and Labrador,"Mining, quarrying, and oil and gas extraction [21]",5852,A,47.4817,-52.7971
2020-02,Newfoundland and Labrador,"Mining, quarrying, and oil and gas extraction [21]",6151,B,47.4817,-52.7971
2020-03,Newfoundland and Labrador,"Mining, quarrying, and oil and gas extraction [21]",6132,B,47.4817,-52.7971
2020-04,Newfoundland and Labrador,"Mining, quarrying, and oil and gas extraction [21]",5815,B,47.4817,-52.7971
2020-05,Newfoundland and Labrador,"Mining, quarrying, and oil and gas extraction [21]",5375,D,47.4817,-52.7971
2020-06,Newfoundland and Labrador,"Mining, quarrying, and oil and gas extraction [21]",5524,B,47.4817,-52.7971
2020-07,Newfoundland and Labrador,"Mining, quarrying, and oil and gas extraction [21]",5754,B,47.4817,-52.7971
2020-08,Newfoundland and Labrador,"Mining, quarrying, and oil and gas extraction [21]",5832,A,47.4817,-52.7971
2020-09,Newfoundland and Labrador,"Mining, quarrying, and oil and gas extraction [21]",5748,B,47.4817,-52.7971
2020-10,Newfoundland and Labrador,"Mining, quarrying, and oil and gas extraction [21]",5719,B,47.4817,-52.7971
2020-11,Newfoundland and Labrador,"Mining, quarrying, and oil and gas extraction [21]",5834,C,47.4817,-52.7971
2020-12,Newfoundland and Labrador,"Mining, quarrying, and oil and gas extraction [21]",5727,A,47.4817,-52.7971
2021-01,Newfoundland and Labrador,"Mining, quarrying, and oil and gas extraction [21]",5005,B,47.4817,-52.7971
2021-02,Newfoundland and Labrador,"Mining, quarrying, and oil and gas extraction [21]",5296,A,47.4817,-52.7971
2021-03,Newfoundland and Labrador,"Mining, quarrying, and oil and gas extraction [21]",5171,A,47.4817,-52.7971
2021-04,Newfoundland and Labrador,"Mining, quarrying, and oil and gas extraction [21]",5398,A,47.4817,-52.7971
2021-05,Newfoundland and Labrador,"Mining, quarrying, and oil and gas extraction [21]",5334,A,47.4817,-52.7971
2021-06,Newfoundland and Labrador,"Mining, quarrying, and oil and gas extraction [21]",5280,A,47.4817,-52.7971
2021-07,Newfoundland and Labrador,"Mining, quarrying, and oil and gas extraction [21]",5544,A,47.4817,-52.7971
2021-08,Newfoundland and Labrador,"Mining, quarrying, and oil and gas extraction [21]",5526,A,47.4817,-52.7971
2021-09,Newfoundland and Labrador,"Mining, quarrying, and oil and gas extraction [21]",5432,A,47.4817,-52.7971
2021-10,Newfoundland and Labrador,"Mining, quarrying, and oil and gas extraction [21]",5546,A,47.4817,-52.7971
2021-11,Newfoundland and Labrador,"Mining, quarrying, and oil and gas extraction [21]",5663,A,47.4817,-52.7971
2021-12,Newfoundland and Labrador,"Mining, quarrying, and oil and gas extraction [21]",5582,A,47.4817,-52.7971
2022-01,Newfoundland and Labrador,"Mining, quarrying, and oil and gas extraction [21]",5542,B,47.4817,-52.7971
2022-02,Newfoundland and Labrador,"Mining, quarrying, and oil and gas extraction [21]",5203,A,47.4817,-52.7971
2022-03,Newfoundland and Labrador,"Mining, quarrying, and oil and gas extraction [21]",5344,A,47.4817,-52.7971
2022-04,Newfoundland and Labrador,"Mining, quarrying, and oil and gas extraction [21]",5318,B,47.4817,-52.7971
2022-05,Newfoundland and Labrador,"Mining, quarrying, and oil and gas extraction [21]",5530,A,47.4817,-52.7971
2022-06,Newfoundland and Labrador,"Mining, quarrying, and oil and gas extraction [21]",5832,B,47.4817,-52.7971
2022-07,Newfoundland and Labrador,"Mining, quarrying, and oil and gas extraction [21]",6008,B,47.4817,-52.7971
2022-08,Newfoundland and Labrador,"Mining, quarrying, and oil and gas extraction [21]",5737,A,47.4817,-52.7971
2022-09,Newfoundland and Labrador,"Mining, quarrying, and oil and gas extraction [21]",5727,A,47.4817,-52.7971
2022-10,Newfoundland and Labrador,"Mining, quarrying, and oil and gas extraction [21]",5315,B,47.4817,-52.7971
2022-11,Newfoundland and Labrador,"Mining, quarrying, and oil and gas extraction [21]",5126,A,47.4817,-52.7971
2022-12,Newfoundland and Labrador,"Mining, quarrying, and oil and gas extraction [21]",4980,A,47.4817,-52.7971
2023-01,Newfoundland and Labrador,"Mining, quarrying, and oil and gas extraction [21]",4966,B,47.4817,-52.7971
2023-02,Newfoundland and Labrador,"Mining, quarrying, and oil and gas extraction [21]",5715,A,47.4817,-52.7971
2023-03,Newfoundland and Labrador,"Mining, quarrying, and oil and gas extraction [21]",5725,B,47.4817,-52.7971
2023-04,Newfoundland and Labrador,"Mining, quarrying, and oil and gas extraction [21]",5574,A,47.4817,-52.7971
2023-05,Newfoundland and Labrador,"Mining, quarrying, and oil and gas extraction [21]",5710,B,47.4817,-52.7971
2023-06,Newfoundland and Labrador,"Mining, quarrying, and oil and gas extraction [21]",5580,A,47.4817,-52.7971
2023-07,Newfoundland and Labrador,"Mining, quarrying, and oil and gas extraction [21]",5528,A,47.4817,-52.7971
2023-08,Newfoundland and Labrador,"Mining, quarrying, and oil and gas extraction [21]",5182,B,47.4817,-52.7971
2023-09,Newfoundland and Labrador,"Mining, quarrying, and oil and gas extraction [21]",5198,B,47.4817,-52.7971
2023-10,Newfoundland and Labrador,"Mining, quarrying, and oil and gas extraction [21]",5155,B,47.4817,-52.7971
2023-11,Newfoundland and Labrador,"Mining, quarrying, and oil and gas extraction [21]",5255,B,47.4817,-52.7971
2023-12,Newfoundland and Labrador,"Mining, quarrying, and oil and gas extraction [21]",5159,B,47.4817,-52.7971
2024-01,Newfoundland and Labrador,"Mining, quarrying, and oil and gas extraction [21]",5099,B,47.4817,-52.7971
2024-02,Newfoundland and Labrador,"Mining, quarrying, and oil and gas extraction [21]",5094,C,47.4817,-52.7971
2018-01,Newfoundland and Labrador,"Utilities [22,221]",,x,47.4817,-52.7971
2018-02,Newfoundland and Labrador,"Utilities [22,221]",,x,47.4817,-52.7971
2018-03,Newfoundland and Labrador,"Utilities [22,221]",,x,47.4817,-52.7971
2018-04,Newfoundland and Labrador,"Utilities [22,221]",,x,47.4817,-52.7971
2018-05,Newfoundland and Labrador,"Utilities [22,221]",,x,47.4817,-52.7971
2018-06,Newfoundland and Labrador,"Utilities [22,221]",,x,47.4817,-52.7971
2018-07,Newfoundland and Labrador,"Utilities [22,221]",,x,47.4817,-52.7971
2018-08,Newfoundland and Labrador,"Utilities [22,221]",,x,47.4817,-52.7971
2018-09,Newfoundland and Labrador,"Utilities [22,221]",,x,47.4817,-52.7971
2018-10,Newfoundland and Labrador,"Utilities [22,221]",,x,47.4817,-52.7971
2018-11,Newfoundland and Labrador,"Utilities [22,221]",,x,47.4817,-52.7971
2018-12,Newfoundland and Labrador,"Utilities [22,221]",,x,47.4817,-52.7971
2019-01,Newfoundland and Labrador,"Utilities [22,221]",,x,47.4817,-52.7971
2019-02,Newfoundland and Labrador,"Utilities [22,221]",,x,47.4817,-52.7971
2019-03,Newfoundland and Labrador,"Utilities [22,221]",,x,47.4817,-52.7971
2019-04,Newfoundland and Labrador,"Utilities [22,221]",,x,47.4817,-52.7971
2019-05,Newfoundland and Labrador,"Utilities [22,221]",,x,47.4817,-52.7971
2019-06,Newfoundland and Labrador,"Utilities [22,221]",,x,47.4817,-52.7971
2019-07,Newfoundland and Labrador,"Utilities [22,221]",,x,47.4817,-52.7971
2019-08,Newfoundland and Labrador,"Utilities [22,221]",,x,47.4817,-52.7971
2019-09,Newfoundland and Labrador,"Utilities [22,221]",,x,47.4817,-52.7971
2019-10,Newfoundland and Labrador,"Utilities [22,221]",,x,47.4817,-52.7971
2019-11,Newfoundland and Labrador,"Utilities [22,221]",,x,47.4817,-52.7971
2019-12,Newfoundland and Labrador,"Utilities [22,221]",,x,47.4817,-52.7971
2020-01,Newfoundland and Labrador,"Utilities [22,221]",,x,47.4817,-52.7971
2020-02,Newfoundland and Labrador,"Utilities [22,221]",,x,47.4817,-52.7971
2020-03,Newfoundland and Labrador,"Utilities [22,221]",,x,47.4817,-52.7971
2020-04,Newfoundland and Labrador,"Utilities [22,221]",,x,47.4817,-52.7971
2020-05,Newfoundland and Labrador,"Utilities [22,221]",,x,47.4817,-52.7971
2020-06,Newfoundland and Labrador,"Utilities [22,221]",,x,47.4817,-52.7971
2020-07,Newfoundland and Labrador,"Utilities [22,221]",,x,47.4817,-52.7971
2020-08,Newfoundland and Labrador,"Utilities [22,221]",,x,47.4817,-52.7971
2020-09,Newfoundland and Labrador,"Utilities [22,221]",,x,47.4817,-52.7971
2020-10,Newfoundland and Labrador,"Utilities [22,221]",,x,47.4817,-52.7971
2020-11,Newfoundland and Labrador,"Utilities [22,221]",,x,47.4817,-52.7971
2020-12,Newfoundland and Labrador,"Utilities [22,221]",,x,47.4817,-52.7971
2021-01,Newfoundland and Labrador,"Utilities [22,221]",,x,47.4817,-52.7971
2021-02,Newfoundland and Labrador,"Utilities [22,221]",,x,47.4817,-52.7971
2021-03,Newfoundland and Labrador,"Utilities [22,221]",,x,47.4817,-52.7971
2021-04,Newfoundland and Labrador,"Utilities [22,221]",,x,47.4817,-52.7971
2021-05,Newfoundland and Labrador,"Utilities [22,221]",,x,47.4817,-52.7971
2021-06,Newfoundland and Labrador,"Utilities [22,221]",,x,47.4817,-52.7971
2021-07,Newfoundland and Labrador,"Utilities [22,221]",,x,47.4817,-52.7971
2021-08,Newfoundland and Labrador,"Utilities [22,221]",,x,47.4817,-52.7971
2021-09,Newfoundland and Labrador,"Utilities [22,221]",,x,47.4817,-52.7971
2021-10,Newfoundland and Labrador,"Utilities [22,221]",,x,47.4817,-52.7971
2021-11,Newfoundland and Labrador,"Utilities [22,221]",,x,47.4817,-52.7971
2021-12,Newfoundland and Labrador,"Utilities [22,221]",,x,47.4817,-52.7971
2022-01,Newfoundland and Labrador,"Utilities [22,221]",,x,47.4817,-52.7971
2022-02,Newfoundland and Labrador,"Utilities [22,221]",,x,47.4817,-52.7971
2022-03,Newfoundland and Labrador,"Utilities [22,221]",,x,47.4817,-52.7971
2022-04,Newfoundland and Labrador,"Utilities [22,221]",,x,47.4817,-52.7971
2022-05,Newfoundland and Labrador,"Utilities [22,221]",,x,47.4817,-52.7971
2022-06,Newfoundland and Labrador,"Utilities [22,221]",,x,47.4817,-52.7971
2022-07,Newfoundland and Labrador,"Utilities [22,221]",,x,47.4817,-52.7971
2022-08,Newfoundland and Labrador,"Utilities [22,221]",,x,47.4817,-52.7971
2022-09,Newfoundland and Labrador,"Utilities [22,221]",,x,47.4817,-52.7971
2022-10,Newfoundland and Labrador,"Utilities [22,221]",,x,47.4817,-52.7971
2022-11,Newfoundland and Labrador,"Utilities [22,221]",,x,47.4817,-52.7971
2022-12,Newfoundland and Labrador,"Utilities [22,221]",,x,47.4817,-52.7971
2023-01,Newfoundland and Labrador,"Utilities [22,221]",,x,47.4817,-52.7971
2023-02,Newfoundland and Labrador,"Utilities [22,221]",,x,47.4817,-52.7971
2023-03,Newfoundland and Labrador,"Utilities [22,221]",,x,47.4817,-52.7971
2023-04,Newfoundland and Labrador,"Utilities [22,221]",,x,47.4817,-52.7971
2023-05,Newfoundland and Labrador,"Utilities [22,221]",,x,47.4817,-52.7971
2023-06,Newfoundland and Labrador,"Utilities [22,221]",,x,47.4817,-52.7971
2023-07,Newfoundland and Labrador,"Utilities [22,221]",,x,47.4817,-52.7971
2023-08,Newfoundland and Labrador,"Utilities [22,221]",,x,47.4817,-52.7971
2023-09,Newfoundland and Labrador,"Utilities [22,221]",,x,47.4817,-52.7971
2023-10,Newfoundland and Labrador,"Utilities [22,221]",,x,47.4817,-52.7971
2023-11,Newfoundland and Labrador,"Utilities [22,221]",,x,47.4817,-52.7971
2023-12,Newfoundland and Labrador,"Utilities [22,221]",,x,47.4817,-52.7971
2024-01,Newfoundland and Labrador,"Utilities [22,221]",,x,47.4817,-52.7971
2024-02,Newfoundland and Labrador,"Utilities [22,221]",,x,47.4817,-52.7971
2018-01,Newfoundland and Labrador,Construction [23],12739,A,47.4817,-52.7971
2018-02,Newfoundland and Labrador,Construction [23],12805,A,47.4817,-52.7971
2018-03,Newfoundland and Labrador,Construction [23],12803,A,47.4817,-52.7971
2018-04,Newfoundland and Labrador,Construction [23],12954,A,47.4817,-52.7971
2018-05,Newfoundland and Labrador,Construction [23],14698,A,47.4817,-52.7971
2018-06,Newfoundland and Labrador,Construction [23],16844,A,47.4817,-52.7971
2018-07,Newfoundland and Labrador,Construction [23],17326,A,47.4817,-52.7971
2018-08,Newfoundland and Labrador,Construction [23],18006,A,47.4817,-52.7971
2018-09,Newfoundland and Labrador,Construction [23],18272,A,47.4817,-52.7971
2018-10,Newfoundland and Labrador,Construction [23],18650,A,47.4817,-52.7971
2018-11,Newfoundland and Labrador,Construction [23],17945,A,47.4817,-52.7971
2018-12,Newfoundland and Labrador,Construction [23],15380,A,47.4817,-52.7971
2019-01,Newfoundland and Labrador,Construction [23],13474,A,47.4817,-52.7971
2019-02,Newfoundland and Labrador,Construction [23],13929,A,47.4817,-52.7971
2019-03,Newfoundland and Labrador,Construction [23],14167,A,47.4817,-52.7971
2019-04,Newfoundland and Labrador,Construction [23],15180,A,47.4817,-52.7971
2019-05,Newfoundland and Labrador,Construction [23],16588,A,47.4817,-52.7971
2019-06,Newfoundland and Labrador,Construction [23],18184,A,47.4817,-52.7971
2019-07,Newfoundland and Labrador,Construction [23],18621,A,47.4817,-52.7971
2019-08,Newfoundland and Labrador,Construction [23],19440,A,47.4817,-52.7971
2019-09,Newfoundland and Labrador,Construction [23],19421,B,47.4817,-52.7971
2019-10,Newfoundland and Labrador,Construction [23],19600,A,47.4817,-52.7971
2019-11,Newfoundland and Labrador,Construction [23],17472,B,47.4817,-52.7971
2019-12,Newfoundland and Labrador,Construction [23],15499,B,47.4817,-52.7971
2020-01,Newfoundland and Labrador,Construction [23],12574,B,47.4817,-52.7971
2020-02,Newfoundland and Labrador,Construction [23],13025,B,47.4817,-52.7971
2020-03,Newfoundland and Labrador,Construction [23],12275,B,47.4817,-52.7971
2020-04,Newfoundland and Labrador,Construction [23],9545,B,47.4817,-52.7971
2020-05,Newfoundland and Labrador,Construction [23],10436,B,47.4817,-52.7971
2020-06,Newfoundland and Labrador,Construction [23],13074,B,47.4817,-52.7971
2020-07,Newfoundland and Labrador,Construction [23],14502,B,47.4817,-52.7971
2020-08,Newfoundland and Labrador,Construction [23],15014,B,47.4817,-52.7971
2020-09,Newfoundland and Labrador,Construction [23],15341,B,47.4817,-52.7971
2020-10,Newfoundland and Labrador,Construction [23],15831,B,47.4817,-52.7971
2020-11,Newfoundland and Labrador,Construction [23],15083,B,47.4817,-52.7971
2020-12,Newfoundland and Labrador,Construction [23],14123,B,47.4817,-52.7971
2021-01,Newfoundland and Labrador,Construction [23],12355,B,47.4817,-52.7971
2021-02,Newfoundland and Labrador,Construction [23],12064,B,47.4817,-52.7971
2021-03,Newfoundland and Labrador,Construction [23],12258,A,47.4817,-52.7971
2021-04,Newfoundland and Labrador,Construction [23],13115,B,47.4817,-52.7971
2021-05,Newfoundland and Labrador,Construction [23],14182,B,47.4817,-52.7971
2021-06,Newfoundland and Labrador,Construction [23],15515,B,47.4817,-52.7971
2021-07,Newfoundland and Labrador,Construction [23],16135,B,47.4817,-52.7971
2021-08,Newfoundland and Labrador,Construction [23],15971,A,47.4817,-52.7971
2021-09,Newfoundland and Labrador,Construction [23],16296,B,47.4817,-52.7971
2021-10,Newfoundland and Labrador,Construction [23],16054,B,47.4817,-52.7971
2021-11,Newfoundland and Labrador,Construction [23],15670,B,47.4817,-52.7971
2021-12,Newfoundland and Labrador,Construction [23],14595,B,47.4817,-52.7971
2022-01,Newfoundland and Labrador,Construction [23],12367,B,47.4817,-52.7971
2022-02,Newfoundland and Labrador,Construction [23],12652,B,47.4817,-52.7971
2022-03,Newfoundland and Labrador,Construction [23],12996,B,47.4817,-52.7971
2022-04,Newfoundland and Labrador,Construction [23],13759,B,47.4817,-52.7971
2022-05,Newfoundland and Labrador,Construction [23],14557,B,47.4817,-52.7971
2022-06,Newfoundland and Labrador,Construction [23],16005,B,47.4817,-52.7971
2022-07,Newfoundland and Labrador,Construction [23],16259,B,47.4817,-52.7971
2022-08,Newfoundland and Labrador,Construction [23],16226,B,47.4817,-52.7971
2022-09,Newfoundland and Labrador,Construction [23],16433,B,47.4817,-52.7971
2022-10,Newfoundland and Labrador,Construction [23],16269,B,47.4817,-52.7971
2022-11,Newfoundland and Labrador,Construction [23],15780,B,47.4817,-52.7971
2022-12,Newfoundland and Labrador,Construction [23],14924,B,47.4817,-52.7971
2023-01,Newfoundland and Labrador,Construction [23],13479,B,47.4817,-52.7971
2023-02,Newfoundland and Labrador,Construction [23],13711,B,47.4817,-52.7971
2023-03,Newfoundland and Labrador,Construction [23],14535,B,47.4817,-52.7971
2023-04,Newfoundland and Labrador,Construction [23],15003,B,47.4817,-52.7971
2023-05,Newfoundland and Labrador,Construction [23],16143,B,47.4817,-52.7971
2023-06,Newfoundland and Labrador,Construction [23],17386,B,47.4817,-52.7971
2023-07,Newfoundland and Labrador,Construction [23],17296,B,47.4817,-52.7971
2023-08,Newfoundland and Labrador,Construction [23],17455,B,47.4817,-52.7971
2023-09,Newfoundland and Labrador,Construction [23],17300,B,47.4817,-52.7971
2023-10,Newfoundland and Labrador,Construction [23],16963,B,47.4817,-52.7971
2023-11,Newfoundland and Labrador,Construction [23],16704,B,47.4817,-52.7971
2023-12,Newfoundland and Labrador,Construction [23],14911,B,47.4817,-52.7971
2024-01,Newfoundland and Labrador,Construction [23],12235,C,47.4817,-52.7971
2024-02,Newfoundland and Labrador,Construction [23],13290,B,47.4817,-52.7971
2018-01,Newfoundland and Labrador,Manufacturing [31-33],6566,A,47.4817,-52.7971
2018-02,Newfoundland and Labrador,Manufacturing [31-33],6784,A,47.4817,-52.7971
2018-03,Newfoundland and Labrador,Manufacturing [31-33],6808,A,47.4817,-52.7971
2018-04,Newfoundland and Labrador,Manufacturing [31-33],9525,C,47.4817,-52.7971
2018-05,Newfoundland and Labrador,Manufacturing [31-33],13426,A,47.4817,-52.7971
2018-06,Newfoundland and Labrador,Manufacturing [31-33],13864,A,47.4817,-52.7971
2018-07,Newfoundland and Labrador,Manufacturing [31-33],13392,A,47.4817,-52.7971
2018-08,Newfoundland and Labrador,Manufacturing [31-33],11634,A,47.4817,-52.7971
2018-09,Newfoundland and Labrador,Manufacturing [31-33],9836,A,47.4817,-52.7971
2018-10,Newfoundland and Labrador,Manufacturing [31-33],8851,A,47.4817,-52.7971
2018-11,Newfoundland and Labrador,Manufacturing [31-33],7781,A,47.4817,-52.7971
2018-12,Newfoundland and Labrador,Manufacturing [31-33],7836,A,47.4817,-52.7971
2019-01,Newfoundland and Labrador,Manufacturing [31-33],6561,A,47.4817,-52.7971
2019-02,Newfoundland and Labrador,Manufacturing [31-33],6895,A,47.4817,-52.7971
2019-03,Newfoundland and Labrador,Manufacturing [31-33],6856,A,47.4817,-52.7971
2019-04,Newfoundland and Labrador,Manufacturing [31-33],10099,D,47.4817,-52.7971
2019-05,Newfoundland and Labrador,Manufacturing [31-33],14104,A,47.4817,-52.7971
2019-06,Newfoundland and Labrador,Manufacturing [31-33],13133,A,47.4817,-52.7971
2019-07,Newfoundland and Labrador,Manufacturing [31-33],13143,A,47.4817,-52.7971
2019-08,Newfoundland and Labrador,Manufacturing [31-33],11802,A,47.4817,-52.7971
2019-09,Newfoundland and Labrador,Manufacturing [31-33],10922,B,47.4817,-52.7971
2019-10,Newfoundland and Labrador,Manufacturing [31-33],9361,B,47.4817,-52.7971
2019-11,Newfoundland and Labrador,Manufacturing [31-33],7741,B,47.4817,-52.7971
2019-12,Newfoundland and Labrador,Manufacturing [31-33],6961,A,47.4817,-52.7971
2020-01,Newfoundland and Labrador,Manufacturing [31-33],6220,B,47.4817,-52.7971
2020-02,Newfoundland and Labrador,Manufacturing [31-33],6270,B,47.4817,-52.7971
2020-03,Newfoundland and Labrador,Manufacturing [31-33],5950,B,47.4817,-52.7971
2020-04,Newfoundland and Labrador,Manufacturing [31-33],4912,B,47.4817,-52.7971
2020-05,Newfoundland and Labrador,Manufacturing [31-33],,F,47.4817,-52.7971
2020-06,Newfoundland and Labrador,Manufacturing [31-33],14486,B,47.4817,-52.7971
2020-07,Newfoundland and Labrador,Manufacturing [31-33],12897,B,47.4817,-52.7971
2020-08,Newfoundland and Labrador,Manufacturing [31-33],11590,B,47.4817,-52.7971
2020-09,Newfoundland and Labrador,Manufacturing [31-33],9192,B,47.4817,-52.7971
2020-10,Newfoundland and Labrador,Manufacturing [31-33],8345,B,47.4817,-52.7971
2020-11,Newfoundland and Labrador,Manufacturing [31-33],7425,B,47.4817,-52.7971
2020-12,Newfoundland and Labrador,Manufacturing [31-33],7252,B,47.4817,-52.7971
2021-01,Newfoundland and Labrador,Manufacturing [31-33],6258,B,47.4817,-52.7971
2021-02,Newfoundland and Labrador,Manufacturing [31-33],5919,B,47.4817,-52.7971
2021-03,Newfoundland and Labrador,Manufacturing [31-33],6273,A,47.4817,-52.7971
2021-04,Newfoundland and Labrador,Manufacturing [31-33],10477,D,47.4817,-52.7971
2021-05,Newfoundland and Labrador,Manufacturing [31-33],16267,C,47.4817,-52.7971
2021-06,Newfoundland and Labrador,Manufacturing [31-33],14724,B,47.4817,-52.7971
2021-07,Newfoundland and Labrador,Manufacturing [31-33],13929,A,47.4817,-52.7971
2021-08,Newfoundland and Labrador,Manufacturing [31-33],12271,C,47.4817,-52.7971
2021-09,Newfoundland and Labrador,Manufacturing [31-33],9581,B,47.4817,-52.7971
2021-10,Newfoundland and Labrador,Manufacturing [31-33],8535,A,47.4817,-52.7971
2021-11,Newfoundland and Labrador,Manufacturing [31-33],7648,B,47.4817,-52.7971
2021-12,Newfoundland and Labrador,Manufacturing [31-33],7468,B,47.4817,-52.7971
2022-01,Newfoundland and Labrador,Manufacturing [31-33],6611,B,47.4817,-52.7971
2022-02,Newfoundland and Labrador,Manufacturing [31-33],6524,B,47.4817,-52.7971
2022-03,Newfoundland and Labrador,Manufacturing [31-33],7021,B,47.4817,-52.7971
2022-04,Newfoundland and Labrador,Manufacturing [31-33],12807,D,47.4817,-52.7971
2022-05,Newfoundland and Labrador,Manufacturing [31-33],16022,C,47.4817,-52.7971
2022-06,Newfoundland and Labrador,Manufacturing [31-33],17323,C,47.4817,-52.7971
2022-07,Newfoundland and Labrador,Manufacturing [31-33],14715,B,47.4817,-52.7971
2022-08,Newfoundland and Labrador,Manufacturing [31-33],13964,B,47.4817,-52.7971
2022-09,Newfoundland and Labrador,Manufacturing [31-33],10515,C,47.4817,-52.7971
2022-10,Newfoundland and Labrador,Manufacturing [31-33],9643,B,47.4817,-52.7971
2022-11,Newfoundland and Labrador,Manufacturing [31-33],8547,B,47.4817,-52.7971
2022-12,Newfoundland and Labrador,Manufacturing [31-33],8195,B,47.4817,-52.7971
2023-01,Newfoundland and Labrador,Manufacturing [31-33],7357,B,47.4817,-52.7971
2023-02,Newfoundland and Labrador,Manufacturing [31-33],7277,B,47.4817,-52.7971
2023-03,Newfoundland and Labrador,Manufacturing [31-33],7451,B,47.4817,-52.7971
2023-04,Newfoundland and Labrador,Manufacturing [31-33],8522,C,47.4817,-52.7971
2023-05,Newfoundland and Labrador,Manufacturing [31-33],9723,B,47.4817,-52.7971
2023-06,Newfoundland and Labrador,Manufacturing [31-33],17088,B,47.4817,-52.7971
2023-07,Newfoundland and Labrador,Manufacturing [31-33],16711,B,47.4817,-52.7971
2023-08,Newfoundland and Labrador,Manufacturing [31-33],15244,B,47.4817,-52.7971
2023-09,Newfoundland and Labrador,Manufacturing [31-33],12613,B,47.4817,-52.7971
2023-10,Newfoundland and Labrador,Manufacturing [31-33],9380,C,47.4817,-52.7971
2023-11,Newfoundland and Labrador,Manufacturing [31-33],8178,B,47.4817,-52.7971
2023-12,Newfoundland and Labrador,Manufacturing [31-33],7910,B,47.4817,-52.7971
2024-01,Newfoundland and Labrador,Manufacturing [31-33],7413,B,47.4817,-52.7971
2024-02,Newfoundland and Labrador,Manufacturing [31-33],7172,B,47.4817,-52.7971
2018-01,Newfoundland and Labrador,Trade [41-45N],35789,A,47.4817,-52.7971
2018-02,Newfoundland and Labrador,Trade [41-45N],34955,A,47.4817,-52.7971
2018-03,Newfoundland and Labrador,Trade [41-45N],35239,A,47.4817,-52.7971
2018-04,Newfoundland and Labrador,Trade [41-45N],35521,A,47.4817,-52.7971
2018-05,Newfoundland and Labrador,Trade [41-45N],37144,A,47.4817,-52.7971
2018-06,Newfoundland and Labrador,Trade [41-45N],37928,A,47.4817,-52.7971
2018-07,Newfoundland and Labrador,Trade [41-45N],38185,A,47.4817,-52.7971
2018-08,Newfoundland and Labrador,Trade [41-45N],37977,A,47.4817,-52.7971
2018-09,Newfoundland and Labrador,Trade [41-45N],37404,A,47.4817,-52.7971
2018-10,Newfoundland and Labrador,Trade [41-45N],36875,A,47.4817,-52.7971
2018-11,Newfoundland and Labrador,Trade [41-45N],37429,A,47.4817,-52.7971
2018-12,Newfoundland and Labrador,Trade [41-45N],37564,A,47.4817,-52.7971
2019-01,Newfoundland and Labrador,Trade [41-45N],35758,A,47.4817,-52.7971
2019-02,Newfoundland and Labrador,Trade [41-45N],35643,A,47.4817,-52.7971
2019-03,Newfoundland and Labrador,Trade [41-45N],35544,A,47.4817,-52.7971
2019-04,Newfoundland and Labrador,Trade [41-45N],36150,A,47.4817,-52.7971
2019-05,Newfoundland and Labrador,Trade [41-45N],37395,A,47.4817,-52.7971
2019-06,Newfoundland and Labrador,Trade [41-45N],38204,A,47.4817,-52.7971
2019-07,Newfoundland and Labrador,Trade [41-45N],38553,A,47.4817,-52.7971
2019-08,Newfoundland and Labrador,Trade [41-45N],38386,A,47.4817,-52.7971
2019-09,Newfoundland and Labrador,Trade [41-45N],37495,B,47.4817,-52.7971
2019-10,Newfoundland and Labrador,Trade [41-45N],37147,B,47.4817,-52.7971
2019-11,Newfoundland and Labrador,Trade [41-45N],37240,B,47.4817,-52.7971
2019-12,Newfoundland and Labrador,Trade [41-45N],37563,B,47.4817,-52.7971
2020-01,Newfoundland and Labrador,Trade [41-45N],36147,B,47.4817,-52.7971
2020-02,Newfoundland and Labrador,Trade [41-45N],35584,B,47.4817,-52.7971
2020-03,Newfoundland and Labrador,Trade [41-45N],33224,B,47.4817,-52.7971
2020-04,Newfoundland and Labrador,Trade [41-45N],29248,B,47.4817,-52.7971
2020-05,Newfoundland and Labrador,Trade [41-45N],31008,B,47.4817,-52.7971
2020-06,Newfoundland and Labrador,Trade [41-45N],34272,B,47.4817,-52.7971
2020-07,Newfoundland and Labrador,Trade [41-45N],36125,B,47.4817,-52.7971
2020-08,Newfoundland and Labrador,Trade [41-45N],35993,B,47.4817,-52.7971
2020-09,Newfoundland and Labrador,Trade [41-45N],36140,B,47.4817,-52.7971
2020-10,Newfoundland and Labrador,Trade [41-45N],36305,B,47.4817,-52.7971
2020-11,Newfoundland and Labrador,Trade [41-45N],36352,B,47.4817,-52.7971
2020-12,Newfoundland and Labrador,Trade [41-45N],36838,B,47.4817,-52.7971
2021-01,Newfoundland and Labrador,Trade [41-45N],35085,B,47.4817,-52.7971
2021-02,Newfoundland and Labrador,Trade [41-45N],33838,A,47.4817,-52.7971
2021-03,Newfoundland and Labrador,Trade [41-45N],33705,A,47.4817,-52.7971
2021-04,Newfoundland and Labrador,Trade [41-45N],34830,A,47.4817,-52.7971
2021-05,Newfoundland and Labrador,Trade [41-45N],36286,B,47.4817,-52.7971
2021-06,Newfoundland and Labrador,Trade [41-45N],37584,B,47.4817,-52.7971
2021-07,Newfoundland and Labrador,Trade [41-45N],37889,B,47.4817,-52.7971
2021-08,Newfoundland and Labrador,Trade [41-45N],37224,B,47.4817,-52.7971
2021-09,Newfoundland and Labrador,Trade [41-45N],36997,A,47.4817,-52.7971
2021-10,Newfoundland and Labrador,Trade [41-45N],36644,B,47.4817,-52.7971
2021-11,Newfoundland and Labrador,Trade [41-45N],36958,B,47.4817,-52.7971
2021-12,Newfoundland and Labrador,Trade [41-45N],37595,A,47.4817,-52.7971
2022-01,Newfoundland and Labrador,Trade [41-45N],36053,A,47.4817,-52.7971
2022-02,Newfoundland and Labrador,Trade [41-45N],35417,A,47.4817,-52.7971
2022-03,Newfoundland and Labrador,Trade [41-45N],35252,B,47.4817,-52.7971
2022-04,Newfoundland and Labrador,Trade [41-45N],36279,B,47.4817,-52.7971
2022-05,Newfoundland and Labrador,Trade [41-45N],37607,A,47.4817,-52.7971
2022-06,Newfoundland and Labrador,Trade [41-45N],38586,B,47.4817,-52.7971
2022-07,Newfoundland and Labrador,Trade [41-45N],38679,B,47.4817,-52.7971
2022-08,Newfoundland and Labrador,Trade [41-45N],38022,B,47.4817,-52.7971
2022-09,Newfoundland and Labrador,Trade [41-45N],37401,A,47.4817,-52.7971
2022-10,Newfoundland and Labrador,Trade [41-45N],36938,B,47.4817,-52.7971
2022-11,Newfoundland and Labrador,Trade [41-45N],36716,B,47.4817,-52.7971
2022-12,Newfoundland and Labrador,Trade [41-45N],37476,B,47.4817,-52.7971
2023-01,Newfoundland and Labrador,Trade [41-45N],36430,B,47.4817,-52.7971
2023-02,Newfoundland and Labrador,Trade [41-45N],35610,B,47.4817,-52.7971
2023-03,Newfoundland and Labrador,Trade [41-45N],35578,B,47.4817,-52.7971
2023-04,Newfoundland and Labrador,Trade [41-45N],36529,B,47.4817,-52.7971
2023-05,Newfoundland and Labrador,Trade [41-45N],37572,B,47.4817,-52.7971
2023-06,Newfoundland and Labrador,Trade [41-45N],39049,B,47.4817,-52.7971
2023-07,Newfoundland and Labrador,Trade [41-45N],39265,B,47.4817,-52.7971
2023-08,Newfoundland and Labrador,Trade [41-45N],38756,B,47.4817,-52.7971
2023-09,Newfoundland and Labrador,Trade [41-45N],38068,A,47.4817,-52.7971
2023-10,Newfoundland and Labrador,Trade [41-45N],37388,B,47.4817,-52.7971
2023-11,Newfoundland and Labrador,Trade [41-45N],37291,B,47.4817,-52.7971
2023-12,Newfoundland and Labrador,Trade [41-45N],37071,B,47.4817,-52.7971
2024-01,Newfoundland and Labrador,Trade [41-45N],35832,B,47.4817,-52.7971
2024-02,Newfoundland and Labrador,Trade [41-45N],35045,B,47.4817,-52.7971
2018-01,Newfoundland and Labrador,Transportation and warehousing [48-49],10826,A,47.4817,-52.7971
2018-02,Newfoundland and Labrador,Transportation and warehousing [48-49],9630,A,47.4817,-52.7971
2018-03,Newfoundland and Labrador,Transportation and warehousing [48-49],9659,A,47.4817,-52.7971
2018-04,Newfoundland and Labrador,Transportation and warehousing [48-49],9814,A,47.4817,-52.7971
2018-05,Newfoundland and Labrador,Transportation and warehousing [48-49],10148,A,47.4817,-52.7971
2018-06,Newfoundland and Labrador,Transportation and warehousing [48-49],10551,A,47.4817,-52.7971
2018-07,Newfoundland and Labrador,Transportation and warehousing [48-49],10084,A,47.4817,-52.7971
2018-08,Newfoundland and Labrador,Transportation and warehousing [48-49],10490,A,47.4817,-52.7971
2018-09,Newfoundland and Labrador,Transportation and warehousing [48-49],10586,A,47.4817,-52.7971
2018-10,Newfoundland and Labrador,Transportation and warehousing [48-49],10179,A,47.4817,-52.7971
2018-11,Newfoundland and Labrador,Transportation and warehousing [48-49],10124,A,47.4817,-52.7971
2018-12,Newfoundland and Labrador,Transportation and warehousing [48-49],9755,A,47.4817,-52.7971
2019-01,Newfoundland and Labrador,Transportation and warehousing [48-49],9774,A,47.4817,-52.7971
2019-02,Newfoundland and Labrador,Transportation and warehousing [48-49],9830,A,47.4817,-52.7971
2019-03,Newfoundland and Labrador,Transportation and warehousing [48-49],9729,A,47.4817,-52.7971
2019-04,Newfoundland and Labrador,Transportation and warehousing [48-49],9647,A,47.4817,-52.7971
2019-05,Newfoundland and Labrador,Transportation and warehousing [48-49],10020,A,47.4817,-52.7971
2019-06,Newfoundland and Labrador,Transportation and warehousing [48-49],10249,A,47.4817,-52.7971
2019-07,Newfoundland and Labrador,Transportation and warehousing [48-49],10013,A,47.4817,-52.7971
2019-08,Newfoundland and Labrador,Transportation and warehousing [48-49],9732,A,47.4817,-52.7971
2019-09,Newfoundland and Labrador,Transportation and warehousing [48-49],9938,B,47.4817,-52.7971
2019-10,Newfoundland and Labrador,Transportation and warehousing [48-49],10691,B,47.4817,-52.7971
2019-11,Newfoundland and Labrador,Transportation and warehousing [48-49],9856,B,47.4817,-52.7971
2019-12,Newfoundland and Labrador,Transportation and warehousing [48-49],9611,B,47.4817,-52.7971
2020-01,Newfoundland and Labrador,Transportation and warehousing [48-49],9497,B,47.4817,-52.7971
2020-02,Newfoundland and Labrador,Transportation and warehousing [48-49],9175,B,47.4817,-52.7971
2020-03,Newfoundland and Labrador,Transportation and warehousing [48-49],8741,B,47.4817,-52.7971
2020-04,Newfoundland and Labrador,Transportation and warehousing [48-49],8461,B,47.4817,-52.7971
2020-05,Newfoundland and Labrador,Transportation and warehousing [48-49],8644,B,47.4817,-52.7971
2020-06,Newfoundland and Labrador,Transportation and warehousing [48-49],9009,B,47.4817,-52.7971
2020-07,Newfoundland and Labrador,Transportation and warehousing [48-49],8745,B,47.4817,-52.7971
2020-08,Newfoundland and Labrador,Transportation and warehousing [48-49],9189,B,47.4817,-52.7971
2020-09,Newfoundland and Labrador,Transportation and warehousing [48-49],9671,B,47.4817,-52.7971
2020-10,Newfoundland and Labrador,Transportation and warehousing [48-49],9689,B,47.4817,-52.7971
2020-11,Newfoundland and Labrador,Transportation and warehousing [48-49],9652,B,47.4817,-52.7971
2020-12,Newfoundland and Labrador,Transportation and warehousing [48-49],9131,B,47.4817,-52.7971
2021-01,Newfoundland and Labrador,Transportation and warehousing [48-49],9180,B,47.4817,-52.7971
2021-02,Newfoundland and Labrador,Transportation and warehousing [48-49],9031,B,47.4817,-52.7971
2021-03,Newfoundland and Labrador,Transportation and warehousing [48-49],8998,B,47.4817,-52.7971
2021-04,Newfoundland and Labrador,Transportation and warehousing [48-49],9220,B,47.4817,-52.7971
2021-05,Newfoundland and Labrador,Transportation and warehousing [48-49],9495,B,47.4817,-52.7971
2021-06,Newfoundland and Labrador,Transportation and warehousing [48-49],9755,B,47.4817,-52.7971
2021-07,Newfoundland and Labrador,Transportation and warehousing [48-49],9412,B,47.4817,-52.7971
2021-08,Newfoundland and Labrador,Transportation and warehousing [48-49],9345,B,47.4817,-52.7971
2021-09,Newfoundland and Labrador,Transportation and warehousing [48-49],9717,B,47.4817,-52.7971
2021-10,Newfoundland and Labrador,Transportation and warehousing [48-49],9054,B,47.4817,-52.7971
2021-11,Newfoundland and Labrador,Transportation and warehousing [48-49],8927,B,47.4817,-52.7971
2021-12,Newfoundland and Labrador,Transportation and warehousing [48-49],8852,B,47.4817,-52.7971
2022-01,Newfoundland and Labrador,Transportation and warehousing [48-49],8440,B,47.4817,-52.7971
2022-02,Newfoundland and Labrador,Transportation and warehousing [48-49],8487,B,47.4817,-52.7971
2022-03,Newfoundland and Labrador,Transportation and warehousing [48-49],9125,B,47.4817,-52.7971
2022-04,Newfoundland and Labrador,Transportation and warehousing [48-49],9533,B,47.4817,-52.7971
2022-05,Newfoundland and Labrador,Transportation and warehousing [48-49],9749,B,47.4817,-52.7971
2022-06,Newfoundland and Labrador,Transportation and warehousing [48-49],10049,B,47.4817,-52.7971
2022-07,Newfoundland and Labrador,Transportation and warehousing [48-49],10165,C,47.4817,-52.7971
2022-08,Newfoundland and Labrador,Transportation and warehousing [48-49],9835,A,47.4817,-52.7971
2022-09,Newfoundland and Labrador,Transportation and warehousing [48-49],10093,B,47.4817,-52.7971
2022-10,Newfoundland and Labrador,Transportation and warehousing [48-49],9921,B,47.4817,-52.7971
2022-11,Newfoundland and Labrador,Transportation and warehousing [48-49],9835,B,47.4817,-52.7971
2022-12,Newfoundland and Labrador,Transportation and warehousing [48-49],10015,B,47.4817,-52.7971
2023-01,Newfoundland and Labrador,Transportation and warehousing [48-49],9636,B,47.4817,-52.7971
2023-02,Newfoundland and Labrador,Transportation and warehousing [48-49],9569,B,47.4817,-52.7971
2023-03,Newfoundland and Labrador,Transportation and warehousing [48-49],9785,B,47.4817,-52.7971
2023-04,Newfoundland and Labrador,Transportation and warehousing [48-49],9824,B,47.4817,-52.7971
2023-05,Newfoundland and Labrador,Transportation and warehousing [48-49],10010,B,47.4817,-52.7971
2023-06,Newfoundland and Labrador,Transportation and warehousing [48-49],10375,B,47.4817,-52.7971
2023-07,Newfoundland and Labrador,Transportation and warehousing [48-49],9950,B,47.4817,-52.7971
2023-08,Newfoundland and Labrador,Transportation and warehousing [48-49],10124,B,47.4817,-52.7971
2023-09,Newfoundland and Labrador,Transportation and warehousing [48-49],10224,B,47.4817,-52.7971
2023-10,Newfoundland and Labrador,Transportation and warehousing [48-49],10196,A,47.4817,-52.7971
2023-11,Newfoundland and Labrador,Transportation and warehousing [48-49],10020,B,47.4817,-52.7971
2023-12,Newfoundland and Labrador,Transportation and warehousing [48-49],9965,B,47.4817,-52.7971
2024-01,Newfoundland and Labrador,Transportation and warehousing [48-49],9645,B,47.4817,-52.7971
2024-02,Newfoundland and Labrador,Transportation and warehousing [48-49],9565,B,47.4817,-52.7971
2018-01,Newfoundland and Labrador,Information and cultural industries [51],4922,A,47.4817,-52.7971
2018-02,Newfoundland and Labrador,Information and cultural industries [51],5152,A,47.4817,-52.7971
2018-03,Newfoundland and Labrador,Information and cultural industries [51],5092,A,47.4817,-52.7971
2018-04,Newfoundland and Labrador,Information and cultural industries [51],5007,A,47.4817,-52.7971
2018-05,Newfoundland and Labrador,Information and cultural industries [51],4982,A,47.4817,-52.7971
2018-06,Newfoundland and Labrador,Information and cultural industries [51],5313,A,47.4817,-52.7971
2018-07,Newfoundland and Labrador,Information and cultural industries [51],5296,A,47.4817,-52.7971
2018-08,Newfoundland and Labrador,Information and cultural industries [51],5306,A,47.4817,-52.7971
2018-09,Newfoundland and Labrador,Information and cultural industries [51],5248,B,47.4817,-52.7971
2018-10,Newfoundland and Labrador,Information and cultural industries [51],5210,A,47.4817,-52.7971
2018-11,Newfoundland and Labrador,Information and cultural industries [51],5220,A,47.4817,-52.7971
2018-12,Newfoundland and Labrador,Information and cultural industries [51],5152,A,47.4817,-52.7971
2019-01,Newfoundland and Labrador,Information and cultural industries [51],5177,A,47.4817,-52.7971
2019-02,Newfoundland and Labrador,Information and cultural industries [51],5054,A,47.4817,-52.7971
2019-03,Newfoundland and Labrador,Information and cultural industries [51],4991,A,47.4817,-52.7971
2019-04,Newfoundland and Labrador,Information and cultural industries [51],4947,A,47.4817,-52.7971
2019-05,Newfoundland and Labrador,Information and cultural industries [51],4957,A,47.4817,-52.7971
2019-06,Newfoundland and Labrador,Information and cultural industries [51],5047,A,47.4817,-52.7971
2019-07,Newfoundland and Labrador,Information and cultural industries [51],5042,A,47.4817,-52.7971
2019-08,Newfoundland and Labrador,Information and cultural industries [51],5034,A,47.4817,-52.7971
2019-09,Newfoundland and Labrador,Information and cultural industries [51],4984,A,47.4817,-52.7971
2019-10,Newfoundland and Labrador,Information and cultural industries [51],4950,B,47.4817,-52.7971
2019-11,Newfoundland and Labrador,Information and cultural industries [51],4952,B,47.4817,-52.7971
2019-12,Newfoundland and Labrador,Information and cultural industries [51],4892,A,47.4817,-52.7971
2020-01,Newfoundland and Labrador,Information and cultural industries [51],4848,B,47.4817,-52.7971
2020-02,Newfoundland and Labrador,Information and cultural industries [51],4794,B,47.4817,-52.7971
2020-03,Newfoundland and Labrador,Information and cultural industries [51],4619,B,47.4817,-52.7971
2020-04,Newfoundland and Labrador,Information and cultural industries [51],4499,B,47.4817,-52.7971
2020-05,Newfoundland and Labrador,Information and cultural industries [51],4367,B,47.4817,-52.7971
2020-06,Newfoundland and Labrador,Information and cultural industries [51],4411,A,47.4817,-52.7971
2020-07,Newfoundland and Labrador,Information and cultural industries [51],4472,B,47.4817,-52.7971
2020-08,Newfoundland and Labrador,Information and cultural industries [51],4508,A,47.4817,-52.7971
2020-09,Newfoundland and Labrador,Information and cultural industries [51],4538,A,47.4817,-52.7971
2020-10,Newfoundland and Labrador,Information and cultural industries [51],4567,A,47.4817,-52.7971
2020-11,Newfoundland and Labrador,Information and cultural industries [51],4212,B,47.4817,-52.7971
2020-12,Newfoundland and Labrador,Information and cultural industries [51],4448,B,47.4817,-52.7971
2021-01,Newfoundland and Labrador,Information and cultural industries [51],4497,B,47.4817,-52.7971
2021-02,Newfoundland and Labrador,Information and cultural industries [51],4403,A,47.4817,-52.7971
2021-03,Newfoundland and Labrador,Information and cultural industries [51],4424,A,47.4817,-52.7971
2021-04,Newfoundland and Labrador,Information and cultural industries [51],4702,A,47.4817,-52.7971
2021-05,Newfoundland and Labrador,Information and cultural industries [51],4836,A,47.4817,-52.7971
2021-06,Newfoundland and Labrador,Information and cultural industries [51],5018,B,47.4817,-52.7971
2021-07,Newfoundland and Labrador,Information and cultural industries [51],5123,A,47.4817,-52.7971
2021-08,Newfoundland and Labrador,Information and cultural industries [51],5162,A,47.4817,-52.7971
2021-09,Newfoundland and Labrador,Information and cultural industries [51],4893,C,47.4817,-52.7971
2021-10,Newfoundland and Labrador,Information and cultural industries [51],4866,B,47.4817,-52.7971
2021-11,Newfoundland and Labrador,Information and cultural industries [51],4781,A,47.4817,-52.7971
2021-12,Newfoundland and Labrador,Information and cultural industries [51],4780,A,47.4817,-52.7971
2022-01,Newfoundland and Labrador,Information and cultural industries [51],4793,A,47.4817,-52.7971
2022-02,Newfoundland and Labrador,Information and cultural industries [51],4737,A,47.4817,-52.7971
2022-03,Newfoundland and Labrador,Information and cultural industries [51],4730,A,47.4817,-52.7971
2022-04,Newfoundland and Labrador,Information and cultural industries [51],4790,A,47.4817,-52.7971
2022-05,Newfoundland and Labrador,Information and cultural industries [51],4813,A,47.4817,-52.7971
2022-06,Newfoundland and Labrador,Information and cultural industries [51],4869,B,47.4817,-52.7971
2022-07,Newfoundland and Labrador,Information and cultural industries [51],4903,B,47.4817,-52.7971
2022-08,Newfoundland and Labrador,Information and cultural industries [51],4863,A,47.4817,-52.7971
2022-09,Newfoundland and Labrador,Information and cultural industries [51],4834,A,47.4817,-52.7971
2022-10,Newfoundland and Labrador,Information and cultural industries [51],4742,A,47.4817,-52.7971
2022-11,Newfoundland and Labrador,Information and cultural industries [51],4769,A,47.4817,-52.7971
2022-12,Newfoundland and Labrador,Information and cultural industries [51],4796,A,47.4817,-52.7971
2023-01,Newfoundland and Labrador,Information and cultural industries [51],4794,A,47.4817,-52.7971
2023-02,Newfoundland and Labrador,Information and cultural industries [51],4759,B,47.4817,-52.7971
2023-03,Newfoundland and Labrador,Information and cultural industries [51],4693,B,47.4817,-52.7971
2023-04,Newfoundland and Labrador,Information and cultural industries [51],4666,B,47.4817,-52.7971
2023-05,Newfoundland and Labrador,Information and cultural industries [51],4834,B,47.4817,-52.7971
2023-06,Newfoundland and Labrador,Information and cultural industries [51],4759,B,47.4817,-52.7971
2023-07,Newfoundland and Labrador,Information and cultural industries [51],4769,B,47.4817,-52.7971
2023-08,Newfoundland and Labrador,Information and cultural industries [51],4784,B,47.4817,-52.7971
2023-09,Newfoundland and Labrador,Information and cultural industries [51],4858,B,47.4817,-52.7971
2023-10,Newfoundland and Labrador,Information and cultural industries [51],4734,B,47.4817,-52.7971
2023-11,Newfoundland and Labrador,Information and cultural industries [51],4668,B,47.4817,-52.7971
2023-12,Newfoundland and Labrador,Information and cultural industries [51],4631,A,47.4817,-52.7971
2024-01,Newfoundland and Labrador,Information and cultural industries [51],4570,B,47.4817,-52.7971
2024-02,Newfoundland and Labrador,Information and cultural industries [51],4539,B,47.4817,-52.7971
2018-01,Newfoundland and Labrador,Finance and insurance [52],6880,B,47.4817,-52.7971
2018-02,Newfoundland and Labrador,Finance and insurance [52],6839,A,47.4817,-52.7971
2018-03,Newfoundland and Labrador,Finance and insurance [52],6834,A,47.4817,-52.7971
2018-04,Newfoundland and Labrador,Finance and insurance [52],6857,A,47.4817,-52.7971
2018-05,Newfoundland and Labrador,Finance and insurance [52],6890,A,47.4817,-52.7971
2018-06,Newfoundland and Labrador,Finance and insurance [52],6990,A,47.4817,-52.7971
2018-07,Newfoundland and Labrador,Finance and insurance [52],6989,A,47.4817,-52.7971
2018-08,Newfoundland and Labrador,Finance and insurance [52],7021,A,47.4817,-52.7971
2018-09,Newfoundland and Labrador,Finance and insurance [52],6960,A,47.4817,-52.7971
2018-10,Newfoundland and Labrador,Finance and insurance [52],6890,A,47.4817,-52.7971
2018-11,Newfoundland and Labrador,Finance and insurance [52],6870,A,47.4817,-52.7971
2018-12,Newfoundland and Labrador,Finance and insurance [52],6969,A,47.4817,-52.7971
2019-01,Newfoundland and Labrador,Finance and insurance [52],6781,A,47.4817,-52.7971
2019-02,Newfoundland and Labrador,Finance and insurance [52],6762,A,47.4817,-52.7971
2019-03,Newfoundland and Labrador,Finance and insurance [52],6703,A,47.4817,-52.7971
2019-04,Newfoundland and Labrador,Finance and insurance [52],6807,A,47.4817,-52.7971
2019-05,Newfoundland and Labrador,Finance and insurance [52],6765,A,47.4817,-52.7971
2019-06,Newfoundland and Labrador,Finance and insurance [52],7015,A,47.4817,-52.7971
2019-07,Newfoundland and Labrador,Finance and insurance [52],7018,A,47.4817,-52.7971
2019-08,Newfoundland and Labrador,Finance and insurance [52],7001,A,47.4817,-52.7971
2019-09,Newfoundland and Labrador,Finance and insurance [52],7016,A,47.4817,-52.7971
2019-10,Newfoundland and Labrador,Finance and insurance [52],6966,A,47.4817,-52.7971
2019-11,Newfoundland and Labrador,Finance and insurance [52],6947,A,47.4817,-52.7971
2019-12,Newfoundland and Labrador,Finance and insurance [52],7073,A,47.4817,-52.7971
2020-01,Newfoundland and Labrador,Finance and insurance [52],6994,B,47.4817,-52.7971
2020-02,Newfoundland and Labrador,Finance and insurance [52],6959,A,47.4817,-52.7971
2020-03,Newfoundland and Labrador,Finance and insurance [52],6964,A,47.4817,-52.7971
2020-04,Newfoundland and Labrador,Finance and insurance [52],6819,B,47.4817,-52.7971
2020-05,Newfoundland and Labrador,Finance and insurance [52],6743,B,47.4817,-52.7971
2020-06,Newfoundland and Labrador,Finance and insurance [52],6812,B,47.4817,-52.7971
2020-07,Newfoundland and Labrador,Finance and insurance [52],6915,A,47.4817,-52.7971
2020-08,Newfoundland and Labrador,Finance and insurance [52],6925,B,47.4817,-52.7971
2020-09,Newfoundland and Labrador,Finance and insurance [52],6929,A,47.4817,-52.7971
2020-10,Newfoundland and Labrador,Finance and insurance [52],6921,A,47.4817,-52.7971
2020-11,Newfoundland and Labrador,Finance and insurance [52],6936,A,47.4817,-52.7971
2020-12,Newfoundland and Labrador,Finance and insurance [52],6938,A,47.4817,-52.7971
2021-01,Newfoundland and Labrador,Finance and insurance [52],6869,B,47.4817,-52.7971
2021-02,Newfoundland and Labrador,Finance and insurance [52],7263,A,47.4817,-52.7971
2021-03,Newfoundland and Labrador,Finance and insurance [52],7561,A,47.4817,-52.7971
2021-04,Newfoundland and Labrador,Finance and insurance [52],7601,A,47.4817,-52.7971
2021-05,Newfoundland and Labrador,Finance and insurance [52],7676,A,47.4817,-52.7971
2021-06,Newfoundland and Labrador,Finance and insurance [52],7863,A,47.4817,-52.7971
2021-07,Newfoundland and Labrador,Finance and insurance [52],7330,A,47.4817,-52.7971
2021-08,Newfoundland and Labrador,Finance and insurance [52],7278,B,47.4817,-52.7971
2021-09,Newfoundland and Labrador,Finance and insurance [52],7484,A,47.4817,-52.7971
2021-10,Newfoundland and Labrador,Finance and insurance [52],7504,B,47.4817,-52.7971
2021-11,Newfoundland and Labrador,Finance and insurance [52],7330,B,47.4817,-52.7971
2021-12,Newfoundland and Labrador,Finance and insurance [52],7531,A,47.4817,-52.7971
2022-01,Newfoundland and Labrador,Finance and insurance [52],7459,A,47.4817,-52.7971
2022-02,Newfoundland and Labrador,Finance and insurance [52],7419,A,47.4817,-52.7971
2022-03,Newfoundland and Labrador,Finance and insurance [52],7527,A,47.4817,-52.7971
2022-04,Newfoundland and Labrador,Finance and insurance [52],7582,A,47.4817,-52.7971
2022-05,Newfoundland and Labrador,Finance and insurance [52],7718,A,47.4817,-52.7971
2022-06,Newfoundland and Labrador,Finance and insurance [52],7950,B,47.4817,-52.7971
2022-07,Newfoundland and Labrador,Finance and insurance [52],7932,B,47.4817,-52.7971
2022-08,Newfoundland and Labrador,Finance and insurance [52],7937,A,47.4817,-52.7971
2022-09,Newfoundland and Labrador,Finance and insurance [52],7941,B,47.4817,-52.7971
2022-10,Newfoundland and Labrador,Finance and insurance [52],7958,A,47.4817,-52.7971
2022-11,Newfoundland and Labrador,Finance and insurance [52],8043,A,47.4817,-52.7971
2022-12,Newfoundland and Labrador,Finance and insurance [52],8101,A,47.4817,-52.7971
2023-01,Newfoundland and Labrador,Finance and insurance [52],7954,B,47.4817,-52.7971
2023-02,Newfoundland and Labrador,Finance and insurance [52],7921,A,47.4817,-52.7971
2023-03,Newfoundland and Labrador,Finance and insurance [52],7950,B,47.4817,-52.7971
2023-04,Newfoundland and Labrador,Finance and insurance [52],7847,A,47.4817,-52.7971
2023-05,Newfoundland and Labrador,Finance and insurance [52],7995,A,47.4817,-52.7971
2023-06,Newfoundland and Labrador,Finance and insurance [52],7870,A,47.4817,-52.7971
2023-07,Newfoundland and Labrador,Finance and insurance [52],7900,A,47.4817,-52.7971
2023-08,Newfoundland and Labrador,Finance and insurance [52],8106,A,47.4817,-52.7971
2023-09,Newfoundland and Labrador,Finance and insurance [52],8029,A,47.4817,-52.7971
2023-10,Newfoundland and Labrador,Finance and insurance [52],7938,A,47.4817,-52.7971
2023-11,Newfoundland and Labrador,Finance and insurance [52],8084,A,47.4817,-52.7971
2023-12,Newfoundland and Labrador,Finance and insurance [52],7357,A,47.4817,-52.7971
2024-01,Newfoundland and Labrador,Finance and insurance [52],7394,B,47.4817,-52.7971
2024-02,Newfoundland and Labrador,Finance and insurance [52],7316,A,47.4817,-52.7971
2018-01,Newfoundland and Labrador,Real estate and rental and leasing [53],2381,A,47.4817,-52.7971
2018-02,Newfoundland and Labrador,Real estate and rental and leasing [53],2323,A,47.4817,-52.7971
2018-03,Newfoundland and Labrador,Real estate and rental and leasing [53],2340,A,47.4817,-52.7971
2018-04,Newfoundland and Labrador,Real estate and rental and leasing [53],2156,A,47.4817,-52.7971
2018-05,Newfoundland and Labrador,Real estate and rental and leasing [53],2516,A,47.4817,-52.7971
2018-06,Newfoundland and Labrador,Real estate and rental and leasing [53],2665,A,47.4817,-52.7971
2018-07,Newfoundland and Labrador,Real estate and rental and leasing [53],2686,A,47.4817,-52.7971
2018-08,Newfoundland and Labrador,Real estate and rental and leasing [53],2723,A,47.4817,-52.7971
2018-09,Newfoundland and Labrador,Real estate and rental and leasing [53],2706,A,47.4817,-52.7971
2018-10,Newfoundland and Labrador,Real estate and rental and leasing [53],2734,A,47.4817,-52.7971
2018-11,Newfoundland and Labrador,Real estate and rental and leasing [53],2561,A,47.4817,-52.7971
2018-12,Newfoundland and Labrador,Real estate and rental and leasing [53],2420,A,47.4817,-52.7971
2019-01,Newfoundland and Labrador,Real estate and rental and leasing [53],2319,A,47.4817,-52.7971
2019-02,Newfoundland and Labrador,Real estate and rental and leasing [53],2342,A,47.4817,-52.7971
2019-03,Newfoundland and Labrador,Real estate and rental and leasing [53],2263,A,47.4817,-52.7971
2019-04,Newfoundland and Labrador,Real estate and rental and leasing [53],2306,A,47.4817,-52.7971
2019-05,Newfoundland and Labrador,Real estate and rental and leasing [53],2359,A,47.4817,-52.7971
2019-06,Newfoundland and Labrador,Real estate and rental and leasing [53],2445,A,47.4817,-52.7971
2019-07,Newfoundland and Labrador,Real estate and rental and leasing [53],2462,A,47.4817,-52.7971
2019-08,Newfoundland and Labrador,Real estate and rental and leasing [53],2666,A,47.4817,-52.7971
2019-09,Newfoundland and Labrador,Real estate and rental and leasing [53],2525,B,47.4817,-52.7971
2019-10,Newfoundland and Labrador,Real estate and rental and leasing [53],2450,A,47.4817,-52.7971
2019-11,Newfoundland and Labrador,Real estate and rental and leasing [53],2516,A,47.4817,-52.7971
2019-12,Newfoundland and Labrador,Real estate and rental and leasing [53],2316,A,47.4817,-52.7971
2020-01,Newfoundland and Labrador,Real estate and rental and leasing [53],2216,B,47.4817,-52.7971
2020-02,Newfoundland and Labrador,Real estate and rental and leasing [53],2253,A,47.4817,-52.7971
2020-03,Newfoundland and Labrador,Real estate and rental and leasing [53],2095,A,47.4817,-52.7971
2020-04,Newfoundland and Labrador,Real estate and rental and leasing [53],1835,A,47.4817,-52.7971
2020-05,Newfoundland and Labrador,Real estate and rental and leasing [53],1776,A,47.4817,-52.7971
2020-06,Newfoundland and Labrador,Real estate and rental and leasing [53],1971,B,47.4817,-52.7971
2020-07,Newfoundland and Labrador,Real estate and rental and leasing [53],2043,B,47.4817,-52.7971
2020-08,Newfoundland and Labrador,Real estate and rental and leasing [53],2124,A,47.4817,-52.7971
2020-09,Newfoundland and Labrador,Real estate and rental and leasing [53],2228,A,47.4817,-52.7971
2020-10,Newfoundland and Labrador,Real estate and rental and leasing [53],2137,A,47.4817,-52.7971
2020-11,Newfoundland and Labrador,Real estate and rental and leasing [53],2126,A,47.4817,-52.7971
2020-12,Newfoundland and Labrador,Real estate and rental and leasing [53],2105,A,47.4817,-52.7971
2021-01,Newfoundland and Labrador,Real estate and rental and leasing [53],1976,A,47.4817,-52.7971
2021-02,Newfoundland and Labrador,Real estate and rental and leasing [53],1951,A,47.4817,-52.7971
2021-03,Newfoundland and Labrador,Real estate and rental and leasing [53],1946,A,47.4817,-52.7971
2021-04,Newfoundland and Labrador,Real estate and rental and leasing [53],1989,B,47.4817,-52.7971
2021-05,Newfoundland and Labrador,Real estate and rental and leasing [53],2168,B,47.4817,-52.7971
2021-06,Newfoundland and Labrador,Real estate and rental and leasing [53],2216,A,47.4817,-52.7971
2021-07,Newfoundland and Labrador,Real estate and rental and leasing [53],2232,A,47.4817,-52.7971
2021-08,Newfoundland and Labrador,Real estate and rental and leasing [53],2145,B,47.4817,-52.7971
2021-09,Newfoundland and Labrador,Real estate and rental and leasing [53],2177,A,47.4817,-52.7971
2021-10,Newfoundland and Labrador,Real estate and rental and leasing [53],2131,B,47.4817,-52.7971
2021-11,Newfoundland and Labrador,Real estate and rental and leasing [53],2089,A,47.4817,-52.7971
2021-12,Newfoundland and Labrador,Real estate and rental and leasing [53],2075,A,47.4817,-52.7971
2022-01,Newfoundland and Labrador,Real estate and rental and leasing [53],2022,B,47.4817,-52.7971
2022-02,Newfoundland and Labrador,Real estate and rental and leasing [53],1992,B,47.4817,-52.7971
2022-03,Newfoundland and Labrador,Real estate and rental and leasing [53],2031,B,47.4817,-52.7971
2022-04,Newfoundland and Labrador,Real estate and rental and leasing [53],2031,B,47.4817,-52.7971
2022-05,Newfoundland and Labrador,Real estate and rental and leasing [53],2097,A,47.4817,-52.7971
2022-06,Newfoundland and Labrador,Real estate and rental and leasing [53],2375,C,47.4817,-52.7971
2022-07,Newfoundland and Labrador,Real estate and rental and leasing [53],2325,B,47.4817,-52.7971
2022-08,Newfoundland and Labrador,Real estate and rental and leasing [53],2291,B,47.4817,-52.7971
2022-09,Newfoundland and Labrador,Real estate and rental and leasing [53],2260,B,47.4817,-52.7971
2022-10,Newfoundland and Labrador,Real estate and rental and leasing [53],2231,B,47.4817,-52.7971
2022-11,Newfoundland and Labrador,Real estate and rental and leasing [53],2225,B,47.4817,-52.7971
2022-12,Newfoundland and Labrador,Real estate and rental and leasing [53],2210,B,47.4817,-52.7971
2023-01,Newfoundland and Labrador,Real estate and rental and leasing [53],2185,B,47.4817,-52.7971
2023-02,Newfoundland and Labrador,Real estate and rental and leasing [53],2127,A,47.4817,-52.7971
2023-03,Newfoundland and Labrador,Real estate and rental and leasing [53],2217,B,47.4817,-52.7971
2023-04,Newfoundland and Labrador,Real estate and rental and leasing [53],2207,B,47.4817,-52.7971
2023-05,Newfoundland and Labrador,Real estate and rental and leasing [53],2221,B,47.4817,-52.7971
2023-06,Newfoundland and Labrador,Real estate and rental and leasing [53],2441,B,47.4817,-52.7971
2023-07,Newfoundland and Labrador,Real estate and rental and leasing [53],2396,B,47.4817,-52.7971
2023-08,Newfoundland and Labrador,Real estate and rental and leasing [53],2328,B,47.4817,-52.7971
2023-09,Newfoundland and Labrador,Real estate and rental and leasing [53],2357,B,47.4817,-52.7971
2023-10,Newfoundland and Labrador,Real estate and rental and leasing [53],2378,B,47.4817,-52.7971
2023-11,Newfoundland and Labrador,Real estate and rental and leasing [53],2275,B,47.4817,-52.7971
2023-12,Newfoundland and Labrador,Real estate and rental and leasing [53],2240,B,47.4817,-52.7971
2024-01,Newfoundland and Labrador,Real estate and rental and leasing [53],2182,B,47.4817,-52.7971
2024-02,Newfoundland and Labrador,Real estate and rental and leasing [53],2178,C,47.4817,-52.7971
2018-01,Newfoundland and Labrador,"Professional, scientific and technical services [54,541]",7680,A,47.4817,-52.7971
2018-02,Newfoundland and Labrador,"Professional, scientific and technical services [54,541]",7748,A,47.4817,-52.7971
2018-03,Newfoundland and Labrador,"Professional, scientific and technical services [54,541]",7964,A,47.4817,-52.7971
2018-04,Newfoundland and Labrador,"Professional, scientific and technical services [54,541]",7974,A,47.4817,-52.7971
2018-05,Newfoundland and Labrador,"Professional, scientific and technical services [54,541]",8243,A,47.4817,-52.7971
2018-06,Newfoundland and Labrador,"Professional, scientific and technical services [54,541]",8273,A,47.4817,-52.7971
2018-07,Newfoundland and Labrador,"Professional, scientific and technical services [54,541]",8266,A,47.4817,-52.7971
2018-08,Newfoundland and Labrador,"Professional, scientific and technical services [54,541]",8402,A,47.4817,-52.7971
2018-09,Newfoundland and Labrador,"Professional, scientific and technical services [54,541]",8023,A,47.4817,-52.7971
2018-10,Newfoundland and Labrador,"Professional, scientific and technical services [54,541]",7818,A,47.4817,-52.7971
2018-11,Newfoundland and Labrador,"Professional, scientific and technical services [54,541]",7610,A,47.4817,-52.7971
2018-12,Newfoundland and Labrador,"Professional, scientific and technical services [54,541]",7653,A,47.4817,-52.7971
2019-01,Newfoundland and Labrador,"Professional, scientific and technical services [54,541]",7188,A,47.4817,-52.7971
2019-02,Newfoundland and Labrador,"Professional, scientific and technical services [54,541]",7295,A,47.4817,-52.7971
2019-03,Newfoundland and Labrador,"Professional, scientific and technical services [54,541]",7165,A,47.4817,-52.7971
2019-04,Newfoundland and Labrador,"Professional, scientific and technical services [54,541]",7416,A,47.4817,-52.7971
2019-05,Newfoundland and Labrador,"Professional, scientific and technical services [54,541]",7380,A,47.4817,-52.7971
2019-06,Newfoundland and Labrador,"Professional, scientific and technical services [54,541]",7554,A,47.4817,-52.7971
2019-07,Newfoundland and Labrador,"Professional, scientific and technical services [54,541]",7590,A,47.4817,-52.7971
2019-08,Newfoundland and Labrador,"Professional, scientific and technical services [54,541]",7528,A,47.4817,-52.7971
2019-09,Newfoundland and Labrador,"Professional, scientific and technical services [54,541]",7507,B,47.4817,-52.7971
2019-10,Newfoundland and Labrador,"Professional, scientific and technical services [54,541]",7776,A,47.4817,-52.7971
2019-11,Newfoundland and Labrador,"Professional, scientific and technical services [54,541]",7682,A,47.4817,-52.7971
2019-12,Newfoundland and Labrador,"Professional, scientific and technical services [54,541]",7573,B,47.4817,-52.7971
2020-01,Newfoundland and Labrador,"Professional, scientific and technical services [54,541]",7360,A,47.4817,-52.7971
2020-02,Newfoundland and Labrador,"Professional, scientific and technical services [54,541]",7607,B,47.4817,-52.7971
2020-03,Newfoundland and Labrador,"Professional, scientific and technical services [54,541]",7222,A,47.4817,-52.7971
2020-04,Newfoundland and Labrador,"Professional, scientific and technical services [54,541]",6712,B,47.4817,-52.7971
2020-05,Newfoundland and Labrador,"Professional, scientific and technical services [54,541]",6715,B,47.4817,-52.7971
2020-06,Newfoundland and Labrador,"Professional, scientific and technical services [54,541]",6953,B,47.4817,-52.7971
2020-07,Newfoundland and Labrador,"Professional, scientific and technical services [54,541]",7338,C,47.4817,-52.7971
2020-08,Newfoundland and Labrador,"Professional, scientific and technical services [54,541]",7325,B,47.4817,-52.7971
2020-09,Newfoundland and Labrador,"Professional, scientific and technical services [54,541]",7430,B,47.4817,-52.7971
2020-10,Newfoundland and Labrador,"Professional, scientific and technical services [54,541]",7244,B,47.4817,-52.7971
2020-11,Newfoundland and Labrador,"Professional, scientific and technical services [54,541]",7218,B,47.4817,-52.7971
2020-12,Newfoundland and Labrador,"Professional, scientific and technical services [54,541]",7201,B,47.4817,-52.7971
2021-01,Newfoundland and Labrador,"Professional, scientific and technical services [54,541]",7140,B,47.4817,-52.7971
2021-02,Newfoundland and Labrador,"Professional, scientific and technical services [54,541]",7437,B,47.4817,-52.7971
2021-03,Newfoundland and Labrador,"Professional, scientific and technical services [54,541]",7512,B,47.4817,-52.7971
2021-04,Newfoundland and Labrador,"Professional, scientific and technical services [54,541]",7640,A,47.4817,-52.7971
2021-05,Newfoundland and Labrador,"Professional, scientific and technical services [54,541]",7827,B,47.4817,-52.7971
2021-06,Newfoundland and Labrador,"Professional, scientific and technical services [54,541]",8075,A,47.4817,-52.7971
2021-07,Newfoundland and Labrador,"Professional, scientific and technical services [54,541]",8213,A,47.4817,-52.7971
2021-08,Newfoundland and Labrador,"Professional, scientific and technical services [54,541]",8215,B,47.4817,-52.7971
2021-09,Newfoundland and Labrador,"Professional, scientific and technical services [54,541]",8117,A,47.4817,-52.7971
2021-10,Newfoundland and Labrador,"Professional, scientific and technical services [54,541]",8183,B,47.4817,-52.7971
2021-11,Newfoundland and Labrador,"Professional, scientific and technical services [54,541]",8204,B,47.4817,-52.7971
2021-12,Newfoundland and Labrador,"Professional, scientific and technical services [54,541]",8127,A,47.4817,-52.7971
2022-01,Newfoundland and Labrador,"Professional, scientific and technical services [54,541]",7979,B,47.4817,-52.7971
2022-02,Newfoundland and Labrador,"Professional, scientific and technical services [54,541]",8329,B,47.4817,-52.7971
2022-03,Newfoundland and Labrador,"Professional, scientific and technical services [54,541]",8446,B,47.4817,-52.7971
2022-04,Newfoundland and Labrador,"Professional, scientific and technical services [54,541]",8596,B,47.4817,-52.7971
2022-05,Newfoundland and Labrador,"Professional, scientific and technical services [54,541]",9141,B,47.4817,-52.7971
2022-06,Newfoundland and Labrador,"Professional, scientific and technical services [54,541]",9043,B,47.4817,-52.7971
2022-07,Newfoundland and Labrador,"Professional, scientific and technical services [54,541]",9039,C,47.4817,-52.7971
2022-08,Newfoundland and Labrador,"Professional, scientific and technical services [54,541]",9215,B,47.4817,-52.7971
2022-09,Newfoundland and Labrador,"Professional, scientific and technical services [54,541]",9080,A,47.4817,-52.7971
2022-10,Newfoundland and Labrador,"Professional, scientific and technical services [54,541]",8749,B,47.4817,-52.7971
2022-11,Newfoundland and Labrador,"Professional, scientific and technical services [54,541]",8754,B,47.4817,-52.7971
2022-12,Newfoundland and Labrador,"Professional, scientific and technical services [54,541]",8730,B,47.4817,-52.7971
2023-01,Newfoundland and Labrador,"Professional, scientific and technical services [54,541]",8545,B,47.4817,-52.7971
2023-02,Newfoundland and Labrador,"Professional, scientific and technical services [54,541]",8764,B,47.4817,-52.7971
2023-03,Newfoundland and Labrador,"Professional, scientific and technical services [54,541]",8801,B,47.4817,-52.7971
2023-04,Newfoundland and Labrador,"Professional, scientific and technical services [54,541]",8844,B,47.4817,-52.7971
2023-05,Newfoundland and Labrador,"Professional, scientific and technical services [54,541]",8950,B,47.4817,-52.7971
2023-06,Newfoundland and Labrador,"Professional, scientific and technical services [54,541]",9005,B,47.4817,-52.7971
2023-07,Newfoundland and Labrador,"Professional, scientific and technical services [54,541]",9150,B,47.4817,-52.7971
2023-08,Newfoundland and Labrador,"Professional, scientific and technical services [54,541]",9105,B,47.4817,-52.7971
2023-09,Newfoundland and Labrador,"Professional, scientific and technical services [54,541]",8974,B,47.4817,-52.7971
2023-10,Newfoundland and Labrador,"Professional, scientific and technical services [54,541]",8935,B,47.4817,-52.7971
2023-11,Newfoundland and Labrador,"Professional, scientific and technical services [54,541]",8916,A,47.4817,-52.7971
2023-12,Newfoundland and Labrador,"Professional, scientific and technical services [54,541]",9019,B,47.4817,-52.7971
2024-01,Newfoundland and Labrador,"Professional, scientific and technical services [54,541]",8858,B,47.4817,-52.7971
2024-02,Newfoundland and Labrador,"Professional, scientific and technical services [54,541]",9037,B,47.4817,-52.7971
2018-01,Newfoundland and Labrador,"Management of companies and enterprises [55,551,5511]",952,B,47.4817,-52.7971
2018-02,Newfoundland and Labrador,"Management of companies and enterprises [55,551,5511]",948,A,47.4817,-52.7971
2018-03,Newfoundland and Labrador,"Management of companies and enterprises [55,551,5511]",949,A,47.4817,-52.7971
2018-04,Newfoundland and Labrador,"Management of companies and enterprises [55,551,5511]",976,A,47.4817,-52.7971
2018-05,Newfoundland and Labrador,"Management of companies and enterprises [55,551,5511]",1012,B,47.4817,-52.7971
2018-06,Newfoundland and Labrador,"Management of companies and enterprises [55,551,5511]",1114,A,47.4817,-52.7971
2018-07,Newfoundland and Labrador,"Management of companies and enterprises [55,551,5511]",1086,A,47.4817,-52.7971
2018-08,Newfoundland and Labrador,"Management of companies and enterprises [55,551,5511]",1115,A,47.4817,-52.7971
2018-09,Newfoundland and Labrador,"Management of companies and enterprises [55,551,5511]",1061,A,47.4817,-52.7971
2018-10,Newfoundland and Labrador,"Management of companies and enterprises [55,551,5511]",1153,A,47.4817,-52.7971
2018-11,Newfoundland and Labrador,"Management of companies and enterprises [55,551,5511]",1138,A,47.4817,-52.7971
2018-12,Newfoundland and Labrador,"Management of companies and enterprises [55,551,5511]",1066,A,47.4817,-52.7971
2019-01,Newfoundland and Labrador,"Management of companies and enterprises [55,551,5511]",861,B,47.4817,-52.7971
2019-02,Newfoundland and Labrador,"Management of companies and enterprises [55,551,5511]",595,A,47.4817,-52.7971
2019-03,Newfoundland and Labrador,"Management of companies and enterprises [55,551,5511]",569,A,47.4817,-52.7971
2019-04,Newfoundland and Labrador,"Management of companies and enterprises [55,551,5511]",585,A,47.4817,-52.7971
2019-05,Newfoundland and Labrador,"Management of companies and enterprises [55,551,5511]",721,B,47.4817,-52.7971
2019-06,Newfoundland and Labrador,"Management of companies and enterprises [55,551,5511]",889,A,47.4817,-52.7971
2019-07,Newfoundland and Labrador,"Management of companies and enterprises [55,551,5511]",790,A,47.4817,-52.7971
2019-08,Newfoundland and Labrador,"Management of companies and enterprises [55,551,5511]",800,A,47.4817,-52.7971
2019-09,Newfoundland and Labrador,"Management of companies and enterprises [55,551,5511]",770,A,47.4817,-52.7971
2019-10,Newfoundland and Labrador,"Management of companies and enterprises [55,551,5511]",810,A,47.4817,-52.7971
2019-11,Newfoundland and Labrador,"Management of companies and enterprises [55,551,5511]",819,B,47.4817,-52.7971
2019-12,Newfoundland and Labrador,"Management of companies and enterprises [55,551,5511]",687,C,47.4817,-52.7971
2020-01,Newfoundland and Labrador,"Management of companies and enterprises [55,551,5511]",804,B,47.4817,-52.7971
2020-02,Newfoundland and Labrador,"Management of companies and enterprises [55,551,5511]",859,B,47.4817,-52.7971
2020-03,Newfoundland and Labrador,"Management of companies and enterprises [55,551,5511]",772,B,47.4817,-52.7971
2020-04,Newfoundland and Labrador,"Management of companies and enterprises [55,551,5511]",727,B,47.4817,-52.7971
2020-05,Newfoundland and Labrador,"Management of companies and enterprises [55,551,5511]",639,A,47.4817,-52.7971
2020-06,Newfoundland and Labrador,"Management of companies and enterprises [55,551,5511]",749,C,47.4817,-52.7971
2020-07,Newfoundland and Labrador,"Management of companies and enterprises [55,551,5511]",724,E,47.4817,-52.7971
2020-08,Newfoundland and Labrador,"Management of companies and enterprises [55,551,5511]",720,B,47.4817,-52.7971
2020-09,Newfoundland and Labrador,"Management of companies and enterprises [55,551,5511]",855,B,47.4817,-52.7971
2020-10,Newfoundland and Labrador,"Management of companies and enterprises [55,551,5511]",666,B,47.4817,-52.7971
2020-11,Newfoundland and Labrador,"Management of companies and enterprises [55,551,5511]",656,A,47.4817,-52.7971
2020-12,Newfoundland and Labrador,"Management of companies and enterprises [55,551,5511]",700,A,47.4817,-52.7971
2021-01,Newfoundland and Labrador,"Management of companies and enterprises [55,551,5511]",589,B,47.4817,-52.7971
2021-02,Newfoundland and Labrador,"Management of companies and enterprises [55,551,5511]",699,A,47.4817,-52.7971
2021-03,Newfoundland and Labrador,"Management of companies and enterprises [55,551,5511]",588,A,47.4817,-52.7971
2021-04,Newfoundland and Labrador,"Management of companies and enterprises [55,551,5511]",610,A,47.4817,-52.7971
2021-05,Newfoundland and Labrador,"Management of companies and enterprises [55,551,5511]",645,C,47.4817,-52.7971
2021-06,Newfoundland and Labrador,"Management of companies and enterprises [55,551,5511]",743,C,47.4817,-52.7971
2021-07,Newfoundland and Labrador,"Management of companies and enterprises [55,551,5511]",704,B,47.4817,-52.7971
2021-08,Newfoundland and Labrador,"Management of companies and enterprises [55,551,5511]",713,A,47.4817,-52.7971
2021-09,Newfoundland and Labrador,"Management of companies and enterprises [55,551,5511]",669,A,47.4817,-52.7971
2021-10,Newfoundland and Labrador,"Management of companies and enterprises [55,551,5511]",654,A,47.4817,-52.7971
2021-11,Newfoundland and Labrador,"Management of companies and enterprises [55,551,5511]",759,A,47.4817,-52.7971
2021-12,Newfoundland and Labrador,"Management of companies and enterprises [55,551,5511]",750,C,47.4817,-52.7971
2022-01,Newfoundland and Labrador,"Management of companies and enterprises [55,551,5511]",848,B,47.4817,-52.7971
2022-02,Newfoundland and Labrador,"Management of companies and enterprises [55,551,5511]",854,B,47.4817,-52.7971
2022-03,Newfoundland and Labrador,"Management of companies and enterprises [55,551,5511]",871,B,47.4817,-52.7971
2022-04,Newfoundland and Labrador,"Management of companies and enterprises [55,551,5511]",936,A,47.4817,-52.7971
2022-05,Newfoundland and Labrador,"Management of companies and enterprises [55,551,5511]",867,A,47.4817,-52.7971
2022-06,Newfoundland and Labrador,"Management of companies and enterprises [55,551,5511]",947,B,47.4817,-52.7971
2022-07,Newfoundland and Labrador,"Management of companies and enterprises [55,551,5511]",967,B,47.4817,-52.7971
2022-08,Newfoundland and Labrador,"Management of companies and enterprises [55,551,5511]",963,A,47.4817,-52.7971
2022-09,Newfoundland and Labrador,"Management of companies and enterprises [55,551,5511]",936,A,47.4817,-52.7971
2022-10,Newfoundland and Labrador,"Management of companies and enterprises [55,551,5511]",949,A,47.4817,-52.7971
2022-11,Newfoundland and Labrador,"Management of companies and enterprises [55,551,5511]",966,B,47.4817,-52.7971
2022-12,Newfoundland and Labrador,"Management of companies and enterprises [55,551,5511]",909,A,47.4817,-52.7971
2023-01,Newfoundland and Labrador,"Management of companies and enterprises [55,551,5511]",809,E,47.4817,-52.7971
2023-02,Newfoundland and Labrador,"Management of companies and enterprises [55,551,5511]",832,A,47.4817,-52.7971
2023-03,Newfoundland and Labrador,"Management of companies and enterprises [55,551,5511]",831,A,47.4817,-52.7971
2023-04,Newfoundland and Labrador,"Management of companies and enterprises [55,551,5511]",858,A,47.4817,-52.7971
2023-05,Newfoundland and Labrador,"Management of companies and enterprises [55,551,5511]",878,A,47.4817,-52.7971
2023-06,Newfoundland and Labrador,"Management of companies and enterprises [55,551,5511]",1006,B,47.4817,-52.7971
2023-07,Newfoundland and Labrador,"Management of companies and enterprises [55,551,5511]",1039,B,47.4817,-52.7971
2023-08,Newfoundland and Labrador,"Management of companies and enterprises [55,551,5511]",1049,A,47.4817,-52.7971
2023-09,Newfoundland and Labrador,"Management of companies and enterprises [55,551,5511]",1051,A,47.4817,-52.7971
2023-10,Newfoundland and Labrador,"Management of companies and enterprises [55,551,5511]",1001,A,47.4817,-52.7971
2023-11,Newfoundland and Labrador,"Management of companies and enterprises [55,551,5511]",957,A,47.4817,-52.7971
2023-12,Newfoundland and Labrador,"Management of companies and enterprises [55,551,5511]",951,A,47.4817,-52.7971
2024-01,Newfoundland and Labrador,"Management of companies and enterprises [55,551,5511]",797,B,47.4817,-52.7971
2024-02,Newfoundland and Labrador,"Management of companies and enterprises [55,551,5511]",519,B,47.4817,-52.7971
2018-01,Newfoundland and Labrador,"Administrative and support, waste management and remediation services [56]",5457,A,47.4817,-52.7971
2018-02,Newfoundland and Labrador,"Administrative and support, waste management and remediation services [56]",5270,A,47.4817,-52.7971
2018-03,Newfoundland and Labrador,"Administrative and support, waste management and remediation services [56]",5062,A,47.4817,-52.7971
2018-04,Newfoundland and Labrador,"Administrative and support, waste management and remediation services [56]",5152,A,47.4817,-52.7971
2018-05,Newfoundland and Labrador,"Administrative and support, waste management and remediation services [56]",5469,A,47.4817,-52.7971
2018-06,Newfoundland and Labrador,"Administrative and support, waste management and remediation services [56]",5718,A,47.4817,-52.7971
2018-07,Newfoundland and Labrador,"Administrative and support, waste management and remediation services [56]",5983,A,47.4817,-52.7971
2018-08,Newfoundland and Labrador,"Administrative and support, waste management and remediation services [56]",6098,A,47.4817,-52.7971
2018-09,Newfoundland and Labrador,"Administrative and support, waste management and remediation services [56]",6334,A,47.4817,-52.7971
2018-10,Newfoundland and Labrador,"Administrative and support, waste management and remediation services [56]",6109,A,47.4817,-52.7971
2018-11,Newfoundland and Labrador,"Administrative and support, waste management and remediation services [56]",5941,A,47.4817,-52.7971
2018-12,Newfoundland and Labrador,"Administrative and support, waste management and remediation services [56]",5839,A,47.4817,-52.7971
2019-01,Newfoundland and Labrador,"Administrative and support, waste management and remediation services [56]",5486,A,47.4817,-52.7971
2019-02,Newfoundland and Labrador,"Administrative and support, waste management and remediation services [56]",5670,A,47.4817,-52.7971
2019-03,Newfoundland and Labrador,"Administrative and support, waste management and remediation services [56]",5577,A,47.4817,-52.7971
2019-04,Newfoundland and Labrador,"Administrative and support, waste management and remediation services [56]",5430,A,47.4817,-52.7971
2019-05,Newfoundland and Labrador,"Administrative and support, waste management and remediation services [56]",5819,A,47.4817,-52.7971
2019-06,Newfoundland and Labrador,"Administrative and support, waste management and remediation services [56]",6373,A,47.4817,-52.7971
2019-07,Newfoundland and Labrador,"Administrative and support, waste management and remediation services [56]",6777,A,47.4817,-52.7971
2019-08,Newfoundland and Labrador,"Administrative and support, waste management and remediation services [56]",6806,A,47.4817,-52.7971
2019-09,Newfoundland and Labrador,"Administrative and support, waste management and remediation services [56]",6789,A,47.4817,-52.7971
2019-10,Newfoundland and Labrador,"Administrative and support, waste management and remediation services [56]",6606,A,47.4817,-52.7971
2019-11,Newfoundland and Labrador,"Administrative and support, waste management and remediation services [56]",6266,B,47.4817,-52.7971
2019-12,Newfoundland and Labrador,"Administrative and support, waste management and remediation services [56]",5887,A,47.4817,-52.7971
2020-01,Newfoundland and Labrador,"Administrative and support, waste management and remediation services [56]",5525,B,47.4817,-52.7971
2020-02,Newfoundland and Labrador,"Administrative and support, waste management and remediation services [56]",5602,B,47.4817,-52.7971
2020-03,Newfoundland and Labrador,"Administrative and support, waste management and remediation services [56]",5333,B,47.4817,-52.7971
2020-04,Newfoundland and Labrador,"Administrative and support, waste management and remediation services [56]",4979,B,47.4817,-52.7971
2020-05,Newfoundland and Labrador,"Administrative and support, waste management and remediation services [56]",4944,B,47.4817,-52.7971
2020-06,Newfoundland and Labrador,"Administrative and support, waste management and remediation services [56]",5350,B,47.4817,-52.7971
2020-07,Newfoundland and Labrador,"Administrative and support, waste management and remediation services [56]",5820,B,47.4817,-52.7971
2020-08,Newfoundland and Labrador,"Administrative and support, waste management and remediation services [56]",5945,B,47.4817,-52.7971
2020-09,Newfoundland and Labrador,"Administrative and support, waste management and remediation services [56]",6009,A,47.4817,-52.7971
2020-10,Newfoundland and Labrador,"Administrative and support, waste management and remediation services [56]",5844,B,47.4817,-52.7971
2020-11,Newfoundland and Labrador,"Administrative and support, waste management and remediation services [56]",5726,B,47.4817,-52.7971
2020-12,Newfoundland and Labrador,"Administrative and support, waste management and remediation services [56]",5642,B,47.4817,-52.7971
2021-01,Newfoundland and Labrador,"Administrative and support, waste management and remediation services [56]",5421,B,47.4817,-52.7971
2021-02,Newfoundland and Labrador,"Administrative and support, waste management and remediation services [56]",5224,A,47.4817,-52.7971
2021-03,Newfoundland and Labrador,"Administrative and support, waste management and remediation services [56]",5573,A,47.4817,-52.7971
2021-04,Newfoundland and Labrador,"Administrative and support, waste management and remediation services [56]",5647,A,47.4817,-52.7971
2021-05,Newfoundland and Labrador,"Administrative and support, waste management and remediation services [56]",5987,A,47.4817,-52.7971
2021-06,Newfoundland and Labrador,"Administrative and support, waste management and remediation services [56]",6445,B,47.4817,-52.7971
2021-07,Newfoundland and Labrador,"Administrative and support, waste management and remediation services [56]",7030,B,47.4817,-52.7971
2021-08,Newfoundland and Labrador,"Administrative and support, waste management and remediation services [56]",6304,B,47.4817,-52.7971
2021-09,Newfoundland and Labrador,"Administrative and support, waste management and remediation services [56]",6208,A,47.4817,-52.7971
2021-10,Newfoundland and Labrador,"Administrative and support, waste management and remediation services [56]",6143,A,47.4817,-52.7971
2021-11,Newfoundland and Labrador,"Administrative and support, waste management and remediation services [56]",6248,B,47.4817,-52.7971
2021-12,Newfoundland and Labrador,"Administrative and support, waste management and remediation services [56]",6255,A,47.4817,-52.7971
2022-01,Newfoundland and Labrador,"Administrative and support, waste management and remediation services [56]",5801,B,47.4817,-52.7971
2022-02,Newfoundland and Labrador,"Administrative and support, waste management and remediation services [56]",5798,B,47.4817,-52.7971
2022-03,Newfoundland and Labrador,"Administrative and support, waste management and remediation services [56]",5753,B,47.4817,-52.7971
2022-04,Newfoundland and Labrador,"Administrative and support, waste management and remediation services [56]",6163,A,47.4817,-52.7971
2022-05,Newfoundland and Labrador,"Administrative and support, waste management and remediation services [56]",6295,B,47.4817,-52.7971
2022-06,Newfoundland and Labrador,"Administrative and support, waste management and remediation services [56]",6958,B,47.4817,-52.7971
2022-07,Newfoundland and Labrador,"Administrative and support, waste management and remediation services [56]",6998,C,47.4817,-52.7971
2022-08,Newfoundland and Labrador,"Administrative and support, waste management and remediation services [56]",6988,B,47.4817,-52.7971
2022-09,Newfoundland and Labrador,"Administrative and support, waste management and remediation services [56]",7029,B,47.4817,-52.7971
2022-10,Newfoundland and Labrador,"Administrative and support, waste management and remediation services [56]",7088,B,47.4817,-52.7971
2022-11,Newfoundland and Labrador,"Administrative and support, waste management and remediation services [56]",6940,B,47.4817,-52.7971
2022-12,Newfoundland and Labrador,"Administrative and support, waste management and remediation services [56]",6984,B,47.4817,-52.7971
2023-01,Newfoundland and Labrador,"Administrative and support, waste management and remediation services [56]",6492,B,47.4817,-52.7971
2023-02,Newfoundland and Labrador,"Administrative and support, waste management and remediation services [56]",6578,B,47.4817,-52.7971
2023-03,Newfoundland and Labrador,"Administrative and support, waste management and remediation services [56]",6590,B,47.4817,-52.7971
2023-04,Newfoundland and Labrador,"Administrative and support, waste management and remediation services [56]",6666,B,47.4817,-52.7971
2023-05,Newfoundland and Labrador,"Administrative and support, waste management and remediation services [56]",7015,B,47.4817,-52.7971
2023-06,Newfoundland and Labrador,"Administrative and support, waste management and remediation services [56]",7393,B,47.4817,-52.7971
2023-07,Newfoundland and Labrador,"Administrative and support, waste management and remediation services [56]",7717,B,47.4817,-52.7971
2023-08,Newfoundland and Labrador,"Administrative and support, waste management and remediation services [56]",7064,B,47.4817,-52.7971
2023-09,Newfoundland and Labrador,"Administrative and support, waste management and remediation services [56]",7198,B,47.4817,-52.7971
2023-10,Newfoundland and Labrador,"Administrative and support, waste management and remediation services [56]",6940,B,47.4817,-52.7971
2023-11,Newfoundland and Labrador,"Administrative and support, waste management and remediation services [56]",6552,B,47.4817,-52.7971
2023-12,Newfoundland and Labrador,"Administrative and support, waste management and remediation services [56]",6536,B,47.4817,-52.7971
2024-01,Newfoundland and Labrador,"Administrative and support, waste management and remediation services [56]",6452,B,47.4817,-52.7971
2024-02,Newfoundland and Labrador,"Administrative and support, waste management and remediation services [56]",6235,B,47.4817,-52.7971
2018-01,Newfoundland and Labrador,"Educational services [61,611]",20980,A,47.4817,-52.7971
2018-02,Newfoundland and Labrador,"Educational services [61,611]",21797,A,47.4817,-52.7971
2018-03,Newfoundland and Labrador,"Educational services [61,611]",22960,A,47.4817,-52.7971
2018-04,Newfoundland and Labrador,"Educational services [61,611]",22456,A,47.4817,-52.7971
2018-05,Newfoundland and Labrador,"Educational services [61,611]",21381,A,47.4817,-52.7971
2018-06,Newfoundland and Labrador,"Educational services [61,611]",21981,A,47.4817,-52.7971
2018-07,Newfoundland and Labrador,"Educational services [61,611]",19795,A,47.4817,-52.7971
2018-08,Newfoundland and Labrador,"Educational services [61,611]",18723,A,47.4817,-52.7971
2018-09,Newfoundland and Labrador,"Educational services [61,611]",20743,A,47.4817,-52.7971
2018-10,Newfoundland and Labrador,"Educational services [61,611]",22517,A,47.4817,-52.7971
2018-11,Newfoundland and Labrador,"Educational services [61,611]",22863,A,47.4817,-52.7971
2018-12,Newfoundland and Labrador,"Educational services [61,611]",22407,A,47.4817,-52.7971
2019-01,Newfoundland and Labrador,"Educational services [61,611]",21282,A,47.4817,-52.7971
2019-02,Newfoundland and Labrador,"Educational services [61,611]",21964,A,47.4817,-52.7971
2019-03,Newfoundland and Labrador,"Educational services [61,611]",22832,A,47.4817,-52.7971
2019-04,Newfoundland and Labrador,"Educational services [61,611]",21765,A,47.4817,-52.7971
2019-05,Newfoundland and Labrador,"Educational services [61,611]",20439,A,47.4817,-52.7971
2019-06,Newfoundland and Labrador,"Educational services [61,611]",20820,A,47.4817,-52.7971
2019-07,Newfoundland and Labrador,"Educational services [61,611]",19127,A,47.4817,-52.7971
2019-08,Newfoundland and Labrador,"Educational services [61,611]",18149,A,47.4817,-52.7971
2019-09,Newfoundland and Labrador,"Educational services [61,611]",19313,B,47.4817,-52.7971
2019-10,Newfoundland and Labrador,"Educational services [61,611]",22226,B,47.4817,-52.7971
2019-11,Newfoundland and Labrador,"Educational services [61,611]",22357,B,47.4817,-52.7971
2019-12,Newfoundland and Labrador,"Educational services [61,611]",22219,A,47.4817,-52.7971
2020-01,Newfoundland and Labrador,"Educational services [61,611]",20356,B,47.4817,-52.7971
2020-02,Newfoundland and Labrador,"Educational services [61,611]",20887,B,47.4817,-52.7971
2020-03,Newfoundland and Labrador,"Educational services [61,611]",20901,B,47.4817,-52.7971
2020-04,Newfoundland and Labrador,"Educational services [61,611]",17879,B,47.4817,-52.7971
2020-05,Newfoundland and Labrador,"Educational services [61,611]",16787,B,47.4817,-52.7971
2020-06,Newfoundland and Labrador,"Educational services [61,611]",17172,B,47.4817,-52.7971
2020-07,Newfoundland and Labrador,"Educational services [61,611]",16618,B,47.4817,-52.7971
2020-08,Newfoundland and Labrador,"Educational services [61,611]",16114,A,47.4817,-52.7971
2020-09,Newfoundland and Labrador,"Educational services [61,611]",17649,A,47.4817,-52.7971
2020-10,Newfoundland and Labrador,"Educational services [61,611]",19812,A,47.4817,-52.7971
2020-11,Newfoundland and Labrador,"Educational services [61,611]",20427,A,47.4817,-52.7971
2020-12,Newfoundland and Labrador,"Educational services [61,611]",20937,A,47.4817,-52.7971
2021-01,Newfoundland and Labrador,"Educational services [61,611]",19017,A,47.4817,-52.7971
2021-02,Newfoundland and Labrador,"Educational services [61,611]",19917,A,47.4817,-52.7971
2021-03,Newfoundland and Labrador,"Educational services [61,611]",19920,A,47.4817,-52.7971
2021-04,Newfoundland and Labrador,"Educational services [61,611]",19685,A,47.4817,-52.7971
2021-05,Newfoundland and Labrador,"Educational services [61,611]",19542,A,47.4817,-52.7971
2021-06,Newfoundland and Labrador,"Educational services [61,611]",19519,A,47.4817,-52.7971
2021-07,Newfoundland and Labrador,"Educational services [61,611]",16962,B,47.4817,-52.7971
2021-08,Newfoundland and Labrador,"Educational services [61,611]",16433,A,47.4817,-52.7971
2021-09,Newfoundland and Labrador,"Educational services [61,611]",18798,A,47.4817,-52.7971
2021-10,Newfoundland and Labrador,"Educational services [61,611]",19875,B,47.4817,-52.7971
2021-11,Newfoundland and Labrador,"Educational services [61,611]",20177,B,47.4817,-52.7971
2021-12,Newfoundland and Labrador,"Educational services [61,611]",20275,B,47.4817,-52.7971
2022-01,Newfoundland and Labrador,"Educational services [61,611]",18687,B,47.4817,-52.7971
2022-02,Newfoundland and Labrador,"Educational services [61,611]",19319,B,47.4817,-52.7971
2022-03,Newfoundland and Labrador,"Educational services [61,611]",19947,B,47.4817,-52.7971
2022-04,Newfoundland and Labrador,"Educational services [61,611]",19602,A,47.4817,-52.7971
2022-05,Newfoundland and Labrador,"Educational services [61,611]",18906,B,47.4817,-52.7971
2022-06,Newfoundland and Labrador,"Educational services [61,611]",19254,C,47.4817,-52.7971
2022-07,Newfoundland and Labrador,"Educational services [61,611]",15994,B,47.4817,-52.7971
2022-08,Newfoundland and Labrador,"Educational services [61,611]",15819,B,47.4817,-52.7971
2022-09,Newfoundland and Labrador,"Educational services [61,611]",17678,B,47.4817,-52.7971
2022-10,Newfoundland and Labrador,"Educational services [61,611]",19913,B,47.4817,-52.7971
2022-11,Newfoundland and Labrador,"Educational services [61,611]",20689,B,47.4817,-52.7971
2022-12,Newfoundland and Labrador,"Educational services [61,611]",20226,C,47.4817,-52.7971
2023-01,Newfoundland and Labrador,"Educational services [61,611]",19070,B,47.4817,-52.7971
2023-02,Newfoundland and Labrador,"Educational services [61,611]",19780,B,47.4817,-52.7971
2023-03,Newfoundland and Labrador,"Educational services [61,611]",19944,B,47.4817,-52.7971
2023-04,Newfoundland and Labrador,"Educational services [61,611]",19273,A,47.4817,-52.7971
2023-05,Newfoundland and Labrador,"Educational services [61,611]",18878,B,47.4817,-52.7971
2023-06,Newfoundland and Labrador,"Educational services [61,611]",18922,A,47.4817,-52.7971
2023-07,Newfoundland and Labrador,"Educational services [61,611]",16648,B,47.4817,-52.7971
2023-08,Newfoundland and Labrador,"Educational services [61,611]",15413,B,47.4817,-52.7971
2023-09,Newfoundland and Labrador,"Educational services [61,611]",17530,B,47.4817,-52.7971
2023-10,Newfoundland and Labrador,"Educational services [61,611]",19866,B,47.4817,-52.7971
2023-11,Newfoundland and Labrador,"Educational services [61,611]",20833,B,47.4817,-52.7971
2023-12,Newfoundland and Labrador,"Educational services [61,611]",20361,A,47.4817,-52.7971
2024-01,Newfoundland and Labrador,"Educational services [61,611]",18661,B,47.4817,-52.7971
2024-02,Newfoundland and Labrador,"Educational services [61,611]",19522,B,47.4817,-52.7971
2018-01,Newfoundland and Labrador,Health care and social assistance [62],32395,A,47.4817,-52.7971
2018-02,Newfoundland and Labrador,Health care and social assistance [62],32524,A,47.4817,-52.7971
2018-03,Newfoundland and Labrador,Health care and social assistance [62],32612,A,47.4817,-52.7971
2018-04,Newfoundland and Labrador,Health care and social assistance [62],32769,A,47.4817,-52.7971
2018-05,Newfoundland and Labrador,Health care and social assistance [62],32941,A,47.4817,-52.7971
2018-06,Newfoundland and Labrador,Health care and social assistance [62],33237,A,47.4817,-52.7971
2018-07,Newfoundland and Labrador,Health care and social assistance [62],33365,A,47.4817,-52.7971
2018-08,Newfoundland and Labrador,Health care and social assistance [62],33568,A,47.4817,-52.7971
2018-09,Newfoundland and Labrador,Health care and social assistance [62],33202,A,47.4817,-52.7971
2018-10,Newfoundland and Labrador,Health care and social assistance [62],32960,A,47.4817,-52.7971
2018-11,Newfoundland and Labrador,Health care and social assistance [62],33112,A,47.4817,-52.7971
2018-12,Newfoundland and Labrador,Health care and social assistance [62],33170,A,47.4817,-52.7971
2019-01,Newfoundland and Labrador,Health care and social assistance [62],32887,A,47.4817,-52.7971
2019-02,Newfoundland and Labrador,Health care and social assistance [62],33062,A,47.4817,-52.7971
2019-03,Newfoundland and Labrador,Health care and social assistance [62],33338,A,47.4817,-52.7971
2019-04,Newfoundland and Labrador,Health care and social assistance [62],33535,A,47.4817,-52.7971
2019-05,Newfoundland and Labrador,Health care and social assistance [62],33430,A,47.4817,-52.7971
2019-06,Newfoundland and Labrador,Health care and social assistance [62],33446,A,47.4817,-52.7971
2019-07,Newfoundland and Labrador,Health care and social assistance [62],34292,A,47.4817,-52.7971
2019-08,Newfoundland and Labrador,Health care and social assistance [62],34345,A,47.4817,-52.7971
2019-09,Newfoundland and Labrador,Health care and social assistance [62],34151,A,47.4817,-52.7971
2019-10,Newfoundland and Labrador,Health care and social assistance [62],34240,A,47.4817,-52.7971
2019-11,Newfoundland and Labrador,Health care and social assistance [62],34236,A,47.4817,-52.7971
2019-12,Newfoundland and Labrador,Health care and social assistance [62],34417,A,47.4817,-52.7971
2020-01,Newfoundland and Labrador,Health care and social assistance [62],34586,A,47.4817,-52.7971
2020-02,Newfoundland and Labrador,Health care and social assistance [62],34617,B,47.4817,-52.7971
2020-03,Newfoundland and Labrador,Health care and social assistance [62],33844,B,47.4817,-52.7971
2020-04,Newfoundland and Labrador,Health care and social assistance [62],31881,B,47.4817,-52.7971
2020-05,Newfoundland and Labrador,Health care and social assistance [62],31502,B,47.4817,-52.7971
2020-06,Newfoundland and Labrador,Health care and social assistance [62],32367,A,47.4817,-52.7971
2020-07,Newfoundland and Labrador,Health care and social assistance [62],33228,B,47.4817,-52.7971
2020-08,Newfoundland and Labrador,Health care and social assistance [62],33792,A,47.4817,-52.7971
2020-09,Newfoundland and Labrador,Health care and social assistance [62],33881,A,47.4817,-52.7971
2020-10,Newfoundland and Labrador,Health care and social assistance [62],34761,A,47.4817,-52.7971
2020-11,Newfoundland and Labrador,Health care and social assistance [62],34594,A,47.4817,-52.7971
2020-12,Newfoundland and Labrador,Health care and social assistance [62],34792,B,47.4817,-52.7971
2021-01,Newfoundland and Labrador,Health care and social assistance [62],34981,B,47.4817,-52.7971
2021-02,Newfoundland and Labrador,Health care and social assistance [62],34876,A,47.4817,-52.7971
2021-03,Newfoundland and Labrador,Health care and social assistance [62],34675,A,47.4817,-52.7971
2021-04,Newfoundland and Labrador,Health care and social assistance [62],35480,A,47.4817,-52.7971
2021-05,Newfoundland and Labrador,Health care and social assistance [62],35745,A,47.4817,-52.7971
2021-06,Newfoundland and Labrador,Health care and social assistance [62],36173,A,47.4817,-52.7971
2021-07,Newfoundland and Labrador,Health care and social assistance [62],36632,A,47.4817,-52.7971
2021-08,Newfoundland and Labrador,Health care and social assistance [62],36734,B,47.4817,-52.7971
2021-09,Newfoundland and Labrador,Health care and social assistance [62],36597,B,47.4817,-52.7971
2021-10,Newfoundland and Labrador,Health care and social assistance [62],36185,A,47.4817,-52.7971
2021-11,Newfoundland and Labrador,Health care and social assistance [62],35950,A,47.4817,-52.7971
2021-12,Newfoundland and Labrador,Health care and social assistance [62],35813,B,47.4817,-52.7971
2022-01,Newfoundland and Labrador,Health care and social assistance [62],35525,C,47.4817,-52.7971
2022-02,Newfoundland and Labrador,Health care and social assistance [62],35620,C,47.4817,-52.7971
2022-03,Newfoundland and Labrador,Health care and social assistance [62],35521,B,47.4817,-52.7971
2022-04,Newfoundland and Labrador,Health care and social assistance [62],35311,B,47.4817,-52.7971
2022-05,Newfoundland and Labrador,Health care and social assistance [62],35985,B,47.4817,-52.7971
2022-06,Newfoundland and Labrador,Health care and social assistance [62],36545,B,47.4817,-52.7971
2022-07,Newfoundland and Labrador,Health care and social assistance [62],36461,B,47.4817,-52.7971
2022-08,Newfoundland and Labrador,Health care and social assistance [62],36015,B,47.4817,-52.7971
2022-09,Newfoundland and Labrador,Health care and social assistance [62],35875,A,47.4817,-52.7971
2022-10,Newfoundland and Labrador,Health care and social assistance [62],35847,B,47.4817,-52.7971
2022-11,Newfoundland and Labrador,Health care and social assistance [62],36012,B,47.4817,-52.7971
2022-12,Newfoundland and Labrador,Health care and social assistance [62],36243,B,47.4817,-52.7971
2023-01,Newfoundland and Labrador,Health care and social assistance [62],35494,B,47.4817,-52.7971
2023-02,Newfoundland and Labrador,Health care and social assistance [62],35504,B,47.4817,-52.7971
2023-03,Newfoundland and Labrador,Health care and social assistance [62],35726,B,47.4817,-52.7971
2023-04,Newfoundland and Labrador,Health care and social assistance [62],35799,B,47.4817,-52.7971
2023-05,Newfoundland and Labrador,Health care and social assistance [62],36110,B,47.4817,-52.7971
2023-06,Newfoundland and Labrador,Health care and social assistance [62],36659,B,47.4817,-52.7971
2023-07,Newfoundland and Labrador,Health care and social assistance [62],36991,B,47.4817,-52.7971
2023-08,Newfoundland and Labrador,Health care and social assistance [62],37492,B,47.4817,-52.7971
2023-09,Newfoundland and Labrador,Health care and social assistance [62],37394,B,47.4817,-52.7971
2023-10,Newfoundland and Labrador,Health care and social assistance [62],37053,B,47.4817,-52.7971
2023-11,Newfoundland and Labrador,Health care and social assistance [62],37077,B,47.4817,-52.7971
2023-12,Newfoundland and Labrador,Health care and social assistance [62],37715,B,47.4817,-52.7971
2024-01,Newfoundland and Labrador,Health care and social assistance [62],36673,B,47.4817,-52.7971
2024-02,Newfoundland and Labrador,Health care and social assistance [62],36553,B,47.4817,-52.7971
2018-01,Newfoundland and Labrador,"Arts, entertainment and recreation [71]",2112,A,47.4817,-52.7971
2018-02,Newfoundland and Labrador,"Arts, entertainment and recreation [71]",2068,A,47.4817,-52.7971
2018-03,Newfoundland and Labrador,"Arts, entertainment and recreation [71]",2065,A,47.4817,-52.7971
2018-04,Newfoundland and Labrador,"Arts, entertainment and recreation [71]",2070,A,47.4817,-52.7971
2018-05,Newfoundland and Labrador,"Arts, entertainment and recreation [71]",2315,A,47.4817,-52.7971
2018-06,Newfoundland and Labrador,"Arts, entertainment and recreation [71]",2841,A,47.4817,-52.7971
2018-07,Newfoundland and Labrador,"Arts, entertainment and recreation [71]",3331,A,47.4817,-52.7971
2018-08,Newfoundland and Labrador,"Arts, entertainment and recreation [71]",3241,A,47.4817,-52.7971
2018-09,Newfoundland and Labrador,"Arts, entertainment and recreation [71]",2913,A,47.4817,-52.7971
2018-10,Newfoundland and Labrador,"Arts, entertainment and recreation [71]",2452,A,47.4817,-52.7971
2018-11,Newfoundland and Labrador,"Arts, entertainment and recreation [71]",2433,A,47.4817,-52.7971
2018-12,Newfoundland and Labrador,"Arts, entertainment and recreation [71]",2274,A,47.4817,-52.7971
2019-01,Newfoundland and Labrador,"Arts, entertainment and recreation [71]",2271,A,47.4817,-52.7971
2019-02,Newfoundland and Labrador,"Arts, entertainment and recreation [71]",2154,A,47.4817,-52.7971
2019-03,Newfoundland and Labrador,"Arts, entertainment and recreation [71]",2114,A,47.4817,-52.7971
2019-04,Newfoundland and Labrador,"Arts, entertainment and recreation [71]",2145,A,47.4817,-52.7971
2019-05,Newfoundland and Labrador,"Arts, entertainment and recreation [71]",2362,A,47.4817,-52.7971
2019-06,Newfoundland and Labrador,"Arts, entertainment and recreation [71]",2759,A,47.4817,-52.7971
2019-07,Newfoundland and Labrador,"Arts, entertainment and recreation [71]",3308,A,47.4817,-52.7971
2019-08,Newfoundland and Labrador,"Arts, entertainment and recreation [71]",3217,A,47.4817,-52.7971
2019-09,Newfoundland and Labrador,"Arts, entertainment and recreation [71]",2733,B,47.4817,-52.7971
2019-10,Newfoundland and Labrador,"Arts, entertainment and recreation [71]",2336,B,47.4817,-52.7971
2019-11,Newfoundland and Labrador,"Arts, entertainment and recreation [71]",2199,B,47.4817,-52.7971
2019-12,Newfoundland and Labrador,"Arts, entertainment and recreation [71]",2083,A,47.4817,-52.7971
2020-01,Newfoundland and Labrador,"Arts, entertainment and recreation [71]",1954,B,47.4817,-52.7971
2020-02,Newfoundland and Labrador,"Arts, entertainment and recreation [71]",1995,A,47.4817,-52.7971
2020-03,Newfoundland and Labrador,"Arts, entertainment and recreation [71]",1735,B,47.4817,-52.7971
2020-04,Newfoundland and Labrador,"Arts, entertainment and recreation [71]",965,B,47.4817,-52.7971
2020-05,Newfoundland and Labrador,"Arts, entertainment and recreation [71]",939,B,47.4817,-52.7971
2020-06,Newfoundland and Labrador,"Arts, entertainment and recreation [71]",1307,C,47.4817,-52.7971
2020-07,Newfoundland and Labrador,"Arts, entertainment and recreation [71]",2067,C,47.4817,-52.7971
2020-08,Newfoundland and Labrador,"Arts, entertainment and recreation [71]",2295,B,47.4817,-52.7971
2020-09,Newfoundland and Labrador,"Arts, entertainment and recreation [71]",2199,A,47.4817,-52.7971
2020-10,Newfoundland and Labrador,"Arts, entertainment and recreation [71]",1847,B,47.4817,-52.7971
2020-11,Newfoundland and Labrador,"Arts, entertainment and recreation [71]",1711,B,47.4817,-52.7971
2020-12,Newfoundland and Labrador,"Arts, entertainment and recreation [71]",1692,A,47.4817,-52.7971
2021-01,Newfoundland and Labrador,"Arts, entertainment and recreation [71]",1590,A,47.4817,-52.7971
2021-02,Newfoundland and Labrador,"Arts, entertainment and recreation [71]",1423,A,47.4817,-52.7971
2021-03,Newfoundland and Labrador,"Arts, entertainment and recreation [71]",1178,B,47.4817,-52.7971
2021-04,Newfoundland and Labrador,"Arts, entertainment and recreation [71]",1464,B,47.4817,-52.7971
2021-05,Newfoundland and Labrador,"Arts, entertainment and recreation [71]",1648,A,47.4817,-52.7971
2021-06,Newfoundland and Labrador,"Arts, entertainment and recreation [71]",2147,A,47.4817,-52.7971
2021-07,Newfoundland and Labrador,"Arts, entertainment and recreation [71]",2716,A,47.4817,-52.7971
2021-08,Newfoundland and Labrador,"Arts, entertainment and recreation [71]",2917,A,47.4817,-52.7971
2021-09,Newfoundland and Labrador,"Arts, entertainment and recreation [71]",2583,B,47.4817,-52.7971
2021-10,Newfoundland and Labrador,"Arts, entertainment and recreation [71]",2193,B,47.4817,-52.7971
2021-11,Newfoundland and Labrador,"Arts, entertainment and recreation [71]",2004,A,47.4817,-52.7971
2021-12,Newfoundland and Labrador,"Arts, entertainment and recreation [71]",1936,B,47.4817,-52.7971
2022-01,Newfoundland and Labrador,"Arts, entertainment and recreation [71]",1626,A,47.4817,-52.7971
2022-02,Newfoundland and Labrador,"Arts, entertainment and recreation [71]",1776,B,47.4817,-52.7971
2022-03,Newfoundland and Labrador,"Arts, entertainment and recreation [71]",1837,B,47.4817,-52.7971
2022-04,Newfoundland and Labrador,"Arts, entertainment and recreation [71]",1956,A,47.4817,-52.7971
2022-05,Newfoundland and Labrador,"Arts, entertainment and recreation [71]",2227,A,47.4817,-52.7971
2022-06,Newfoundland and Labrador,"Arts, entertainment and recreation [71]",2664,C,47.4817,-52.7971
2022-07,Newfoundland and Labrador,"Arts, entertainment and recreation [71]",3231,B,47.4817,-52.7971
2022-08,Newfoundland and Labrador,"Arts, entertainment and recreation [71]",3322,B,47.4817,-52.7971
2022-09,Newfoundland and Labrador,"Arts, entertainment and recreation [71]",2974,C,47.4817,-52.7971
2022-10,Newfoundland and Labrador,"Arts, entertainment and recreation [71]",2404,B,47.4817,-52.7971
2022-11,Newfoundland and Labrador,"Arts, entertainment and recreation [71]",2197,B,47.4817,-52.7971
2022-12,Newfoundland and Labrador,"Arts, entertainment and recreation [71]",1992,B,47.4817,-52.7971
2023-01,Newfoundland and Labrador,"Arts, entertainment and recreation [71]",1905,B,47.4817,-52.7971
2023-02,Newfoundland and Labrador,"Arts, entertainment and recreation [71]",1900,A,47.4817,-52.7971
2023-03,Newfoundland and Labrador,"Arts, entertainment and recreation [71]",1858,B,47.4817,-52.7971
2023-04,Newfoundland and Labrador,"Arts, entertainment and recreation [71]",1871,A,47.4817,-52.7971
2023-05,Newfoundland and Labrador,"Arts, entertainment and recreation [71]",2174,A,47.4817,-52.7971
2023-06,Newfoundland and Labrador,"Arts, entertainment and recreation [71]",2852,B,47.4817,-52.7971
2023-07,Newfoundland and Labrador,"Arts, entertainment and recreation [71]",3308,B,47.4817,-52.7971
2023-08,Newfoundland and Labrador,"Arts, entertainment and recreation [71]",3338,B,47.4817,-52.7971
2023-09,Newfoundland and Labrador,"Arts, entertainment and recreation [71]",2856,B,47.4817,-52.7971
2023-10,Newfoundland and Labrador,"Arts, entertainment and recreation [71]",2435,B,47.4817,-52.7971
2023-11,Newfoundland and Labrador,"Arts, entertainment and recreation [71]",2164,A,47.4817,-52.7971
2023-12,Newfoundland and Labrador,"Arts, entertainment and recreation [71]",2067,B,47.4817,-52.7971
2024-01,Newfoundland and Labrador,"Arts, entertainment and recreation [71]",1989,B,47.4817,-52.7971
2024-02,Newfoundland and Labrador,"Arts, entertainment and recreation [71]",1947,B,47.4817,-52.7971
2018-01,Newfoundland and Labrador,Accommodation and food services [72],14467,A,47.4817,-52.7971
2018-02,Newfoundland and Labrador,Accommodation and food services [72],14219,A,47.4817,-52.7971
2018-03,Newfoundland and Labrador,Accommodation and food services [72],14628,A,47.4817,-52.7971
2018-04,Newfoundland and Labrador,Accommodation and food services [72],14657,A,47.4817,-52.7971
2018-05,Newfoundland and Labrador,Accommodation and food services [72],15331,A,47.4817,-52.7971
2018-06,Newfoundland and Labrador,Accommodation and food services [72],16542,A,47.4817,-52.7971
2018-07,Newfoundland and Labrador,Accommodation and food services [72],16799,A,47.4817,-52.7971
2018-08,Newfoundland and Labrador,Accommodation and food services [72],17207,A,47.4817,-52.7971
2018-09,Newfoundland and Labrador,Accommodation and food services [72],16969,A,47.4817,-52.7971
2018-10,Newfoundland and Labrador,Accommodation and food services [72],16038,A,47.4817,-52.7971
2018-11,Newfoundland and Labrador,Accommodation and food services [72],15381,A,47.4817,-52.7971
2018-12,Newfoundland and Labrador,Accommodation and food services [72],15283,A,47.4817,-52.7971
2019-01,Newfoundland and Labrador,Accommodation and food services [72],14891,A,47.4817,-52.7971
2019-02,Newfoundland and Labrador,Accommodation and food services [72],14676,A,47.4817,-52.7971
2019-03,Newfoundland and Labrador,Accommodation and food services [72],14877,A,47.4817,-52.7971
2019-04,Newfoundland and Labrador,Accommodation and food services [72],15145,A,47.4817,-52.7971
2019-05,Newfoundland and Labrador,Accommodation and food services [72],15922,A,47.4817,-52.7971
2019-06,Newfoundland and Labrador,Accommodation and food services [72],17197,A,47.4817,-52.7971
2019-07,Newfoundland and Labrador,Accommodation and food services [72],18088,A,47.4817,-52.7971
2019-08,Newfoundland and Labrador,Accommodation and food services [72],17922,A,47.4817,-52.7971
2019-09,Newfoundland and Labrador,Accommodation and food services [72],17772,B,47.4817,-52.7971
2019-10,Newfoundland and Labrador,Accommodation and food services [72],17056,B,47.4817,-52.7971
2019-11,Newfoundland and Labrador,Accommodation and food services [72],16108,A,47.4817,-52.7971
2019-12,Newfoundland and Labrador,Accommodation and food services [72],15922,B,47.4817,-52.7971
2020-01,Newfoundland and Labrador,Accommodation and food services [72],15136,B,47.4817,-52.7971
2020-02,Newfoundland and Labrador,Accommodation and food services [72],14726,C,47.4817,-52.7971
2020-03,Newfoundland and Labrador,Accommodation and food services [72],12698,B,47.4817,-52.7971
2020-04,Newfoundland and Labrador,Accommodation and food services [72],8566,B,47.4817,-52.7971
2020-05,Newfoundland and Labrador,Accommodation and food services [72],8079,B,47.4817,-52.7971
2020-06,Newfoundland and Labrador,Accommodation and food services [72],10943,B,47.4817,-52.7971
2020-07,Newfoundland and Labrador,Accommodation and food services [72],13250,B,47.4817,-52.7971
2020-08,Newfoundland and Labrador,Accommodation and food services [72],14200,B,47.4817,-52.7971
2020-09,Newfoundland and Labrador,Accommodation and food services [72],14351,A,47.4817,-52.7971
2020-10,Newfoundland and Labrador,Accommodation and food services [72],14034,A,47.4817,-52.7971
2020-11,Newfoundland and Labrador,Accommodation and food services [72],13512,B,47.4817,-52.7971
2020-12,Newfoundland and Labrador,Accommodation and food services [72],13113,B,47.4817,-52.7971
2021-01,Newfoundland and Labrador,Accommodation and food services [72],12835,B,47.4817,-52.7971
2021-02,Newfoundland and Labrador,Accommodation and food services [72],12162,B,47.4817,-52.7971
2021-03,Newfoundland and Labrador,Accommodation and food services [72],11143,B,47.4817,-52.7971
2021-04,Newfoundland and Labrador,Accommodation and food services [72],12746,B,47.4817,-52.7971
2021-05,Newfoundland and Labrador,Accommodation and food services [72],13617,B,47.4817,-52.7971
2021-06,Newfoundland and Labrador,Accommodation and food services [72],14346,B,47.4817,-52.7971
2021-07,Newfoundland and Labrador,Accommodation and food services [72],15665,B,47.4817,-52.7971
2021-08,Newfoundland and Labrador,Accommodation and food services [72],15710,B,47.4817,-52.7971
2021-09,Newfoundland and Labrador,Accommodation and food services [72],15804,B,47.4817,-52.7971
2021-10,Newfoundland and Labrador,Accommodation and food services [72],15091,B,47.4817,-52.7971
2021-11,Newfoundland and Labrador,Accommodation and food services [72],14355,B,47.4817,-52.7971
2021-12,Newfoundland and Labrador,Accommodation and food services [72],14230,B,47.4817,-52.7971
2022-01,Newfoundland and Labrador,Accommodation and food services [72],12830,B,47.4817,-52.7971
2022-02,Newfoundland and Labrador,Accommodation and food services [72],13273,B,47.4817,-52.7971
2022-03,Newfoundland and Labrador,Accommodation and food services [72],13895,B,47.4817,-52.7971
2022-04,Newfoundland and Labrador,Accommodation and food services [72],14635,B,47.4817,-52.7971
2022-05,Newfoundland and Labrador,Accommodation and food services [72],15440,B,47.4817,-52.7971
2022-06,Newfoundland and Labrador,Accommodation and food services [72],16756,C,47.4817,-52.7971
2022-07,Newfoundland and Labrador,Accommodation and food services [72],17597,B,47.4817,-52.7971
2022-08,Newfoundland and Labrador,Accommodation and food services [72],17488,B,47.4817,-52.7971
2022-09,Newfoundland and Labrador,Accommodation and food services [72],17544,B,47.4817,-52.7971
2022-10,Newfoundland and Labrador,Accommodation and food services [72],16588,B,47.4817,-52.7971
2022-11,Newfoundland and Labrador,Accommodation and food services [72],15787,C,47.4817,-52.7971
2022-12,Newfoundland and Labrador,Accommodation and food services [72],15980,B,47.4817,-52.7971
2023-01,Newfoundland and Labrador,Accommodation and food services [72],14634,B,47.4817,-52.7971
2023-02,Newfoundland and Labrador,Accommodation and food services [72],14618,B,47.4817,-52.7971
2023-03,Newfoundland and Labrador,Accommodation and food services [72],14561,B,47.4817,-52.7971
2023-04,Newfoundland and Labrador,Accommodation and food services [72],14630,B,47.4817,-52.7971
2023-05,Newfoundland and Labrador,Accommodation and food services [72],15632,B,47.4817,-52.7971
2023-06,Newfoundland and Labrador,Accommodation and food services [72],16783,C,47.4817,-52.7971
2023-07,Newfoundland and Labrador,Accommodation and food services [72],17611,C,47.4817,-52.7971
2023-08,Newfoundland and Labrador,Accommodation and food services [72],17541,B,47.4817,-52.7971
2023-09,Newfoundland and Labrador,Accommodation and food services [72],17343,B,47.4817,-52.7971
2023-10,Newfoundland and Labrador,Accommodation and food services [72],16266,B,47.4817,-52.7971
2023-11,Newfoundland and Labrador,Accommodation and food services [72],15199,B,47.4817,-52.7971
2023-12,Newfoundland and Labrador,Accommodation and food services [72],14996,B,47.4817,-52.7971
2024-01,Newfoundland and Labrador,Accommodation and food services [72],14659,B,47.4817,-52.7971
2024-02,Newfoundland and Labrador,Accommodation and food services [72],14313,C,47.4817,-52.7971
2018-01,Newfoundland and Labrador,Other services (except public administration) [81],6392,A,47.4817,-52.7971
2018-02,Newfoundland and Labrador,Other services (except public administration) [81],6145,A,47.4817,-52.7971
2018-03,Newfoundland and Labrador,Other services (except public administration) [81],6130,A,47.4817,-52.7971
2018-04,Newfoundland and Labrador,Other services (except public administration) [81],6177,A,47.4817,-52.7971
2018-05,Newfoundland and Labrador,Other services (except public administration) [81],6161,A,47.4817,-52.7971
2018-06,Newfoundland and Labrador,Other services (except public administration) [81],6529,A,47.4817,-52.7971
2018-07,Newfoundland and Labrador,Other services (except public administration) [81],7098,A,47.4817,-52.7971
2018-08,Newfoundland and Labrador,Other services (except public administration) [81],7142,A,47.4817,-52.7971
2018-09,Newfoundland and Labrador,Other services (except public administration) [81],6694,A,47.4817,-52.7971
2018-10,Newfoundland and Labrador,Other services (except public administration) [81],6572,A,47.4817,-52.7971
2018-11,Newfoundland and Labrador,Other services (except public administration) [81],6666,A,47.4817,-52.7971
2018-12,Newfoundland and Labrador,Other services (except public administration) [81],6461,A,47.4817,-52.7971
2019-01,Newfoundland and Labrador,Other services (except public administration) [81],6316,A,47.4817,-52.7971
2019-02,Newfoundland and Labrador,Other services (except public administration) [81],6199,A,47.4817,-52.7971
2019-03,Newfoundland and Labrador,Other services (except public administration) [81],6242,A,47.4817,-52.7971
2019-04,Newfoundland and Labrador,Other services (except public administration) [81],6277,A,47.4817,-52.7971
2019-05,Newfoundland and Labrador,Other services (except public administration) [81],6487,A,47.4817,-52.7971
2019-06,Newfoundland and Labrador,Other services (except public administration) [81],6748,A,47.4817,-52.7971
2019-07,Newfoundland and Labrador,Other services (except public administration) [81],7302,A,47.4817,-52.7971
2019-08,Newfoundland and Labrador,Other services (except public administration) [81],7272,A,47.4817,-52.7971
2019-09,Newfoundland and Labrador,Other services (except public administration) [81],6810,C,47.4817,-52.7971
2019-10,Newfoundland and Labrador,Other services (except public administration) [81],6584,A,47.4817,-52.7971
2019-11,Newfoundland and Labrador,Other services (except public administration) [81],6569,B,47.4817,-52.7971
2019-12,Newfoundland and Labrador,Other services (except public administration) [81],6499,A,47.4817,-52.7971
2020-01,Newfoundland and Labrador,Other services (except public administration) [81],6304,A,47.4817,-52.7971
2020-02,Newfoundland and Labrador,Other services (except public administration) [81],6199,B,47.4817,-52.7971
2020-03,Newfoundland and Labrador,Other services (except public administration) [81],5435,B,47.4817,-52.7971
2020-04,Newfoundland and Labrador,Other services (except public administration) [81],4343,B,47.4817,-52.7971
2020-05,Newfoundland and Labrador,Other services (except public administration) [81],4035,B,47.4817,-52.7971
2020-06,Newfoundland and Labrador,Other services (except public administration) [81],5308,B,47.4817,-52.7971
2020-07,Newfoundland and Labrador,Other services (except public administration) [81],6031,B,47.4817,-52.7971
2020-08,Newfoundland and Labrador,Other services (except public administration) [81],6218,A,47.4817,-52.7971
2020-09,Newfoundland and Labrador,Other services (except public administration) [81],6092,A,47.4817,-52.7971
2020-10,Newfoundland and Labrador,Other services (except public administration) [81],5998,B,47.4817,-52.7971
2020-11,Newfoundland and Labrador,Other services (except public administration) [81],6087,B,47.4817,-52.7971
2020-12,Newfoundland and Labrador,Other services (except public administration) [81],5916,B,47.4817,-52.7971
2021-01,Newfoundland and Labrador,Other services (except public administration) [81],5631,B,47.4817,-52.7971
2021-02,Newfoundland and Labrador,Other services (except public administration) [81],5529,B,47.4817,-52.7971
2021-03,Newfoundland and Labrador,Other services (except public administration) [81],5280,B,47.4817,-52.7971
2021-04,Newfoundland and Labrador,Other services (except public administration) [81],5481,A,47.4817,-52.7971
2021-05,Newfoundland and Labrador,Other services (except public administration) [81],5745,A,47.4817,-52.7971
2021-06,Newfoundland and Labrador,Other services (except public administration) [81],6038,A,47.4817,-52.7971
2021-07,Newfoundland and Labrador,Other services (except public administration) [81],6519,B,47.4817,-52.7971
2021-08,Newfoundland and Labrador,Other services (except public administration) [81],6496,B,47.4817,-52.7971
2021-09,Newfoundland and Labrador,Other services (except public administration) [81],6261,A,47.4817,-52.7971
2021-10,Newfoundland and Labrador,Other services (except public administration) [81],6062,B,47.4817,-52.7971
2021-11,Newfoundland and Labrador,Other services (except public administration) [81],6208,A,47.4817,-52.7971
2021-12,Newfoundland and Labrador,Other services (except public administration) [81],6261,A,47.4817,-52.7971
2022-01,Newfoundland and Labrador,Other services (except public administration) [81],5843,A,47.4817,-52.7971
2022-02,Newfoundland and Labrador,Other services (except public administration) [81],5866,A,47.4817,-52.7971
2022-03,Newfoundland and Labrador,Other services (except public administration) [81],5855,A,47.4817,-52.7971
2022-04,Newfoundland and Labrador,Other services (except public administration) [81],5896,B,47.4817,-52.7971
2022-05,Newfoundland and Labrador,Other services (except public administration) [81],5951,B,47.4817,-52.7971
2022-06,Newfoundland and Labrador,Other services (except public administration) [81],6485,C,47.4817,-52.7971
2022-07,Newfoundland and Labrador,Other services (except public administration) [81],6822,B,47.4817,-52.7971
2022-08,Newfoundland and Labrador,Other services (except public administration) [81],6836,B,47.4817,-52.7971
2022-09,Newfoundland and Labrador,Other services (except public administration) [81],6492,B,47.4817,-52.7971
2022-10,Newfoundland and Labrador,Other services (except public administration) [81],6280,B,47.4817,-52.7971
2022-11,Newfoundland and Labrador,Other services (except public administration) [81],6246,B,47.4817,-52.7971
2022-12,Newfoundland and Labrador,Other services (except public administration) [81],6231,B,47.4817,-52.7971
2023-01,Newfoundland and Labrador,Other services (except public administration) [81],5887,B,47.4817,-52.7971
2023-02,Newfoundland and Labrador,Other services (except public administration) [81],5980,B,47.4817,-52.7971
2023-03,Newfoundland and Labrador,Other services (except public administration) [81],5960,B,47.4817,-52.7971
2023-04,Newfoundland and Labrador,Other services (except public administration) [81],5922,B,47.4817,-52.7971
2023-05,Newfoundland and Labrador,Other services (except public administration) [81],6070,B,47.4817,-52.7971
2023-06,Newfoundland and Labrador,Other services (except public administration) [81],6314,B,47.4817,-52.7971
2023-07,Newfoundland and Labrador,Other services (except public administration) [81],6740,B,47.4817,-52.7971
2023-08,Newfoundland and Labrador,Other services (except public administration) [81],6820,B,47.4817,-52.7971
2023-09,Newfoundland and Labrador,Other services (except public administration) [81],6410,B,47.4817,-52.7971
2023-10,Newfoundland and Labrador,Other services (except public administration) [81],6223,A,47.4817,-52.7971
2023-11,Newfoundland and Labrador,Other services (except public administration) [81],6143,A,47.4817,-52.7971
2023-12,Newfoundland and Labrador,Other services (except public administration) [81],6163,B,47.4817,-52.7971
2024-01,Newfoundland and Labrador,Other services (except public administration) [81],6030,B,47.4817,-52.7971
2024-02,Newfoundland and Labrador,Other services (except public administration) [81],6045,B,47.4817,-52.7971
2018-01,Newfoundland and Labrador,Public administration [91],19401,A,47.4817,-52.7971
2018-02,Newfoundland and Labrador,Public administration [91],19207,A,47.4817,-52.7971
2018-03,Newfoundland and Labrador,Public administration [91],19443,A,47.4817,-52.7971
2018-04,Newfoundland and Labrador,Public administration [91],18868,A,47.4817,-52.7971
2018-05,Newfoundland and Labrador,Public administration [91],19405,A,47.4817,-52.7971
2018-06,Newfoundland and Labrador,Public administration [91],20136,A,47.4817,-52.7971
2018-07,Newfoundland and Labrador,Public administration [91],21007,A,47.4817,-52.7971
2018-08,Newfoundland and Labrador,Public administration [91],20687,A,47.4817,-52.7971
2018-09,Newfoundland and Labrador,Public administration [91],19847,A,47.4817,-52.7971
2018-10,Newfoundland and Labrador,Public administration [91],19467,A,47.4817,-52.7971
2018-11,Newfoundland and Labrador,Public administration [91],19499,A,47.4817,-52.7971
2018-12,Newfoundland and Labrador,Public administration [91],19748,A,47.4817,-52.7971
2019-01,Newfoundland and Labrador,Public administration [91],19482,A,47.4817,-52.7971
2019-02,Newfoundland and Labrador,Public administration [91],19378,A,47.4817,-52.7971
2019-03,Newfoundland and Labrador,Public administration [91],19453,A,47.4817,-52.7971
2019-04,Newfoundland and Labrador,Public administration [91],19159,A,47.4817,-52.7971
2019-05,Newfoundland and Labrador,Public administration [91],19461,A,47.4817,-52.7971
2019-06,Newfoundland and Labrador,Public administration [91],20128,A,47.4817,-52.7971
2019-07,Newfoundland and Labrador,Public administration [91],21227,A,47.4817,-52.7971
2019-08,Newfoundland and Labrador,Public administration [91],20704,A,47.4817,-52.7971
2019-09,Newfoundland and Labrador,Public administration [91],19568,B,47.4817,-52.7971
2019-10,Newfoundland and Labrador,Public administration [91],19294,A,47.4817,-52.7971
2019-11,Newfoundland and Labrador,Public administration [91],19699,A,47.4817,-52.7971
2019-12,Newfoundland and Labrador,Public administration [91],20070,A,47.4817,-52.7971
2020-01,Newfoundland and Labrador,Public administration [91],19819,A,47.4817,-52.7971
2020-02,Newfoundland and Labrador,Public administration [91],19604,B,47.4817,-52.7971
2020-03,Newfoundland and Labrador,Public administration [91],19462,B,47.4817,-52.7971
2020-04,Newfoundland and Labrador,Public administration [91],18673,B,47.4817,-52.7971
2020-05,Newfoundland and Labrador,Public administration [91],18601,B,47.4817,-52.7971
2020-06,Newfoundland and Labrador,Public administration [91],19220,B,47.4817,-52.7971
2020-07,Newfoundland and Labrador,Public administration [91],19735,B,47.4817,-52.7971
2020-08,Newfoundland and Labrador,Public administration [91],20114,B,47.4817,-52.7971
2020-09,Newfoundland and Labrador,Public administration [91],19859,B,47.4817,-52.7971
2020-10,Newfoundland and Labrador,Public administration [91],19496,A,47.4817,-52.7971
2020-11,Newfoundland and Labrador,Public administration [91],19824,B,47.4817,-52.7971
2020-12,Newfoundland and Labrador,Public administration [91],20539,B,47.4817,-52.7971
2021-01,Newfoundland and Labrador,Public administration [91],20111,B,47.4817,-52.7971
2021-02,Newfoundland and Labrador,Public administration [91],20115,B,47.4817,-52.7971
2021-03,Newfoundland and Labrador,Public administration [91],20064,B,47.4817,-52.7971
2021-04,Newfoundland and Labrador,Public administration [91],20071,B,47.4817,-52.7971
2021-05,Newfoundland and Labrador,Public administration [91],20834,B,47.4817,-52.7971
2021-06,Newfoundland and Labrador,Public administration [91],21381,B,47.4817,-52.7971
2021-07,Newfoundland and Labrador,Public administration [91],22010,B,47.4817,-52.7971
2021-08,Newfoundland and Labrador,Public administration [91],21616,B,47.4817,-52.7971
2021-09,Newfoundland and Labrador,Public administration [91],21047,B,47.4817,-52.7971
2021-10,Newfoundland and Labrador,Public administration [91],20656,B,47.4817,-52.7971
2021-11,Newfoundland and Labrador,Public administration [91],20519,B,47.4817,-52.7971
2021-12,Newfoundland and Labrador,Public administration [91],21567,B,47.4817,-52.7971
2022-01,Newfoundland and Labrador,Public administration [91],20742,B,47.4817,-52.7971
2022-02,Newfoundland and Labrador,Public administration [91],20788,B,47.4817,-52.7971
2022-03,Newfoundland and Labrador,Public administration [91],20979,B,47.4817,-52.7971
2022-04,Newfoundland and Labrador,Public administration [91],20582,B,47.4817,-52.7971
2022-05,Newfoundland and Labrador,Public administration [91],20881,B,47.4817,-52.7971
2022-06,Newfoundland and Labrador,Public administration [91],21557,B,47.4817,-52.7971
2022-07,Newfoundland and Labrador,Public administration [91],22462,B,47.4817,-52.7971
2022-08,Newfoundland and Labrador,Public administration [91],22492,B,47.4817,-52.7971
2022-09,Newfoundland and Labrador,Public administration [91],21632,B,47.4817,-52.7971
2022-10,Newfoundland and Labrador,Public administration [91],21337,B,47.4817,-52.7971
2022-11,Newfoundland and Labrador,Public administration [91],21479,B,47.4817,-52.7971
2022-12,Newfoundland and Labrador,Public administration [91],21969,B,47.4817,-52.7971
2023-01,Newfoundland and Labrador,Public administration [91],21514,B,47.4817,-52.7971
2023-02,Newfoundland and Labrador,Public administration [91],21318,B,47.4817,-52.7971
2023-03,Newfoundland and Labrador,Public administration [91],21278,A,47.4817,-52.7971
2023-04,Newfoundland and Labrador,Public administration [91],19102,B,47.4817,-52.7971
2023-05,Newfoundland and Labrador,Public administration [91],21206,B,47.4817,-52.7971
2023-06,Newfoundland and Labrador,Public administration [91],21567,B,47.4817,-52.7971
2023-07,Newfoundland and Labrador,Public administration [91],21886,C,47.4817,-52.7971
2023-08,Newfoundland and Labrador,Public administration [91],21912,B,47.4817,-52.7971
2023-09,Newfoundland and Labrador,Public administration [91],21097,B,47.4817,-52.7971
2023-10,Newfoundland and Labrador,Public administration [91],20805,B,47.4817,-52.7971
2023-11,Newfoundland and Labrador,Public administration [91],20774,B,47.4817,-52.7971
2023-12,Newfoundland and Labrador,Public administration [91],21397,B,47.4817,-52.7971
2024-01,Newfoundland and Labrador,Public administration [91],21387,B,47.4817,-52.7971
2024-02,Newfoundland and Labrador,Public administration [91],21530,B,47.4817,-52.7971
2018-01,Newfoundland and Labrador,Unclassified businesses [00],6403,A,47.4817,-52.7971
2018-02,Newfoundland and Labrador,Unclassified businesses [00],6388,A,47.4817,-52.7971
2018-03,Newfoundland and Labrador,Unclassified businesses [00],6308,A,47.4817,-52.7971
2018-04,Newfoundland and Labrador,Unclassified businesses [00],6508,A,47.4817,-52.7971
2018-05,Newfoundland and Labrador,Unclassified businesses [00],6356,A,47.4817,-52.7971
2018-06,Newfoundland and Labrador,Unclassified businesses [00],6601,A,47.4817,-52.7971
2018-07,Newfoundland and Labrador,Unclassified businesses [00],7014,A,47.4817,-52.7971
2018-08,Newfoundland and Labrador,Unclassified businesses [00],7148,A,47.4817,-52.7971
2018-09,Newfoundland and Labrador,Unclassified businesses [00],7020,A,47.4817,-52.7971
2018-10,Newfoundland and Labrador,Unclassified businesses [00],6148,A,47.4817,-52.7971
2018-11,Newfoundland and Labrador,Unclassified businesses [00],5237,A,47.4817,-52.7971
2018-12,Newfoundland and Labrador,Unclassified businesses [00],5109,A,47.4817,-52.7971
2019-01,Newfoundland and Labrador,Unclassified businesses [00],5231,A,47.4817,-52.7971
2019-02,Newfoundland and Labrador,Unclassified businesses [00],5150,A,47.4817,-52.7971
2019-03,Newfoundland and Labrador,Unclassified businesses [00],5355,A,47.4817,-52.7971
2019-04,Newfoundland and Labrador,Unclassified businesses [00],5457,A,47.4817,-52.7971
2019-05,Newfoundland and Labrador,Unclassified businesses [00],5592,A,47.4817,-52.7971
2019-06,Newfoundland and Labrador,Unclassified businesses [00],5514,A,47.4817,-52.7971
2019-07,Newfoundland and Labrador,Unclassified businesses [00],5668,A,47.4817,-52.7971
2019-08,Newfoundland and Labrador,Unclassified businesses [00],5873,A,47.4817,-52.7971
2019-09,Newfoundland and Labrador,Unclassified businesses [00],5622,B,47.4817,-52.7971
2019-10,Newfoundland and Labrador,Unclassified businesses [00],5409,B,47.4817,-52.7971
2019-11,Newfoundland and Labrador,Unclassified businesses [00],5238,B,47.4817,-52.7971
2019-12,Newfoundland and Labrador,Unclassified businesses [00],5084,B,47.4817,-52.7971
2020-01,Newfoundland and Labrador,Unclassified businesses [00],5137,B,47.4817,-52.7971
2020-02,Newfoundland and Labrador,Unclassified businesses [00],5038,B,47.4817,-52.7971
2020-03,Newfoundland and Labrador,Unclassified businesses [00],5031,B,47.4817,-52.7971
2020-04,Newfoundland and Labrador,Unclassified businesses [00],4585,B,47.4817,-52.7971
2020-05,Newfoundland and Labrador,Unclassified businesses [00],4387,B,47.4817,-52.7971
2020-06,Newfoundland and Labrador,Unclassified businesses [00],4603,B,47.4817,-52.7971
2020-07,Newfoundland and Labrador,Unclassified businesses [00],4882,B,47.4817,-52.7971
2020-08,Newfoundland and Labrador,Unclassified businesses [00],5290,B,47.4817,-52.7971
2020-09,Newfoundland and Labrador,Unclassified businesses [00],5348,B,47.4817,-52.7971
2020-10,Newfoundland and Labrador,Unclassified businesses [00],5399,B,47.4817,-52.7971
2020-11,Newfoundland and Labrador,Unclassified businesses [00],5051,B,47.4817,-52.7971
2020-12,Newfoundland and Labrador,Unclassified businesses [00],5051,B,47.4817,-52.7971
2021-01,Newfoundland and Labrador,Unclassified businesses [00],4869,B,47.4817,-52.7971
2021-02,Newfoundland and Labrador,Unclassified businesses [00],4699,B,47.4817,-52.7971
2021-03,Newfoundland and Labrador,Unclassified businesses [00],4657,A,47.4817,-52.7971
2021-04,Newfoundland and Labrador,Unclassified businesses [00],4673,A,47.4817,-52.7971
2021-05,Newfoundland and Labrador,Unclassified businesses [00],4942,B,47.4817,-52.7971
2021-06,Newfoundland and Labrador,Unclassified businesses [00],4970,B,47.4817,-52.7971
2021-07,Newfoundland and Labrador,Unclassified businesses [00],5198,B,47.4817,-52.7971
2021-08,Newfoundland and Labrador,Unclassified businesses [00],5168,B,47.4817,-52.7971
2021-09,Newfoundland and Labrador,Unclassified businesses [00],5180,B,47.4817,-52.7971
2021-10,Newfoundland and Labrador,Unclassified businesses [00],5155,B,47.4817,-52.7971
2021-11,Newfoundland and Labrador,Unclassified businesses [00],5003,B,47.4817,-52.7971
2021-12,Newfoundland and Labrador,Unclassified businesses [00],4814,B,47.4817,-52.7971
2022-01,Newfoundland and Labrador,Unclassified businesses [00],4793,B,47.4817,-52.7971
2022-02,Newfoundland and Labrador,Unclassified businesses [00],4724,B,47.4817,-52.7971
2022-03,Newfoundland and Labrador,Unclassified businesses [00],4971,B,47.4817,-52.7971
2022-04,Newfoundland and Labrador,Unclassified businesses [00],5060,B,47.4817,-52.7971
2022-05,Newfoundland and Labrador,Unclassified businesses [00],5248,B,47.4817,-52.7971
2022-06,Newfoundland and Labrador,Unclassified businesses [00],5652,B,47.4817,-52.7971
2022-07,Newfoundland and Labrador,Unclassified businesses [00],5963,B,47.4817,-52.7971
2022-08,Newfoundland and Labrador,Unclassified businesses [00],5812,B,47.4817,-52.7971
2022-09,Newfoundland and Labrador,Unclassified businesses [00],5854,B,47.4817,-52.7971
2022-10,Newfoundland and Labrador,Unclassified businesses [00],5689,B,47.4817,-52.7971
2022-11,Newfoundland and Labrador,Unclassified businesses [00],5411,B,47.4817,-52.7971
2022-12,Newfoundland and Labrador,Unclassified businesses [00],5422,B,47.4817,-52.7971
2023-01,Newfoundland and Labrador,Unclassified businesses [00],5614,B,47.4817,-52.7971
2023-02,Newfoundland and Labrador,Unclassified businesses [00],5425,B,47.4817,-52.7971
2023-03,Newfoundland and Labrador,Unclassified businesses [00],5355,B,47.4817,-52.7971
2023-04,Newfoundland and Labrador,Unclassified businesses [00],5869,B,47.4817,-52.7971
2023-05,Newfoundland and Labrador,Unclassified businesses [00],6045,B,47.4817,-52.7971
2023-06,Newfoundland and Labrador,Unclassified businesses [00],6325,B,47.4817,-52.7971
2023-07,Newfoundland and Labrador,Unclassified businesses [00],6514,B,47.4817,-52.7971
2023-08,Newfoundland and Labrador,Unclassified businesses [00],6615,B,47.4817,-52.7971
2023-09,Newfoundland and Labrador,Unclassified businesses [00],6693,B,47.4817,-52.7971
2023-10,Newfoundland and Labrador,Unclassified businesses [00],6315,B,47.4817,-52.7971
2023-11,Newfoundland and Labrador,Unclassified businesses [00],6229,B,47.4817,-52.7971
2023-12,Newfoundland and Labrador,Unclassified businesses [00],6152,B,47.4817,-52.7971
2024-01,Newfoundland and Labrador,Unclassified businesses [00],6156,B,47.4817,-52.7971
2024-02,Newfoundland and Labrador,Unclassified businesses [00],6169,B,47.4817,-52.7971
2018-01,Prince Edward Island,Goods producing industries [11-33N],8102,A,46.2403,-63.1347
2018-02,Prince Edward Island,Goods producing industries [11-33N],8122,A,46.2403,-63.1347
2018-03,Prince Edward Island,Goods producing industries [11-33N],8081,A,46.2403,-63.1347
2018-04,Prince Edward Island,Goods producing industries [11-33N],8513,A,46.2403,-63.1347
2018-05,Prince Edward Island,Goods producing industries [11-33N],10502,B,46.2403,-63.1347
2018-06,Prince Edward Island,Goods producing industries [11-33N],11117,A,46.2403,-63.1347
2018-07,Prince Edward Island,Goods producing industries [11-33N],10875,A,46.2403,-63.1347
2018-08,Prince Edward Island,Goods producing industries [11-33N],10968,A,46.2403,-63.1347
2018-09,Prince Edward Island,Goods producing industries [11-33N],10703,A,46.2403,-63.1347
2018-10,Prince Edward Island,Goods producing industries [11-33N],10398,A,46.2403,-63.1347
2018-11,Prince Edward Island,Goods producing industries [11-33N],10001,A,46.2403,-63.1347
2018-12,Prince Edward Island,Goods producing industries [11-33N],9506,A,46.2403,-63.1347
2019-01,Prince Edward Island,Goods producing industries [11-33N],8344,A,46.2403,-63.1347
2019-02,Prince Edward Island,Goods producing industries [11-33N],8657,A,46.2403,-63.1347
2019-03,Prince Edward Island,Goods producing industries [11-33N],8520,A,46.2403,-63.1347
2019-04,Prince Edward Island,Goods producing industries [11-33N],8686,A,46.2403,-63.1347
2019-05,Prince Edward Island,Goods producing industries [11-33N],10382,A,46.2403,-63.1347
2019-06,Prince Edward Island,Goods producing industries [11-33N],11179,A,46.2403,-63.1347
2019-07,Prince Edward Island,Goods producing industries [11-33N],11141,A,46.2403,-63.1347
2019-08,Prince Edward Island,Goods producing industries [11-33N],11569,A,46.2403,-63.1347
2019-09,Prince Edward Island,Goods producing industries [11-33N],11176,B,46.2403,-63.1347
2019-10,Prince Edward Island,Goods producing industries [11-33N],10802,B,46.2403,-63.1347
2019-11,Prince Edward Island,Goods producing industries [11-33N],10298,B,46.2403,-63.1347
2019-12,Prince Edward Island,Goods producing industries [11-33N],10224,B,46.2403,-63.1347
2020-01,Prince Edward Island,Goods producing industries [11-33N],9168,B,46.2403,-63.1347
2020-02,Prince Edward Island,Goods producing industries [11-33N],8961,B,46.2403,-63.1347
2020-03,Prince Edward Island,Goods producing industries [11-33N],8278,B,46.2403,-63.1347
2020-04,Prince Edward Island,Goods producing industries [11-33N],7461,B,46.2403,-63.1347
2020-05,Prince Edward Island,Goods producing industries [11-33N],9317,B,46.2403,-63.1347
2020-06,Prince Edward Island,Goods producing industries [11-33N],10862,C,46.2403,-63.1347
2020-07,Prince Edward Island,Goods producing industries [11-33N],10526,B,46.2403,-63.1347
2020-08,Prince Edward Island,Goods producing industries [11-33N],10765,B,46.2403,-63.1347
2020-09,Prince Edward Island,Goods producing industries [11-33N],10524,A,46.2403,-63.1347
2020-10,Prince Edward Island,Goods producing industries [11-33N],10628,A,46.2403,-63.1347
2020-11,Prince Edward Island,Goods producing industries [11-33N],9884,A,46.2403,-63.1347
2020-12,Prince Edward Island,Goods producing industries [11-33N],9627,B,46.2403,-63.1347
2021-01,Prince Edward Island,Goods producing industries [11-33N],8968,A,46.2403,-63.1347
2021-02,Prince Edward Island,Goods producing industries [11-33N],8657,B,46.2403,-63.1347
2021-03,Prince Edward Island,Goods producing industries [11-33N],8764,B,46.2403,-63.1347
2021-04,Prince Edward Island,Goods producing industries [11-33N],9419,B,46.2403,-63.1347
2021-05,Prince Edward Island,Goods producing industries [11-33N],10748,B,46.2403,-63.1347
2021-06,Prince Edward Island,Goods producing industries [11-33N],11117,B,46.2403,-63.1347
2021-07,Prince Edward Island,Goods producing industries [11-33N],11388,B,46.2403,-63.1347
2021-08,Prince Edward Island,Goods producing industries [11-33N],11513,B,46.2403,-63.1347
2021-09,Prince Edward Island,Goods producing industries [11-33N],11377,B,46.2403,-63.1347
2021-10,Prince Edward Island,Goods producing industries [11-33N],11284,A,46.2403,-63.1347
2021-11,Prince Edward Island,Goods producing industries [11-33N],10834,B,46.2403,-63.1347
2021-12,Prince Edward Island,Goods producing industries [11-33N],10590,B,46.2403,-63.1347
2022-01,Prince Edward Island,Goods producing industries [11-33N],9549,B,46.2403,-63.1347
2022-02,Prince Edward Island,Goods producing industries [11-33N],9300,B,46.2403,-63.1347
2022-03,Prince Edward Island,Goods producing industries [11-33N],9414,B,46.2403,-63.1347
2022-04,Prince Edward Island,Goods producing industries [11-33N],9788,B,46.2403,-63.1347
2022-05,Prince Edward Island,Goods producing industries [11-33N],11671,B,46.2403,-63.1347
2022-06,Prince Edward Island,Goods producing industries [11-33N],11857,B,46.2403,-63.1347
2022-07,Prince Edward Island,Goods producing industries [11-33N],12097,C,46.2403,-63.1347
2022-08,Prince Edward Island,Goods producing industries [11-33N],12410,B,46.2403,-63.1347
2022-09,Prince Edward Island,Goods producing industries [11-33N],11951,B,46.2403,-63.1347
2022-10,Prince Edward Island,Goods producing industries [11-33N],11986,B,46.2403,-63.1347
2022-11,Prince Edward Island,Goods producing industries [11-33N],11451,B,46.2403,-63.1347
2022-12,Prince Edward Island,Goods producing industries [11-33N],11408,B,46.2403,-63.1347
2023-01,Prince Edward Island,Goods producing industries [11-33N],10418,B,46.2403,-63.1347
2023-02,Prince Edward Island,Goods producing industries [11-33N],10070,B,46.2403,-63.1347
2023-03,Prince Edward Island,Goods producing industries [11-33N],10392,B,46.2403,-63.1347
2023-04,Prince Edward Island,Goods producing industries [11-33N],10830,A,46.2403,-63.1347
2023-05,Prince Edward Island,Goods producing industries [11-33N],12829,B,46.2403,-63.1347
2023-06,Prince Edward Island,Goods producing industries [11-33N],13253,B,46.2403,-63.1347
2023-07,Prince Edward Island,Goods producing industries [11-33N],13200,B,46.2403,-63.1347
2023-08,Prince Edward Island,Goods producing industries [11-33N],13228,B,46.2403,-63.1347
2023-09,Prince Edward Island,Goods producing industries [11-33N],13011,B,46.2403,-63.1347
2023-10,Prince Edward Island,Goods producing industries [11-33N],12575,B,46.2403,-63.1347
2023-11,Prince Edward Island,Goods producing industries [11-33N],11798,B,46.2403,-63.1347
2023-12,Prince Edward Island,Goods producing industries [11-33N],11115,B,46.2403,-63.1347
2024-01,Prince Edward Island,Goods producing industries [11-33N],10609,B,46.2403,-63.1347
2024-02,Prince Edward Island,Goods producing industries [11-33N],10462,B,46.2403,-63.1347
2018-01,Prince Edward Island,"Forestry, logging and support [11N]",63,B,46.2403,-63.1347
2018-02,Prince Edward Island,"Forestry, logging and support [11N]",72,A,46.2403,-63.1347
2018-03,Prince Edward Island,"Forestry, logging and support [11N]",49,A,46.2403,-63.1347
2018-04,Prince Edward Island,"Forestry, logging and support [11N]",45,A,46.2403,-63.1347
2018-05,Prince Edward Island,"Forestry, logging and support [11N]",58,A,46.2403,-63.1347
2018-06,Prince Edward Island,"Forestry, logging and support [11N]",68,A,46.2403,-63.1347
2018-07,Prince Edward Island,"Forestry, logging and support [11N]",72,A,46.2403,-63.1347
2018-08,Prince Edward Island,"Forestry, logging and support [11N]",70,A,46.2403,-63.1347
2018-09,Prince Edward Island,"Forestry, logging and support [11N]",74,A,46.2403,-63.1347
2018-10,Prince Edward Island,"Forestry, logging and support [11N]",69,A,46.2403,-63.1347
2018-11,Prince Edward Island,"Forestry, logging and support [11N]",57,A,46.2403,-63.1347
2018-12,Prince Edward Island,"Forestry, logging and support [11N]",56,A,46.2403,-63.1347
2019-01,Prince Edward Island,"Forestry, logging and support [11N]",51,A,46.2403,-63.1347
2019-02,Prince Edward Island,"Forestry, logging and support [11N]",54,A,46.2403,-63.1347
2019-03,Prince Edward Island,"Forestry, logging and support [11N]",45,A,46.2403,-63.1347
2019-04,Prince Edward Island,"Forestry, logging and support [11N]",35,A,46.2403,-63.1347
2019-05,Prince Edward Island,"Forestry, logging and support [11N]",54,A,46.2403,-63.1347
2019-06,Prince Edward Island,"Forestry, logging and support [11N]",70,A,46.2403,-63.1347
2019-07,Prince Edward Island,"Forestry, logging and support [11N]",75,A,46.2403,-63.1347
2019-08,Prince Edward Island,"Forestry, logging and support [11N]",73,A,46.2403,-63.1347
2019-09,Prince Edward Island,"Forestry, logging and support [11N]",79,B,46.2403,-63.1347
2019-10,Prince Edward Island,"Forestry, logging and support [11N]",69,B,46.2403,-63.1347
2019-11,Prince Edward Island,"Forestry, logging and support [11N]",65,B,46.2403,-63.1347
2019-12,Prince Edward Island,"Forestry, logging and support [11N]",66,B,46.2403,-63.1347
2020-01,Prince Edward Island,"Forestry, logging and support [11N]",62,C,46.2403,-63.1347
2020-02,Prince Edward Island,"Forestry, logging and support [11N]",61,C,46.2403,-63.1347
2020-03,Prince Edward Island,"Forestry, logging and support [11N]",47,C,46.2403,-63.1347
2020-04,Prince Edward Island,"Forestry, logging and support [11N]",43,C,46.2403,-63.1347
2020-05,Prince Edward Island,"Forestry, logging and support [11N]",63,C,46.2403,-63.1347
2020-06,Prince Edward Island,"Forestry, logging and support [11N]",66,B,46.2403,-63.1347
2020-07,Prince Edward Island,"Forestry, logging and support [11N]",68,B,46.2403,-63.1347
2020-08,Prince Edward Island,"Forestry, logging and support [11N]",56,A,46.2403,-63.1347
2020-09,Prince Edward Island,"Forestry, logging and support [11N]",66,B,46.2403,-63.1347
2020-10,Prince Edward Island,"Forestry, logging and support [11N]",60,B,46.2403,-63.1347
2020-11,Prince Edward Island,"Forestry, logging and support [11N]",61,B,46.2403,-63.1347
2020-12,Prince Edward Island,"Forestry, logging and support [11N]",54,C,46.2403,-63.1347
2021-01,Prince Edward Island,"Forestry, logging and support [11N]",49,C,46.2403,-63.1347
2021-02,Prince Edward Island,"Forestry, logging and support [11N]",45,A,46.2403,-63.1347
2021-03,Prince Edward Island,"Forestry, logging and support [11N]",37,B,46.2403,-63.1347
2021-04,Prince Edward Island,"Forestry, logging and support [11N]",38,B,46.2403,-63.1347
2021-05,Prince Edward Island,"Forestry, logging and support [11N]",48,B,46.2403,-63.1347
2021-06,Prince Edward Island,"Forestry, logging and support [11N]",58,B,46.2403,-63.1347
2021-07,Prince Edward Island,"Forestry, logging and support [11N]",62,B,46.2403,-63.1347
2021-08,Prince Edward Island,"Forestry, logging and support [11N]",59,B,46.2403,-63.1347
2021-09,Prince Edward Island,"Forestry, logging and support [11N]",68,B,46.2403,-63.1347
2021-10,Prince Edward Island,"Forestry, logging and support [11N]",67,A,46.2403,-63.1347
2021-11,Prince Edward Island,"Forestry, logging and support [11N]",54,A,46.2403,-63.1347
2021-12,Prince Edward Island,"Forestry, logging and support [11N]",59,E,46.2403,-63.1347
2022-01,Prince Edward Island,"Forestry, logging and support [11N]",49,C,46.2403,-63.1347
2022-02,Prince Edward Island,"Forestry, logging and support [11N]",47,E,46.2403,-63.1347
2022-03,Prince Edward Island,"Forestry, logging and support [11N]",42,B,46.2403,-63.1347
2022-04,Prince Edward Island,"Forestry, logging and support [11N]",38,A,46.2403,-63.1347
2022-05,Prince Edward Island,"Forestry, logging and support [11N]",43,B,46.2403,-63.1347
2022-06,Prince Edward Island,"Forestry, logging and support [11N]",57,C,46.2403,-63.1347
2022-07,Prince Edward Island,"Forestry, logging and support [11N]",61,B,46.2403,-63.1347
2022-08,Prince Edward Island,"Forestry, logging and support [11N]",62,B,46.2403,-63.1347
2022-09,Prince Edward Island,"Forestry, logging and support [11N]",66,C,46.2403,-63.1347
2022-10,Prince Edward Island,"Forestry, logging and support [11N]",63,B,46.2403,-63.1347
2022-11,Prince Edward Island,"Forestry, logging and support [11N]",61,C,46.2403,-63.1347
2022-12,Prince Edward Island,"Forestry, logging and support [11N]",59,C,46.2403,-63.1347
2023-01,Prince Edward Island,"Forestry, logging and support [11N]",60,C,46.2403,-63.1347
2023-02,Prince Edward Island,"Forestry, logging and support [11N]",57,B,46.2403,-63.1347
2023-03,Prince Edward Island,"Forestry, logging and support [11N]",43,B,46.2403,-63.1347
2023-04,Prince Edward Island,"Forestry, logging and support [11N]",41,B,46.2403,-63.1347
2023-05,Prince Edward Island,"Forestry, logging and support [11N]",52,C,46.2403,-63.1347
2023-06,Prince Edward Island,"Forestry, logging and support [11N]",58,B,46.2403,-63.1347
2023-07,Prince Edward Island,"Forestry, logging and support [11N]",58,C,46.2403,-63.1347
2023-08,Prince Edward Island,"Forestry, logging and support [11N]",58,B,46.2403,-63.1347
2023-09,Prince Edward Island,"Forestry, logging and support [11N]",58,A,46.2403,-63.1347
2023-10,Prince Edward Island,"Forestry, logging and support [11N]",56,B,46.2403,-63.1347
2023-11,Prince Edward Island,"Forestry, logging and support [11N]",54,B,46.2403,-63.1347
2023-12,Prince Edward Island,"Forestry, logging and support [11N]",46,B,46.2403,-63.1347
2024-01,Prince Edward Island,"Forestry, logging and support [11N]",,x,46.2403,-63.1347
2024-02,Prince Edward Island,"Forestry, logging and support [11N]",,x,46.2403,-63.1347
2018-01,Prince Edward Island,"Mining, quarrying, and oil and gas extraction [21]",,x,46.2403,-63.1347
2018-02,Prince Edward Island,"Mining, quarrying, and oil and gas extraction [21]",,x,46.2403,-63.1347
2018-03,Prince Edward Island,"Mining, quarrying, and oil and gas extraction [21]",,x,46.2403,-63.1347
2018-04,Prince Edward Island,"Mining, quarrying, and oil and gas extraction [21]",,x,46.2403,-63.1347
2018-05,Prince Edward Island,"Mining, quarrying, and oil and gas extraction [21]",,x,46.2403,-63.1347
2018-06,Prince Edward Island,"Mining, quarrying, and oil and gas extraction [21]",,x,46.2403,-63.1347
2018-07,Prince Edward Island,"Mining, quarrying, and oil and gas extraction [21]",,x,46.2403,-63.1347
2018-08,Prince Edward Island,"Mining, quarrying, and oil and gas extraction [21]",,x,46.2403,-63.1347
2018-09,Prince Edward Island,"Mining, quarrying, and oil and gas extraction [21]",,x,46.2403,-63.1347
2018-10,Prince Edward Island,"Mining, quarrying, and oil and gas extraction [21]",,x,46.2403,-63.1347
2018-11,Prince Edward Island,"Mining, quarrying, and oil and gas extraction [21]",,x,46.2403,-63.1347
2018-12,Prince Edward Island,"Mining, quarrying, and oil and gas extraction [21]",,x,46.2403,-63.1347
2019-01,Prince Edward Island,"Mining, quarrying, and oil and gas extraction [21]",20,B,46.2403,-63.1347
2019-02,Prince Edward Island,"Mining, quarrying, and oil and gas extraction [21]",19,B,46.2403,-63.1347
2019-03,Prince Edward Island,"Mining, quarrying, and oil and gas extraction [21]",20,C,46.2403,-63.1347
2019-04,Prince Edward Island,"Mining, quarrying, and oil and gas extraction [21]",20,D,46.2403,-63.1347
2019-05,Prince Edward Island,"Mining, quarrying, and oil and gas extraction [21]",,F,46.2403,-63.1347
2019-06,Prince Edward Island,"Mining, quarrying, and oil and gas extraction [21]",36,C,46.2403,-63.1347
2019-07,Prince Edward Island,"Mining, quarrying, and oil and gas extraction [21]",41,A,46.2403,-63.1347
2019-08,Prince Edward Island,"Mining, quarrying, and oil and gas extraction [21]",42,A,46.2403,-63.1347
2019-09,Prince Edward Island,"Mining, quarrying, and oil and gas extraction [21]",27,B,46.2403,-63.1347
2019-10,Prince Edward Island,"Mining, quarrying, and oil and gas extraction [21]",35,B,46.2403,-63.1347
2019-11,Prince Edward Island,"Mining, quarrying, and oil and gas extraction [21]",26,A,46.2403,-63.1347
2019-12,Prince Edward Island,"Mining, quarrying, and oil and gas extraction [21]",23,B,46.2403,-63.1347
2020-01,Prince Edward Island,"Mining, quarrying, and oil and gas extraction [21]",16,A,46.2403,-63.1347
2020-02,Prince Edward Island,"Mining, quarrying, and oil and gas extraction [21]",14,B,46.2403,-63.1347
2020-03,Prince Edward Island,"Mining, quarrying, and oil and gas extraction [21]",18,C,46.2403,-63.1347
2020-04,Prince Edward Island,"Mining, quarrying, and oil and gas extraction [21]",15,D,46.2403,-63.1347
2020-05,Prince Edward Island,"Mining, quarrying, and oil and gas extraction [21]",,F,46.2403,-63.1347
2020-06,Prince Edward Island,"Mining, quarrying, and oil and gas extraction [21]",35,D,46.2403,-63.1347
2020-07,Prince Edward Island,"Mining, quarrying, and oil and gas extraction [21]",39,C,46.2403,-63.1347
2020-08,Prince Edward Island,"Mining, quarrying, and oil and gas extraction [21]",36,E,46.2403,-63.1347
2020-09,Prince Edward Island,"Mining, quarrying, and oil and gas extraction [21]",33,B,46.2403,-63.1347
2020-10,Prince Edward Island,"Mining, quarrying, and oil and gas extraction [21]",25,B,46.2403,-63.1347
2020-11,Prince Edward Island,"Mining, quarrying, and oil and gas extraction [21]",17,C,46.2403,-63.1347
2020-12,Prince Edward Island,"Mining, quarrying, and oil and gas extraction [21]",16,B,46.2403,-63.1347
2021-01,Prince Edward Island,"Mining, quarrying, and oil and gas extraction [21]",16,D,46.2403,-63.1347
2021-02,Prince Edward Island,"Mining, quarrying, and oil and gas extraction [21]",17,A,46.2403,-63.1347
2021-03,Prince Edward Island,"Mining, quarrying, and oil and gas extraction [21]",16,B,46.2403,-63.1347
2021-04,Prince Edward Island,"Mining, quarrying, and oil and gas extraction [21]",14,B,46.2403,-63.1347
2021-05,Prince Edward Island,"Mining, quarrying, and oil and gas extraction [21]",18,A,46.2403,-63.1347
2021-06,Prince Edward Island,"Mining, quarrying, and oil and gas extraction [21]",31,A,46.2403,-63.1347
2021-07,Prince Edward Island,"Mining, quarrying, and oil and gas extraction [21]",,F,46.2403,-63.1347
2021-08,Prince Edward Island,"Mining, quarrying, and oil and gas extraction [21]",38,A,46.2403,-63.1347
2021-09,Prince Edward Island,"Mining, quarrying, and oil and gas extraction [21]",35,A,46.2403,-63.1347
2021-10,Prince Edward Island,"Mining, quarrying, and oil and gas extraction [21]",32,A,46.2403,-63.1347
2021-11,Prince Edward Island,"Mining, quarrying, and oil and gas extraction [21]",19,A,46.2403,-63.1347
2021-12,Prince Edward Island,"Mining, quarrying, and oil and gas extraction [21]",16,A,46.2403,-63.1347
2022-01,Prince Edward Island,"Mining, quarrying, and oil and gas extraction [21]",16,B,46.2403,-63.1347
2022-02,Prince Edward Island,"Mining, quarrying, and oil and gas extraction [21]",14,B,46.2403,-63.1347
2022-03,Prince Edward Island,"Mining, quarrying, and oil and gas extraction [21]",15,B,46.2403,-63.1347
2022-04,Prince Edward Island,"Mining, quarrying, and oil and gas extraction [21]",15,D,46.2403,-63.1347
2022-05,Prince Edward Island,"Mining, quarrying, and oil and gas extraction [21]",19,B,46.2403,-63.1347
2022-06,Prince Edward Island,"Mining, quarrying, and oil and gas extraction [21]",37,C,46.2403,-63.1347
2022-07,Prince Edward Island,"Mining, quarrying, and oil and gas extraction [21]",47,C,46.2403,-63.1347
2022-08,Prince Edward Island,"Mining, quarrying, and oil and gas extraction [21]",,F,46.2403,-63.1347
2022-09,Prince Edward Island,"Mining, quarrying, and oil and gas extraction [21]",40,B,46.2403,-63.1347
2022-10,Prince Edward Island,"Mining, quarrying, and oil and gas extraction [21]",31,C,46.2403,-63.1347
2022-11,Prince Edward Island,"Mining, quarrying, and oil and gas extraction [21]",20,B,46.2403,-63.1347
2022-12,Prince Edward Island,"Mining, quarrying, and oil and gas extraction [21]",11,B,46.2403,-63.1347
2023-01,Prince Edward Island,"Mining, quarrying, and oil and gas extraction [21]",11,B,46.2403,-63.1347
2023-02,Prince Edward Island,"Mining, quarrying, and oil and gas extraction [21]",11,B,46.2403,-63.1347
2023-03,Prince Edward Island,"Mining, quarrying, and oil and gas extraction [21]",14,B,46.2403,-63.1347
2023-04,Prince Edward Island,"Mining, quarrying, and oil and gas extraction [21]",12,B,46.2403,-63.1347
2023-05,Prince Edward Island,"Mining, quarrying, and oil and gas extraction [21]",14,B,46.2403,-63.1347
2023-06,Prince Edward Island,"Mining, quarrying, and oil and gas extraction [21]",24,B,46.2403,-63.1347
2023-07,Prince Edward Island,"Mining, quarrying, and oil and gas extraction [21]",33,C,46.2403,-63.1347
2023-08,Prince Edward Island,"Mining, quarrying, and oil and gas extraction [21]",38,B,46.2403,-63.1347
2023-09,Prince Edward Island,"Mining, quarrying, and oil and gas extraction [21]",34,B,46.2403,-63.1347
2023-10,Prince Edward Island,"Mining, quarrying, and oil and gas extraction [21]",26,C,46.2403,-63.1347
2023-11,Prince Edward Island,"Mining, quarrying, and oil and gas extraction [21]",18,B,46.2403,-63.1347
2023-12,Prince Edward Island,"Mining, quarrying, and oil and gas extraction [21]",19,B,46.2403,-63.1347
2024-01,Prince Edward Island,"Mining, quarrying, and oil and gas extraction [21]",,x,46.2403,-63.1347
2024-02,Prince Edward Island,"Mining, quarrying, and oil and gas extraction [21]",,x,46.2403,-63.1347
2018-01,Prince Edward Island,"Utilities [22,221]",,x,46.2403,-63.1347
2018-02,Prince Edward Island,"Utilities [22,221]",,x,46.2403,-63.1347
2018-03,Prince Edward Island,"Utilities [22,221]",,x,46.2403,-63.1347
2018-04,Prince Edward Island,"Utilities [22,221]",,x,46.2403,-63.1347
2018-05,Prince Edward Island,"Utilities [22,221]",,x,46.2403,-63.1347
2018-06,Prince Edward Island,"Utilities [22,221]",,x,46.2403,-63.1347
2018-07,Prince Edward Island,"Utilities [22,221]",,x,46.2403,-63.1347
2018-08,Prince Edward Island,"Utilities [22,221]",,x,46.2403,-63.1347
2018-09,Prince Edward Island,"Utilities [22,221]",,x,46.2403,-63.1347
2018-10,Prince Edward Island,"Utilities [22,221]",,x,46.2403,-63.1347
2018-11,Prince Edward Island,"Utilities [22,221]",,x,46.2403,-63.1347
2018-12,Prince Edward Island,"Utilities [22,221]",,x,46.2403,-63.1347
2019-01,Prince Edward Island,"Utilities [22,221]",462,A,46.2403,-63.1347
2019-02,Prince Edward Island,"Utilities [22,221]",469,A,46.2403,-63.1347
2019-03,Prince Edward Island,"Utilities [22,221]",475,A,46.2403,-63.1347
2019-04,Prince Edward Island,"Utilities [22,221]",478,B,46.2403,-63.1347
2019-05,Prince Edward Island,"Utilities [22,221]",487,D,46.2403,-63.1347
2019-06,Prince Edward Island,"Utilities [22,221]",505,B,46.2403,-63.1347
2019-07,Prince Edward Island,"Utilities [22,221]",510,B,46.2403,-63.1347
2019-08,Prince Edward Island,"Utilities [22,221]",509,A,46.2403,-63.1347
2019-09,Prince Edward Island,"Utilities [22,221]",,F,46.2403,-63.1347
2019-10,Prince Edward Island,"Utilities [22,221]",497,B,46.2403,-63.1347
2019-11,Prince Edward Island,"Utilities [22,221]",516,C,46.2403,-63.1347
2019-12,Prince Edward Island,"Utilities [22,221]",536,B,46.2403,-63.1347
2020-01,Prince Edward Island,"Utilities [22,221]",529,A,46.2403,-63.1347
2020-02,Prince Edward Island,"Utilities [22,221]",513,A,46.2403,-63.1347
2020-03,Prince Edward Island,"Utilities [22,221]",482,A,46.2403,-63.1347
2020-04,Prince Edward Island,"Utilities [22,221]",399,C,46.2403,-63.1347
2020-05,Prince Edward Island,"Utilities [22,221]",,F,46.2403,-63.1347
2020-06,Prince Edward Island,"Utilities [22,221]",398,E,46.2403,-63.1347
2020-07,Prince Edward Island,"Utilities [22,221]",398,C,46.2403,-63.1347
2020-08,Prince Edward Island,"Utilities [22,221]",399,E,46.2403,-63.1347
2020-09,Prince Edward Island,"Utilities [22,221]",409,C,46.2403,-63.1347
2020-10,Prince Edward Island,"Utilities [22,221]",424,C,46.2403,-63.1347
2020-11,Prince Edward Island,"Utilities [22,221]",415,B,46.2403,-63.1347
2020-12,Prince Edward Island,"Utilities [22,221]",409,C,46.2403,-63.1347
2021-01,Prince Edward Island,"Utilities [22,221]",410,C,46.2403,-63.1347
2021-02,Prince Edward Island,"Utilities [22,221]",419,B,46.2403,-63.1347
2021-03,Prince Edward Island,"Utilities [22,221]",419,A,46.2403,-63.1347
2021-04,Prince Edward Island,"Utilities [22,221]",423,A,46.2403,-63.1347
2021-05,Prince Edward Island,"Utilities [22,221]",424,A,46.2403,-63.1347
2021-06,Prince Edward Island,"Utilities [22,221]",412,B,46.2403,-63.1347
2021-07,Prince Edward Island,"Utilities [22,221]",,F,46.2403,-63.1347
2021-08,Prince Edward Island,"Utilities [22,221]",413,A,46.2403,-63.1347
2021-09,Prince Edward Island,"Utilities [22,221]",416,A,46.2403,-63.1347
2021-10,Prince Edward Island,"Utilities [22,221]",416,B,46.2403,-63.1347
2021-11,Prince Edward Island,"Utilities [22,221]",411,B,46.2403,-63.1347
2021-12,Prince Edward Island,"Utilities [22,221]",437,A,46.2403,-63.1347
2022-01,Prince Edward Island,"Utilities [22,221]",422,B,46.2403,-63.1347
2022-02,Prince Edward Island,"Utilities [22,221]",424,C,46.2403,-63.1347
2022-03,Prince Edward Island,"Utilities [22,221]",431,C,46.2403,-63.1347
2022-04,Prince Edward Island,"Utilities [22,221]",436,B,46.2403,-63.1347
2022-05,Prince Edward Island,"Utilities [22,221]",425,C,46.2403,-63.1347
2022-06,Prince Edward Island,"Utilities [22,221]",439,B,46.2403,-63.1347
2022-07,Prince Edward Island,"Utilities [22,221]",,F,46.2403,-63.1347
2022-08,Prince Edward Island,"Utilities [22,221]",437,E,46.2403,-63.1347
2022-09,Prince Edward Island,"Utilities [22,221]",,F,46.2403,-63.1347
2022-10,Prince Edward Island,"Utilities [22,221]",437,A,46.2403,-63.1347
2022-11,Prince Edward Island,"Utilities [22,221]",440,E,46.2403,-63.1347
2022-12,Prince Edward Island,"Utilities [22,221]",485,C,46.2403,-63.1347
2023-01,Prince Edward Island,"Utilities [22,221]",410,B,46.2403,-63.1347
2023-02,Prince Edward Island,"Utilities [22,221]",448,A,46.2403,-63.1347
2023-03,Prince Edward Island,"Utilities [22,221]",479,B,46.2403,-63.1347
2023-04,Prince Edward Island,"Utilities [22,221]",414,B,46.2403,-63.1347
2023-05,Prince Edward Island,"Utilities [22,221]",469,C,46.2403,-63.1347
2023-06,Prince Edward Island,"Utilities [22,221]",477,B,46.2403,-63.1347
2023-07,Prince Edward Island,"Utilities [22,221]",478,B,46.2403,-63.1347
2023-08,Prince Edward Island,"Utilities [22,221]",481,B,46.2403,-63.1347
2023-09,Prince Edward Island,"Utilities [22,221]",480,B,46.2403,-63.1347
2023-10,Prince Edward Island,"Utilities [22,221]",320,C,46.2403,-63.1347
2023-11,Prince Edward Island,"Utilities [22,221]",320,B,46.2403,-63.1347
2023-12,Prince Edward Island,"Utilities [22,221]",328,B,46.2403,-63.1347
2024-01,Prince Edward Island,"Utilities [22,221]",,x,46.2403,-63.1347
2024-02,Prince Edward Island,"Utilities [22,221]",,x,46.2403,-63.1347
2018-01,Prince Edward Island,Construction [23],3256,A,46.2403,-63.1347
2018-02,Prince Edward Island,Construction [23],3178,A,46.2403,-63.1347
2018-03,Prince Edward Island,Construction [23],3160,A,46.2403,-63.1347
2018-04,Prince Edward Island,Construction [23],3275,A,46.2403,-63.1347
2018-05,Prince Edward Island,Construction [23],3816,A,46.2403,-63.1347
2018-06,Prince Edward Island,Construction [23],4418,A,46.2403,-63.1347
2018-07,Prince Edward Island,Construction [23],4452,A,46.2403,-63.1347
2018-08,Prince Edward Island,Construction [23],4436,A,46.2403,-63.1347
2018-09,Prince Edward Island,Construction [23],4475,A,46.2403,-63.1347
2018-10,Prince Edward Island,Construction [23],4299,A,46.2403,-63.1347
2018-11,Prince Edward Island,Construction [23],4292,A,46.2403,-63.1347
2018-12,Prince Edward Island,Construction [23],3828,A,46.2403,-63.1347
2019-01,Prince Edward Island,Construction [23],3492,A,46.2403,-63.1347
2019-02,Prince Edward Island,Construction [23],3498,A,46.2403,-63.1347
2019-03,Prince Edward Island,Construction [23],3477,A,46.2403,-63.1347
2019-04,Prince Edward Island,Construction [23],3547,A,46.2403,-63.1347
2019-05,Prince Edward Island,Construction [23],3891,A,46.2403,-63.1347
2019-06,Prince Edward Island,Construction [23],4370,A,46.2403,-63.1347
2019-07,Prince Edward Island,Construction [23],4634,A,46.2403,-63.1347
2019-08,Prince Edward Island,Construction [23],4731,A,46.2403,-63.1347
2019-09,Prince Edward Island,Construction [23],4658,B,46.2403,-63.1347
2019-10,Prince Edward Island,Construction [23],4621,B,46.2403,-63.1347
2019-11,Prince Edward Island,Construction [23],4421,B,46.2403,-63.1347
2019-12,Prince Edward Island,Construction [23],4157,A,46.2403,-63.1347
2020-01,Prince Edward Island,Construction [23],3752,B,46.2403,-63.1347
2020-02,Prince Edward Island,Construction [23],3724,A,46.2403,-63.1347
2020-03,Prince Edward Island,Construction [23],3381,B,46.2403,-63.1347
2020-04,Prince Edward Island,Construction [23],2835,B,46.2403,-63.1347
2020-05,Prince Edward Island,Construction [23],3612,B,46.2403,-63.1347
2020-06,Prince Edward Island,Construction [23],4220,B,46.2403,-63.1347
2020-07,Prince Edward Island,Construction [23],4437,B,46.2403,-63.1347
2020-08,Prince Edward Island,Construction [23],4530,C,46.2403,-63.1347
2020-09,Prince Edward Island,Construction [23],4588,B,46.2403,-63.1347
2020-10,Prince Edward Island,Construction [23],4780,B,46.2403,-63.1347
2020-11,Prince Edward Island,Construction [23],4415,B,46.2403,-63.1347
2020-12,Prince Edward Island,Construction [23],4279,B,46.2403,-63.1347
2021-01,Prince Edward Island,Construction [23],3810,A,46.2403,-63.1347
2021-02,Prince Edward Island,Construction [23],3559,B,46.2403,-63.1347
2021-03,Prince Edward Island,Construction [23],3525,B,46.2403,-63.1347
2021-04,Prince Edward Island,Construction [23],3730,B,46.2403,-63.1347
2021-05,Prince Edward Island,Construction [23],4209,B,46.2403,-63.1347
2021-06,Prince Edward Island,Construction [23],4638,B,46.2403,-63.1347
2021-07,Prince Edward Island,Construction [23],4792,A,46.2403,-63.1347
2021-08,Prince Edward Island,Construction [23],4817,B,46.2403,-63.1347
2021-09,Prince Edward Island,Construction [23],4774,A,46.2403,-63.1347
2021-10,Prince Edward Island,Construction [23],4681,A,46.2403,-63.1347
2021-11,Prince Edward Island,Construction [23],4496,A,46.2403,-63.1347
2021-12,Prince Edward Island,Construction [23],4411,A,46.2403,-63.1347
2022-01,Prince Edward Island,Construction [23],4073,A,46.2403,-63.1347
2022-02,Prince Edward Island,Construction [23],3913,A,46.2403,-63.1347
2022-03,Prince Edward Island,Construction [23],3925,B,46.2403,-63.1347
2022-04,Prince Edward Island,Construction [23],4108,A,46.2403,-63.1347
2022-05,Prince Edward Island,Construction [23],4550,A,46.2403,-63.1347
2022-06,Prince Edward Island,Construction [23],4801,C,46.2403,-63.1347
2022-07,Prince Edward Island,Construction [23],5103,C,46.2403,-63.1347
2022-08,Prince Edward Island,Construction [23],5354,B,46.2403,-63.1347
2022-09,Prince Edward Island,Construction [23],5081,B,46.2403,-63.1347
2022-10,Prince Edward Island,Construction [23],5066,B,46.2403,-63.1347
2022-11,Prince Edward Island,Construction [23],4918,B,46.2403,-63.1347
2022-12,Prince Edward Island,Construction [23],4839,B,46.2403,-63.1347
2023-01,Prince Edward Island,Construction [23],4246,B,46.2403,-63.1347
2023-02,Prince Edward Island,Construction [23],4222,B,46.2403,-63.1347
2023-03,Prince Edward Island,Construction [23],4307,B,46.2403,-63.1347
2023-04,Prince Edward Island,Construction [23],4496,B,46.2403,-63.1347
2023-05,Prince Edward Island,Construction [23],5030,B,46.2403,-63.1347
2023-06,Prince Edward Island,Construction [23],5508,B,46.2403,-63.1347
2023-07,Prince Edward Island,Construction [23],5690,B,46.2403,-63.1347
2023-08,Prince Edward Island,Construction [23],5685,B,46.2403,-63.1347
2023-09,Prince Edward Island,Construction [23],5633,B,46.2403,-63.1347
2023-10,Prince Edward Island,Construction [23],5412,B,46.2403,-63.1347
2023-11,Prince Edward Island,Construction [23],5254,B,46.2403,-63.1347
2023-12,Prince Edward Island,Construction [23],4921,B,46.2403,-63.1347
2024-01,Prince Edward Island,Construction [23],4703,B,46.2403,-63.1347
2024-02,Prince Edward Island,Construction [23],4545,B,46.2403,-63.1347
2018-01,Prince Edward Island,Manufacturing [31-33],4297,A,46.2403,-63.1347
2018-02,Prince Edward Island,Manufacturing [31-33],4375,A,46.2403,-63.1347
2018-03,Prince Edward Island,Manufacturing [31-33],4375,A,46.2403,-63.1347
2018-04,Prince Edward Island,Manufacturing [31-33],4706,B,46.2403,-63.1347
2018-05,Prince Edward Island,Manufacturing [31-33],6129,C,46.2403,-63.1347
2018-06,Prince Edward Island,Manufacturing [31-33],6093,A,46.2403,-63.1347
2018-07,Prince Edward Island,Manufacturing [31-33],5800,A,46.2403,-63.1347
2018-08,Prince Edward Island,Manufacturing [31-33],5904,A,46.2403,-63.1347
2018-09,Prince Edward Island,Manufacturing [31-33],5626,A,46.2403,-63.1347
2018-10,Prince Edward Island,Manufacturing [31-33],5530,A,46.2403,-63.1347
2018-11,Prince Edward Island,Manufacturing [31-33],5157,A,46.2403,-63.1347
2018-12,Prince Edward Island,Manufacturing [31-33],5111,A,46.2403,-63.1347
2019-01,Prince Edward Island,Manufacturing [31-33],4319,A,46.2403,-63.1347
2019-02,Prince Edward Island,Manufacturing [31-33],4617,A,46.2403,-63.1347
2019-03,Prince Edward Island,Manufacturing [31-33],4503,A,46.2403,-63.1347
2019-04,Prince Edward Island,Manufacturing [31-33],4606,A,46.2403,-63.1347
2019-05,Prince Edward Island,Manufacturing [31-33],5928,B,46.2403,-63.1347
2019-06,Prince Edward Island,Manufacturing [31-33],6198,A,46.2403,-63.1347
2019-07,Prince Edward Island,Manufacturing [31-33],5881,A,46.2403,-63.1347
2019-08,Prince Edward Island,Manufacturing [31-33],6214,A,46.2403,-63.1347
2019-09,Prince Edward Island,Manufacturing [31-33],5921,B,46.2403,-63.1347
2019-10,Prince Edward Island,Manufacturing [31-33],5581,B,46.2403,-63.1347
2019-11,Prince Edward Island,Manufacturing [31-33],5270,B,46.2403,-63.1347
2019-12,Prince Edward Island,Manufacturing [31-33],5442,B,46.2403,-63.1347
2020-01,Prince Edward Island,Manufacturing [31-33],4810,B,46.2403,-63.1347
2020-02,Prince Edward Island,Manufacturing [31-33],4650,B,46.2403,-63.1347
2020-03,Prince Edward Island,Manufacturing [31-33],4351,B,46.2403,-63.1347
2020-04,Prince Edward Island,Manufacturing [31-33],4169,B,46.2403,-63.1347
2020-05,Prince Edward Island,Manufacturing [31-33],5240,C,46.2403,-63.1347
2020-06,Prince Edward Island,Manufacturing [31-33],6145,D,46.2403,-63.1347
2020-07,Prince Edward Island,Manufacturing [31-33],5584,B,46.2403,-63.1347
2020-08,Prince Edward Island,Manufacturing [31-33],5744,B,46.2403,-63.1347
2020-09,Prince Edward Island,Manufacturing [31-33],5428,A,46.2403,-63.1347
2020-10,Prince Edward Island,Manufacturing [31-33],5340,A,46.2403,-63.1347
2020-11,Prince Edward Island,Manufacturing [31-33],4976,A,46.2403,-63.1347
2020-12,Prince Edward Island,Manufacturing [31-33],4870,B,46.2403,-63.1347
2021-01,Prince Edward Island,Manufacturing [31-33],4683,A,46.2403,-63.1347
2021-02,Prince Edward Island,Manufacturing [31-33],4618,B,46.2403,-63.1347
2021-03,Prince Edward Island,Manufacturing [31-33],4768,B,46.2403,-63.1347
2021-04,Prince Edward Island,Manufacturing [31-33],5215,B,46.2403,-63.1347
2021-05,Prince Edward Island,Manufacturing [31-33],6050,B,46.2403,-63.1347
2021-06,Prince Edward Island,Manufacturing [31-33],5978,B,46.2403,-63.1347
2021-07,Prince Edward Island,Manufacturing [31-33],6073,B,46.2403,-63.1347
2021-08,Prince Edward Island,Manufacturing [31-33],6186,B,46.2403,-63.1347
2021-09,Prince Edward Island,Manufacturing [31-33],6084,B,46.2403,-63.1347
2021-10,Prince Edward Island,Manufacturing [31-33],6088,B,46.2403,-63.1347
2021-11,Prince Edward Island,Manufacturing [31-33],5855,B,46.2403,-63.1347
2021-12,Prince Edward Island,Manufacturing [31-33],5666,C,46.2403,-63.1347
2022-01,Prince Edward Island,Manufacturing [31-33],4989,B,46.2403,-63.1347
2022-02,Prince Edward Island,Manufacturing [31-33],4901,B,46.2403,-63.1347
2022-03,Prince Edward Island,Manufacturing [31-33],5001,B,46.2403,-63.1347
2022-04,Prince Edward Island,Manufacturing [31-33],5190,B,46.2403,-63.1347
2022-05,Prince Edward Island,Manufacturing [31-33],6634,C,46.2403,-63.1347
2022-06,Prince Edward Island,Manufacturing [31-33],6523,B,46.2403,-63.1347
2022-07,Prince Edward Island,Manufacturing [31-33],6449,C,46.2403,-63.1347
2022-08,Prince Edward Island,Manufacturing [31-33],6517,C,46.2403,-63.1347
2022-09,Prince Edward Island,Manufacturing [31-33],6320,A,46.2403,-63.1347
2022-10,Prince Edward Island,Manufacturing [31-33],6390,B,46.2403,-63.1347
2022-11,Prince Edward Island,Manufacturing [31-33],6013,A,46.2403,-63.1347
2022-12,Prince Edward Island,Manufacturing [31-33],6014,B,46.2403,-63.1347
2023-01,Prince Edward Island,Manufacturing [31-33],5692,B,46.2403,-63.1347
2023-02,Prince Edward Island,Manufacturing [31-33],5332,B,46.2403,-63.1347
2023-03,Prince Edward Island,Manufacturing [31-33],5549,A,46.2403,-63.1347
2023-04,Prince Edward Island,Manufacturing [31-33],5867,A,46.2403,-63.1347
2023-05,Prince Edward Island,Manufacturing [31-33],7263,B,46.2403,-63.1347
2023-06,Prince Edward Island,Manufacturing [31-33],7187,B,46.2403,-63.1347
2023-07,Prince Edward Island,Manufacturing [31-33],6942,B,46.2403,-63.1347
2023-08,Prince Edward Island,Manufacturing [31-33],6966,B,46.2403,-63.1347
2023-09,Prince Edward Island,Manufacturing [31-33],6805,B,46.2403,-63.1347
2023-10,Prince Edward Island,Manufacturing [31-33],6762,B,46.2403,-63.1347
2023-11,Prince Edward Island,Manufacturing [31-33],6151,B,46.2403,-63.1347
2023-12,Prince Edward Island,Manufacturing [31-33],5801,B,46.2403,-63.1347
2024-01,Prince Edward Island,Manufacturing [31-33],5532,B,46.2403,-63.1347
2024-02,Prince Edward Island,Manufacturing [31-33],5529,B,46.2403,-63.1347
2018-01,Prince Edward Island,Trade [41-45N],10322,A,46.2403,-63.1347
2018-02,Prince Edward Island,Trade [41-45N],9851,A,46.2403,-63.1347
2018-03,Prince Edward Island,Trade [41-45N],9908,A,46.2403,-63.1347
2018-04,Prince Edward Island,Trade [41-45N],10520,A,46.2403,-63.1347
2018-05,Prince Edward Island,Trade [41-45N],12192,A,46.2403,-63.1347
2018-06,Prince Edward Island,Trade [41-45N],12604,A,46.2403,-63.1347
2018-07,Prince Edward Island,Trade [41-45N],12072,A,46.2403,-63.1347
2018-08,Prince Edward Island,Trade [41-45N],12557,A,46.2403,-63.1347
2018-09,Prince Edward Island,Trade [41-45N],12230,A,46.2403,-63.1347
2018-10,Prince Edward Island,Trade [41-45N],11508,A,46.2403,-63.1347
2018-11,Prince Edward Island,Trade [41-45N],10761,A,46.2403,-63.1347
2018-12,Prince Edward Island,Trade [41-45N],10864,A,46.2403,-63.1347
2019-01,Prince Edward Island,Trade [41-45N],10430,A,46.2403,-63.1347
2019-02,Prince Edward Island,Trade [41-45N],10517,A,46.2403,-63.1347
2019-03,Prince Edward Island,Trade [41-45N],10465,A,46.2403,-63.1347
2019-04,Prince Edward Island,Trade [41-45N],10992,A,46.2403,-63.1347
2019-05,Prince Edward Island,Trade [41-45N],12779,C,46.2403,-63.1347
2019-06,Prince Edward Island,Trade [41-45N],12959,A,46.2403,-63.1347
2019-07,Prince Edward Island,Trade [41-45N],12642,A,46.2403,-63.1347
2019-08,Prince Edward Island,Trade [41-45N],11771,A,46.2403,-63.1347
2019-09,Prince Edward Island,Trade [41-45N],11898,B,46.2403,-63.1347
2019-10,Prince Edward Island,Trade [41-45N],11780,B,46.2403,-63.1347
2019-11,Prince Edward Island,Trade [41-45N],10945,A,46.2403,-63.1347
2019-12,Prince Edward Island,Trade [41-45N],10892,A,46.2403,-63.1347
2020-01,Prince Edward Island,Trade [41-45N],10616,A,46.2403,-63.1347
2020-02,Prince Edward Island,Trade [41-45N],10466,B,46.2403,-63.1347
2020-03,Prince Edward Island,Trade [41-45N],9765,B,46.2403,-63.1347
2020-04,Prince Edward Island,Trade [41-45N],8610,B,46.2403,-63.1347
2020-05,Prince Edward Island,Trade [41-45N],10575,B,46.2403,-63.1347
2020-06,Prince Edward Island,Trade [41-45N],12007,B,46.2403,-63.1347
2020-07,Prince Edward Island,Trade [41-45N],11679,B,46.2403,-63.1347
2020-08,Prince Edward Island,Trade [41-45N],11374,B,46.2403,-63.1347
2020-09,Prince Edward Island,Trade [41-45N],11506,B,46.2403,-63.1347
2020-10,Prince Edward Island,Trade [41-45N],11179,B,46.2403,-63.1347
2020-11,Prince Edward Island,Trade [41-45N],10940,B,46.2403,-63.1347
2020-12,Prince Edward Island,Trade [41-45N],11088,B,46.2403,-63.1347
2021-01,Prince Edward Island,Trade [41-45N],10460,B,46.2403,-63.1347
2021-02,Prince Edward Island,Trade [41-45N],10341,A,46.2403,-63.1347
2021-03,Prince Edward Island,Trade [41-45N],10276,B,46.2403,-63.1347
2021-04,Prince Edward Island,Trade [41-45N],11080,A,46.2403,-63.1347
2021-05,Prince Edward Island,Trade [41-45N],12791,D,46.2403,-63.1347
2021-06,Prince Edward Island,Trade [41-45N],13060,B,46.2403,-63.1347
2021-07,Prince Edward Island,Trade [41-45N],12606,B,46.2403,-63.1347
2021-08,Prince Edward Island,Trade [41-45N],12020,B,46.2403,-63.1347
2021-09,Prince Edward Island,Trade [41-45N],12018,A,46.2403,-63.1347
2021-10,Prince Edward Island,Trade [41-45N],11966,B,46.2403,-63.1347
2021-11,Prince Edward Island,Trade [41-45N],11583,A,46.2403,-63.1347
2021-12,Prince Edward Island,Trade [41-45N],11455,A,46.2403,-63.1347
2022-01,Prince Edward Island,Trade [41-45N],10988,B,46.2403,-63.1347
2022-02,Prince Edward Island,Trade [41-45N],10793,B,46.2403,-63.1347
2022-03,Prince Edward Island,Trade [41-45N],10822,B,46.2403,-63.1347
2022-04,Prince Edward Island,Trade [41-45N],11674,B,46.2403,-63.1347
2022-05,Prince Edward Island,Trade [41-45N],13524,B,46.2403,-63.1347
2022-06,Prince Edward Island,Trade [41-45N],14123,B,46.2403,-63.1347
2022-07,Prince Edward Island,Trade [41-45N],13590,B,46.2403,-63.1347
2022-08,Prince Edward Island,Trade [41-45N],12844,B,46.2403,-63.1347
2022-09,Prince Edward Island,Trade [41-45N],12743,B,46.2403,-63.1347
2022-10,Prince Edward Island,Trade [41-45N],12340,B,46.2403,-63.1347
2022-11,Prince Edward Island,Trade [41-45N],11684,B,46.2403,-63.1347
2022-12,Prince Edward Island,Trade [41-45N],11541,B,46.2403,-63.1347
2023-01,Prince Edward Island,Trade [41-45N],11367,B,46.2403,-63.1347
2023-02,Prince Edward Island,Trade [41-45N],10796,B,46.2403,-63.1347
2023-03,Prince Edward Island,Trade [41-45N],10906,B,46.2403,-63.1347
2023-04,Prince Edward Island,Trade [41-45N],11689,B,46.2403,-63.1347
2023-05,Prince Edward Island,Trade [41-45N],13338,B,46.2403,-63.1347
2023-06,Prince Edward Island,Trade [41-45N],13727,B,46.2403,-63.1347
2023-07,Prince Edward Island,Trade [41-45N],13018,B,46.2403,-63.1347
2023-08,Prince Edward Island,Trade [41-45N],12609,B,46.2403,-63.1347
2023-09,Prince Edward Island,Trade [41-45N],12539,B,46.2403,-63.1347
2023-10,Prince Edward Island,Trade [41-45N],12344,B,46.2403,-63.1347
2023-11,Prince Edward Island,Trade [41-45N],11413,B,46.2403,-63.1347
2023-12,Prince Edward Island,Trade [41-45N],11409,B,46.2403,-63.1347
2024-01,Prince Edward Island,Trade [41-45N],11027,B,46.2403,-63.1347
2024-02,Prince Edward Island,Trade [41-45N],10819,B,46.2403,-63.1347
2018-01,Prince Edward Island,Transportation and warehousing [48-49],2526,A,46.2403,-63.1347
2018-02,Prince Edward Island,Transportation and warehousing [48-49],2484,A,46.2403,-63.1347
2018-03,Prince Edward Island,Transportation and warehousing [48-49],2506,A,46.2403,-63.1347
2018-04,Prince Edward Island,Transportation and warehousing [48-49],2589,A,46.2403,-63.1347
2018-05,Prince Edward Island,Transportation and warehousing [48-49],2673,A,46.2403,-63.1347
2018-06,Prince Edward Island,Transportation and warehousing [48-49],2779,A,46.2403,-63.1347
2018-07,Prince Edward Island,Transportation and warehousing [48-49],2842,A,46.2403,-63.1347
2018-08,Prince Edward Island,Transportation and warehousing [48-49],2866,A,46.2403,-63.1347
2018-09,Prince Edward Island,Transportation and warehousing [48-49],2845,A,46.2403,-63.1347
2018-10,Prince Edward Island,Transportation and warehousing [48-49],2853,A,46.2403,-63.1347
2018-11,Prince Edward Island,Transportation and warehousing [48-49],2835,A,46.2403,-63.1347
2018-12,Prince Edward Island,Transportation and warehousing [48-49],2832,A,46.2403,-63.1347
2019-01,Prince Edward Island,Transportation and warehousing [48-49],2688,A,46.2403,-63.1347
2019-02,Prince Edward Island,Transportation and warehousing [48-49],2648,A,46.2403,-63.1347
2019-03,Prince Edward Island,Transportation and warehousing [48-49],2716,A,46.2403,-63.1347
2019-04,Prince Edward Island,Transportation and warehousing [48-49],2687,A,46.2403,-63.1347
2019-05,Prince Edward Island,Transportation and warehousing [48-49],2782,A,46.2403,-63.1347
2019-06,Prince Edward Island,Transportation and warehousing [48-49],2894,A,46.2403,-63.1347
2019-07,Prince Edward Island,Transportation and warehousing [48-49],3052,A,46.2403,-63.1347
2019-08,Prince Edward Island,Transportation and warehousing [48-49],3029,A,46.2403,-63.1347
2019-09,Prince Edward Island,Transportation and warehousing [48-49],2979,B,46.2403,-63.1347
2019-10,Prince Edward Island,Transportation and warehousing [48-49],3030,B,46.2403,-63.1347
2019-11,Prince Edward Island,Transportation and warehousing [48-49],3100,A,46.2403,-63.1347
2019-12,Prince Edward Island,Transportation and warehousing [48-49],3219,B,46.2403,-63.1347
2020-01,Prince Edward Island,Transportation and warehousing [48-49],2925,B,46.2403,-63.1347
2020-02,Prince Edward Island,Transportation and warehousing [48-49],2785,B,46.2403,-63.1347
2020-03,Prince Edward Island,Transportation and warehousing [48-49],2719,B,46.2403,-63.1347
2020-04,Prince Edward Island,Transportation and warehousing [48-49],2720,B,46.2403,-63.1347
2020-05,Prince Edward Island,Transportation and warehousing [48-49],2744,B,46.2403,-63.1347
2020-06,Prince Edward Island,Transportation and warehousing [48-49],2859,B,46.2403,-63.1347
2020-07,Prince Edward Island,Transportation and warehousing [48-49],2844,B,46.2403,-63.1347
2020-08,Prince Edward Island,Transportation and warehousing [48-49],2870,B,46.2403,-63.1347
2020-09,Prince Edward Island,Transportation and warehousing [48-49],2938,A,46.2403,-63.1347
2020-10,Prince Edward Island,Transportation and warehousing [48-49],3020,B,46.2403,-63.1347
2020-11,Prince Edward Island,Transportation and warehousing [48-49],2980,B,46.2403,-63.1347
2020-12,Prince Edward Island,Transportation and warehousing [48-49],2975,B,46.2403,-63.1347
2021-01,Prince Edward Island,Transportation and warehousing [48-49],2809,B,46.2403,-63.1347
2021-02,Prince Edward Island,Transportation and warehousing [48-49],2804,B,46.2403,-63.1347
2021-03,Prince Edward Island,Transportation and warehousing [48-49],2814,B,46.2403,-63.1347
2021-04,Prince Edward Island,Transportation and warehousing [48-49],2854,B,46.2403,-63.1347
2021-05,Prince Edward Island,Transportation and warehousing [48-49],2867,B,46.2403,-63.1347
2021-06,Prince Edward Island,Transportation and warehousing [48-49],2945,B,46.2403,-63.1347
2021-07,Prince Edward Island,Transportation and warehousing [48-49],3066,B,46.2403,-63.1347
2021-08,Prince Edward Island,Transportation and warehousing [48-49],2996,B,46.2403,-63.1347
2021-09,Prince Edward Island,Transportation and warehousing [48-49],3016,B,46.2403,-63.1347
2021-10,Prince Edward Island,Transportation and warehousing [48-49],3043,A,46.2403,-63.1347
2021-11,Prince Edward Island,Transportation and warehousing [48-49],3042,C,46.2403,-63.1347
2021-12,Prince Edward Island,Transportation and warehousing [48-49],2950,B,46.2403,-63.1347
2022-01,Prince Edward Island,Transportation and warehousing [48-49],2840,A,46.2403,-63.1347
2022-02,Prince Edward Island,Transportation and warehousing [48-49],2777,B,46.2403,-63.1347
2022-03,Prince Edward Island,Transportation and warehousing [48-49],2889,B,46.2403,-63.1347
2022-04,Prince Edward Island,Transportation and warehousing [48-49],2857,B,46.2403,-63.1347
2022-05,Prince Edward Island,Transportation and warehousing [48-49],2936,B,46.2403,-63.1347
2022-06,Prince Edward Island,Transportation and warehousing [48-49],3031,C,46.2403,-63.1347
2022-07,Prince Edward Island,Transportation and warehousing [48-49],3088,B,46.2403,-63.1347
2022-08,Prince Edward Island,Transportation and warehousing [48-49],3186,B,46.2403,-63.1347
2022-09,Prince Edward Island,Transportation and warehousing [48-49],3119,A,46.2403,-63.1347
2022-10,Prince Edward Island,Transportation and warehousing [48-49],3102,B,46.2403,-63.1347
2022-11,Prince Edward Island,Transportation and warehousing [48-49],3099,B,46.2403,-63.1347
2022-12,Prince Edward Island,Transportation and warehousing [48-49],3132,B,46.2403,-63.1347
2023-01,Prince Edward Island,Transportation and warehousing [48-49],2915,B,46.2403,-63.1347
2023-02,Prince Edward Island,Transportation and warehousing [48-49],2954,B,46.2403,-63.1347
2023-03,Prince Edward Island,Transportation and warehousing [48-49],3015,A,46.2403,-63.1347
2023-04,Prince Edward Island,Transportation and warehousing [48-49],3099,A,46.2403,-63.1347
2023-05,Prince Edward Island,Transportation and warehousing [48-49],3117,B,46.2403,-63.1347
2023-06,Prince Edward Island,Transportation and warehousing [48-49],3193,B,46.2403,-63.1347
2023-07,Prince Edward Island,Transportation and warehousing [48-49],3320,B,46.2403,-63.1347
2023-08,Prince Edward Island,Transportation and warehousing [48-49],3390,A,46.2403,-63.1347
2023-09,Prince Edward Island,Transportation and warehousing [48-49],3341,B,46.2403,-63.1347
2023-10,Prince Edward Island,Transportation and warehousing [48-49],3273,A,46.2403,-63.1347
2023-11,Prince Edward Island,Transportation and warehousing [48-49],3151,B,46.2403,-63.1347
2023-12,Prince Edward Island,Transportation and warehousing [48-49],3176,B,46.2403,-63.1347
2024-01,Prince Edward Island,Transportation and warehousing [48-49],2994,B,46.2403,-63.1347
2024-02,Prince Edward Island,Transportation and warehousing [48-49],3115,B,46.2403,-63.1347
2018-01,Prince Edward Island,Information and cultural industries [51],909,A,46.2403,-63.1347
2018-02,Prince Edward Island,Information and cultural industries [51],905,A,46.2403,-63.1347
2018-03,Prince Edward Island,Information and cultural industries [51],895,A,46.2403,-63.1347
2018-04,Prince Edward Island,Information and cultural industries [51],866,A,46.2403,-63.1347
2018-05,Prince Edward Island,Information and cultural industries [51],858,A,46.2403,-63.1347
2018-06,Prince Edward Island,Information and cultural industries [51],900,A,46.2403,-63.1347
2018-07,Prince Edward Island,Information and cultural industries [51],900,A,46.2403,-63.1347
2018-08,Prince Edward Island,Information and cultural industries [51],889,A,46.2403,-63.1347
2018-09,Prince Edward Island,Information and cultural industries [51],867,A,46.2403,-63.1347
2018-10,Prince Edward Island,Information and cultural industries [51],896,A,46.2403,-63.1347
2018-11,Prince Edward Island,Information and cultural industries [51],894,A,46.2403,-63.1347
2018-12,Prince Edward Island,Information and cultural industries [51],869,A,46.2403,-63.1347
2019-01,Prince Edward Island,Information and cultural industries [51],871,A,46.2403,-63.1347
2019-02,Prince Edward Island,Information and cultural industries [51],866,A,46.2403,-63.1347
2019-03,Prince Edward Island,Information and cultural industries [51],868,A,46.2403,-63.1347
2019-04,Prince Edward Island,Information and cultural industries [51],868,A,46.2403,-63.1347
2019-05,Prince Edward Island,Information and cultural industries [51],873,A,46.2403,-63.1347
2019-06,Prince Edward Island,Information and cultural industries [51],863,A,46.2403,-63.1347
2019-07,Prince Edward Island,Information and cultural industries [51],867,A,46.2403,-63.1347
2019-08,Prince Edward Island,Information and cultural industries [51],861,A,46.2403,-63.1347
2019-09,Prince Edward Island,Information and cultural industries [51],834,B,46.2403,-63.1347
2019-10,Prince Edward Island,Information and cultural industries [51],831,B,46.2403,-63.1347
2019-11,Prince Edward Island,Information and cultural industries [51],844,B,46.2403,-63.1347
2019-12,Prince Edward Island,Information and cultural industries [51],829,B,46.2403,-63.1347
2020-01,Prince Edward Island,Information and cultural industries [51],833,A,46.2403,-63.1347
2020-02,Prince Edward Island,Information and cultural industries [51],823,B,46.2403,-63.1347
2020-03,Prince Edward Island,Information and cultural industries [51],789,B,46.2403,-63.1347
2020-04,Prince Edward Island,Information and cultural industries [51],776,B,46.2403,-63.1347
2020-05,Prince Edward Island,Information and cultural industries [51],692,B,46.2403,-63.1347
2020-06,Prince Edward Island,Information and cultural industries [51],706,B,46.2403,-63.1347
2020-07,Prince Edward Island,Information and cultural industries [51],735,B,46.2403,-63.1347
2020-08,Prince Edward Island,Information and cultural industries [51],738,A,46.2403,-63.1347
2020-09,Prince Edward Island,Information and cultural industries [51],729,A,46.2403,-63.1347
2020-10,Prince Edward Island,Information and cultural industries [51],728,A,46.2403,-63.1347
2020-11,Prince Edward Island,Information and cultural industries [51],708,B,46.2403,-63.1347
2020-12,Prince Edward Island,Information and cultural industries [51],721,B,46.2403,-63.1347
2021-01,Prince Edward Island,Information and cultural industries [51],810,B,46.2403,-63.1347
2021-02,Prince Edward Island,Information and cultural industries [51],740,B,46.2403,-63.1347
2021-03,Prince Edward Island,Information and cultural industries [51],743,A,46.2403,-63.1347
2021-04,Prince Edward Island,Information and cultural industries [51],685,A,46.2403,-63.1347
2021-05,Prince Edward Island,Information and cultural industries [51],692,A,46.2403,-63.1347
2021-06,Prince Edward Island,Information and cultural industries [51],720,A,46.2403,-63.1347
2021-07,Prince Edward Island,Information and cultural industries [51],738,A,46.2403,-63.1347
2021-08,Prince Edward Island,Information and cultural industries [51],737,A,46.2403,-63.1347
2021-09,Prince Edward Island,Information and cultural industries [51],706,A,46.2403,-63.1347
2021-10,Prince Edward Island,Information and cultural industries [51],736,A,46.2403,-63.1347
2021-11,Prince Edward Island,Information and cultural industries [51],838,A,46.2403,-63.1347
2021-12,Prince Edward Island,Information and cultural industries [51],834,A,46.2403,-63.1347
2022-01,Prince Edward Island,Information and cultural industries [51],,x,46.2403,-63.1347
2022-02,Prince Edward Island,Information and cultural industries [51],,x,46.2403,-63.1347
2022-03,Prince Edward Island,Information and cultural industries [51],,x,46.2403,-63.1347
2022-04,Prince Edward Island,Information and cultural industries [51],,x,46.2403,-63.1347
2022-05,Prince Edward Island,Information and cultural industries [51],,x,46.2403,-63.1347
2022-06,Prince Edward Island,Information and cultural industries [51],,x,46.2403,-63.1347
2022-07,Prince Edward Island,Information and cultural industries [51],,x,46.2403,-63.1347
2022-08,Prince Edward Island,Information and cultural industries [51],,x,46.2403,-63.1347
2022-09,Prince Edward Island,Information and cultural industries [51],,x,46.2403,-63.1347
2022-10,Prince Edward Island,Information and cultural industries [51],,x,46.2403,-63.1347
2022-11,Prince Edward Island,Information and cultural industries [51],,x,46.2403,-63.1347
2022-12,Prince Edward Island,Information and cultural industries [51],,x,46.2403,-63.1347
2023-01,Prince Edward Island,Information and cultural industries [51],789,B,46.2403,-63.1347
2023-02,Prince Edward Island,Information and cultural industries [51],774,B,46.2403,-63.1347
2023-03,Prince Edward Island,Information and cultural industries [51],776,B,46.2403,-63.1347
2023-04,Prince Edward Island,Information and cultural industries [51],772,B,46.2403,-63.1347
2023-05,Prince Edward Island,Information and cultural industries [51],724,A,46.2403,-63.1347
2023-06,Prince Edward Island,Information and cultural industries [51],734,B,46.2403,-63.1347
2023-07,Prince Edward Island,Information and cultural industries [51],730,B,46.2403,-63.1347
2023-08,Prince Edward Island,Information and cultural industries [51],741,B,46.2403,-63.1347
2023-09,Prince Edward Island,Information and cultural industries [51],731,D,46.2403,-63.1347
2023-10,Prince Edward Island,Information and cultural industries [51],694,B,46.2403,-63.1347
2023-11,Prince Edward Island,Information and cultural industries [51],684,B,46.2403,-63.1347
2023-12,Prince Edward Island,Information and cultural industries [51],690,B,46.2403,-63.1347
2024-01,Prince Edward Island,Information and cultural industries [51],680,B,46.2403,-63.1347
2024-02,Prince Edward Island,Information and cultural industries [51],664,B,46.2403,-63.1347
2018-01,Prince Edward Island,Finance and insurance [52],1790,A,46.2403,-63.1347
2018-02,Prince Edward Island,Finance and insurance [52],1718,A,46.2403,-63.1347
2018-03,Prince Edward Island,Finance and insurance [52],1727,A,46.2403,-63.1347
2018-04,Prince Edward Island,Finance and insurance [52],1783,A,46.2403,-63.1347
2018-05,Prince Edward Island,Finance and insurance [52],1819,A,46.2403,-63.1347
2018-06,Prince Edward Island,Finance and insurance [52],1819,A,46.2403,-63.1347
2018-07,Prince Edward Island,Finance and insurance [52],1802,A,46.2403,-63.1347
2018-08,Prince Edward Island,Finance and insurance [52],1820,A,46.2403,-63.1347
2018-09,Prince Edward Island,Finance and insurance [52],1805,A,46.2403,-63.1347
2018-10,Prince Edward Island,Finance and insurance [52],1850,A,46.2403,-63.1347
2018-11,Prince Edward Island,Finance and insurance [52],1799,A,46.2403,-63.1347
2018-12,Prince Edward Island,Finance and insurance [52],1807,A,46.2403,-63.1347
2019-01,Prince Edward Island,Finance and insurance [52],1786,A,46.2403,-63.1347
2019-02,Prince Edward Island,Finance and insurance [52],1734,A,46.2403,-63.1347
2019-03,Prince Edward Island,Finance and insurance [52],1743,A,46.2403,-63.1347
2019-04,Prince Edward Island,Finance and insurance [52],1779,A,46.2403,-63.1347
2019-05,Prince Edward Island,Finance and insurance [52],1764,A,46.2403,-63.1347
2019-06,Prince Edward Island,Finance and insurance [52],1824,A,46.2403,-63.1347
2019-07,Prince Edward Island,Finance and insurance [52],1838,A,46.2403,-63.1347
2019-08,Prince Edward Island,Finance and insurance [52],1804,A,46.2403,-63.1347
2019-09,Prince Edward Island,Finance and insurance [52],1796,A,46.2403,-63.1347
2019-10,Prince Edward Island,Finance and insurance [52],1826,A,46.2403,-63.1347
2019-11,Prince Edward Island,Finance and insurance [52],1794,A,46.2403,-63.1347
2019-12,Prince Edward Island,Finance and insurance [52],1834,A,46.2403,-63.1347
2020-01,Prince Edward Island,Finance and insurance [52],1791,B,46.2403,-63.1347
2020-02,Prince Edward Island,Finance and insurance [52],1694,A,46.2403,-63.1347
2020-03,Prince Edward Island,Finance and insurance [52],1723,A,46.2403,-63.1347
2020-04,Prince Edward Island,Finance and insurance [52],1698,B,46.2403,-63.1347
2020-05,Prince Edward Island,Finance and insurance [52],1691,A,46.2403,-63.1347
2020-06,Prince Edward Island,Finance and insurance [52],1813,A,46.2403,-63.1347
2020-07,Prince Edward Island,Finance and insurance [52],1798,A,46.2403,-63.1347
2020-08,Prince Edward Island,Finance and insurance [52],1732,A,46.2403,-63.1347
2020-09,Prince Edward Island,Finance and insurance [52],1769,A,46.2403,-63.1347
2020-10,Prince Edward Island,Finance and insurance [52],1741,A,46.2403,-63.1347
2020-11,Prince Edward Island,Finance and insurance [52],1753,A,46.2403,-63.1347
2020-12,Prince Edward Island,Finance and insurance [52],1717,A,46.2403,-63.1347
2021-01,Prince Edward Island,Finance and insurance [52],1609,A,46.2403,-63.1347
2021-02,Prince Edward Island,Finance and insurance [52],1690,A,46.2403,-63.1347
2021-03,Prince Edward Island,Finance and insurance [52],1734,A,46.2403,-63.1347
2021-04,Prince Edward Island,Finance and insurance [52],1738,A,46.2403,-63.1347
2021-05,Prince Edward Island,Finance and insurance [52],1778,A,46.2403,-63.1347
2021-06,Prince Edward Island,Finance and insurance [52],1828,A,46.2403,-63.1347
2021-07,Prince Edward Island,Finance and insurance [52],1722,A,46.2403,-63.1347
2021-08,Prince Edward Island,Finance and insurance [52],1717,C,46.2403,-63.1347
2021-09,Prince Edward Island,Finance and insurance [52],1702,A,46.2403,-63.1347
2021-10,Prince Edward Island,Finance and insurance [52],1693,A,46.2403,-63.1347
2021-11,Prince Edward Island,Finance and insurance [52],1675,A,46.2403,-63.1347
2021-12,Prince Edward Island,Finance and insurance [52],1708,A,46.2403,-63.1347
2022-01,Prince Edward Island,Finance and insurance [52],1804,A,46.2403,-63.1347
2022-02,Prince Edward Island,Finance and insurance [52],1892,C,46.2403,-63.1347
2022-03,Prince Edward Island,Finance and insurance [52],1824,A,46.2403,-63.1347
2022-04,Prince Edward Island,Finance and insurance [52],1885,A,46.2403,-63.1347
2022-05,Prince Edward Island,Finance and insurance [52],1873,A,46.2403,-63.1347
2022-06,Prince Edward Island,Finance and insurance [52],1934,C,46.2403,-63.1347
2022-07,Prince Edward Island,Finance and insurance [52],1919,B,46.2403,-63.1347
2022-08,Prince Edward Island,Finance and insurance [52],1928,A,46.2403,-63.1347
2022-09,Prince Edward Island,Finance and insurance [52],1914,A,46.2403,-63.1347
2022-10,Prince Edward Island,Finance and insurance [52],1974,A,46.2403,-63.1347
2022-11,Prince Edward Island,Finance and insurance [52],2073,A,46.2403,-63.1347
2022-12,Prince Edward Island,Finance and insurance [52],2018,A,46.2403,-63.1347
2023-01,Prince Edward Island,Finance and insurance [52],2005,B,46.2403,-63.1347
2023-02,Prince Edward Island,Finance and insurance [52],1926,A,46.2403,-63.1347
2023-03,Prince Edward Island,Finance and insurance [52],1937,A,46.2403,-63.1347
2023-04,Prince Edward Island,Finance and insurance [52],1957,A,46.2403,-63.1347
2023-05,Prince Edward Island,Finance and insurance [52],1971,A,46.2403,-63.1347
2023-06,Prince Edward Island,Finance and insurance [52],2007,A,46.2403,-63.1347
2023-07,Prince Edward Island,Finance and insurance [52],2016,A,46.2403,-63.1347
2023-08,Prince Edward Island,Finance and insurance [52],2018,A,46.2403,-63.1347
2023-09,Prince Edward Island,Finance and insurance [52],1997,A,46.2403,-63.1347
2023-10,Prince Edward Island,Finance and insurance [52],2019,A,46.2403,-63.1347
2023-11,Prince Edward Island,Finance and insurance [52],1974,A,46.2403,-63.1347
2023-12,Prince Edward Island,Finance and insurance [52],2042,A,46.2403,-63.1347
2024-01,Prince Edward Island,Finance and insurance [52],2058,A,46.2403,-63.1347
2024-02,Prince Edward Island,Finance and insurance [52],2004,A,46.2403,-63.1347
2018-01,Prince Edward Island,Real estate and rental and leasing [53],774,A,46.2403,-63.1347
2018-02,Prince Edward Island,Real estate and rental and leasing [53],821,A,46.2403,-63.1347
2018-03,Prince Edward Island,Real estate and rental and leasing [53],824,A,46.2403,-63.1347
2018-04,Prince Edward Island,Real estate and rental and leasing [53],747,A,46.2403,-63.1347
2018-05,Prince Edward Island,Real estate and rental and leasing [53],758,A,46.2403,-63.1347
2018-06,Prince Edward Island,Real estate and rental and leasing [53],873,A,46.2403,-63.1347
2018-07,Prince Edward Island,Real estate and rental and leasing [53],884,A,46.2403,-63.1347
2018-08,Prince Edward Island,Real estate and rental and leasing [53],862,A,46.2403,-63.1347
2018-09,Prince Edward Island,Real estate and rental and leasing [53],821,A,46.2403,-63.1347
2018-10,Prince Edward Island,Real estate and rental and leasing [53],803,A,46.2403,-63.1347
2018-11,Prince Edward Island,Real estate and rental and leasing [53],796,A,46.2403,-63.1347
2018-12,Prince Edward Island,Real estate and rental and leasing [53],725,A,46.2403,-63.1347
2019-01,Prince Edward Island,Real estate and rental and leasing [53],717,A,46.2403,-63.1347
2019-02,Prince Edward Island,Real estate and rental and leasing [53],696,A,46.2403,-63.1347
2019-03,Prince Edward Island,Real estate and rental and leasing [53],702,A,46.2403,-63.1347
2019-04,Prince Edward Island,Real estate and rental and leasing [53],688,A,46.2403,-63.1347
2019-05,Prince Edward Island,Real estate and rental and leasing [53],736,A,46.2403,-63.1347
2019-06,Prince Edward Island,Real estate and rental and leasing [53],832,A,46.2403,-63.1347
2019-07,Prince Edward Island,Real estate and rental and leasing [53],884,A,46.2403,-63.1347
2019-08,Prince Edward Island,Real estate and rental and leasing [53],899,A,46.2403,-63.1347
2019-09,Prince Edward Island,Real estate and rental and leasing [53],856,A,46.2403,-63.1347
2019-10,Prince Edward Island,Real estate and rental and leasing [53],850,A,46.2403,-63.1347
2019-11,Prince Edward Island,Real estate and rental and leasing [53],810,B,46.2403,-63.1347
2019-12,Prince Edward Island,Real estate and rental and leasing [53],806,A,46.2403,-63.1347
2020-01,Prince Edward Island,Real estate and rental and leasing [53],768,A,46.2403,-63.1347
2020-02,Prince Edward Island,Real estate and rental and leasing [53],747,A,46.2403,-63.1347
2020-03,Prince Edward Island,Real estate and rental and leasing [53],683,B,46.2403,-63.1347
2020-04,Prince Edward Island,Real estate and rental and leasing [53],592,C,46.2403,-63.1347
2020-05,Prince Edward Island,Real estate and rental and leasing [53],625,B,46.2403,-63.1347
2020-06,Prince Edward Island,Real estate and rental and leasing [53],753,B,46.2403,-63.1347
2020-07,Prince Edward Island,Real estate and rental and leasing [53],789,B,46.2403,-63.1347
2020-08,Prince Edward Island,Real estate and rental and leasing [53],757,B,46.2403,-63.1347
2020-09,Prince Edward Island,Real estate and rental and leasing [53],790,A,46.2403,-63.1347
2020-10,Prince Edward Island,Real estate and rental and leasing [53],805,A,46.2403,-63.1347
2020-11,Prince Edward Island,Real estate and rental and leasing [53],789,B,46.2403,-63.1347
2020-12,Prince Edward Island,Real estate and rental and leasing [53],813,A,46.2403,-63.1347
2021-01,Prince Edward Island,Real estate and rental and leasing [53],711,A,46.2403,-63.1347
2021-02,Prince Edward Island,Real estate and rental and leasing [53],701,A,46.2403,-63.1347
2021-03,Prince Edward Island,Real estate and rental and leasing [53],708,A,46.2403,-63.1347
2021-04,Prince Edward Island,Real estate and rental and leasing [53],716,A,46.2403,-63.1347
2021-05,Prince Edward Island,Real estate and rental and leasing [53],772,B,46.2403,-63.1347
2021-06,Prince Edward Island,Real estate and rental and leasing [53],883,B,46.2403,-63.1347
2021-07,Prince Edward Island,Real estate and rental and leasing [53],915,B,46.2403,-63.1347
2021-08,Prince Edward Island,Real estate and rental and leasing [53],907,B,46.2403,-63.1347
2021-09,Prince Edward Island,Real estate and rental and leasing [53],857,B,46.2403,-63.1347
2021-10,Prince Edward Island,Real estate and rental and leasing [53],820,B,46.2403,-63.1347
2021-11,Prince Edward Island,Real estate and rental and leasing [53],753,B,46.2403,-63.1347
2021-12,Prince Edward Island,Real estate and rental and leasing [53],790,B,46.2403,-63.1347
2022-01,Prince Edward Island,Real estate and rental and leasing [53],702,B,46.2403,-63.1347
2022-02,Prince Edward Island,Real estate and rental and leasing [53],726,C,46.2403,-63.1347
2022-03,Prince Edward Island,Real estate and rental and leasing [53],690,C,46.2403,-63.1347
2022-04,Prince Edward Island,Real estate and rental and leasing [53],768,B,46.2403,-63.1347
2022-05,Prince Edward Island,Real estate and rental and leasing [53],802,B,46.2403,-63.1347
2022-06,Prince Edward Island,Real estate and rental and leasing [53],913,C,46.2403,-63.1347
2022-07,Prince Edward Island,Real estate and rental and leasing [53],949,B,46.2403,-63.1347
2022-08,Prince Edward Island,Real estate and rental and leasing [53],953,B,46.2403,-63.1347
2022-09,Prince Edward Island,Real estate and rental and leasing [53],915,B,46.2403,-63.1347
2022-10,Prince Edward Island,Real estate and rental and leasing [53],919,B,46.2403,-63.1347
2022-11,Prince Edward Island,Real estate and rental and leasing [53],855,C,46.2403,-63.1347
2022-12,Prince Edward Island,Real estate and rental and leasing [53],900,B,46.2403,-63.1347
2023-01,Prince Edward Island,Real estate and rental and leasing [53],,x,46.2403,-63.1347
2023-02,Prince Edward Island,Real estate and rental and leasing [53],,x,46.2403,-63.1347
2023-03,Prince Edward Island,Real estate and rental and leasing [53],,x,46.2403,-63.1347
2023-04,Prince Edward Island,Real estate and rental and leasing [53],,x,46.2403,-63.1347
2023-05,Prince Edward Island,Real estate and rental and leasing [53],,x,46.2403,-63.1347
2023-06,Prince Edward Island,Real estate and rental and leasing [53],,x,46.2403,-63.1347
2023-07,Prince Edward Island,Real estate and rental and leasing [53],,x,46.2403,-63.1347
2023-08,Prince Edward Island,Real estate and rental and leasing [53],,x,46.2403,-63.1347
2023-09,Prince Edward Island,Real estate and rental and leasing [53],,x,46.2403,-63.1347
2023-10,Prince Edward Island,Real estate and rental and leasing [53],,x,46.2403,-63.1347
2023-11,Prince Edward Island,Real estate and rental and leasing [53],,x,46.2403,-63.1347
2023-12,Prince Edward Island,Real estate and rental and leasing [53],,x,46.2403,-63.1347
2024-01,Prince Edward Island,Real estate and rental and leasing [53],987,B,46.2403,-63.1347
2024-02,Prince Edward Island,Real estate and rental and leasing [53],968,A,46.2403,-63.1347
2018-01,Prince Edward Island,"Professional, scientific and technical services [54,541]",1855,A,46.2403,-63.1347
2018-02,Prince Edward Island,"Professional, scientific and technical services [54,541]",1906,A,46.2403,-63.1347
2018-03,Prince Edward Island,"Professional, scientific and technical services [54,541]",1952,A,46.2403,-63.1347
2018-04,Prince Edward Island,"Professional, scientific and technical services [54,541]",1946,A,46.2403,-63.1347
2018-05,Prince Edward Island,"Professional, scientific and technical services [54,541]",1997,A,46.2403,-63.1347
2018-06,Prince Edward Island,"Professional, scientific and technical services [54,541]",2034,A,46.2403,-63.1347
2018-07,Prince Edward Island,"Professional, scientific and technical services [54,541]",2039,A,46.2403,-63.1347
2018-08,Prince Edward Island,"Professional, scientific and technical services [54,541]",2083,A,46.2403,-63.1347
2018-09,Prince Edward Island,"Professional, scientific and technical services [54,541]",2017,A,46.2403,-63.1347
2018-10,Prince Edward Island,"Professional, scientific and technical services [54,541]",2000,A,46.2403,-63.1347
2018-11,Prince Edward Island,"Professional, scientific and technical services [54,541]",2041,A,46.2403,-63.1347
2018-12,Prince Edward Island,"Professional, scientific and technical services [54,541]",2136,A,46.2403,-63.1347
2019-01,Prince Edward Island,"Professional, scientific and technical services [54,541]",2106,A,46.2403,-63.1347
2019-02,Prince Edward Island,"Professional, scientific and technical services [54,541]",2167,A,46.2403,-63.1347
2019-03,Prince Edward Island,"Professional, scientific and technical services [54,541]",2199,A,46.2403,-63.1347
2019-04,Prince Edward Island,"Professional, scientific and technical services [54,541]",2162,A,46.2403,-63.1347
2019-05,Prince Edward Island,"Professional, scientific and technical services [54,541]",2223,A,46.2403,-63.1347
2019-06,Prince Edward Island,"Professional, scientific and technical services [54,541]",2267,A,46.2403,-63.1347
2019-07,Prince Edward Island,"Professional, scientific and technical services [54,541]",2348,A,46.2403,-63.1347
2019-08,Prince Edward Island,"Professional, scientific and technical services [54,541]",2371,A,46.2403,-63.1347
2019-09,Prince Edward Island,"Professional, scientific and technical services [54,541]",2414,A,46.2403,-63.1347
2019-10,Prince Edward Island,"Professional, scientific and technical services [54,541]",2375,A,46.2403,-63.1347
2019-11,Prince Edward Island,"Professional, scientific and technical services [54,541]",2284,A,46.2403,-63.1347
2019-12,Prince Edward Island,"Professional, scientific and technical services [54,541]",2328,A,46.2403,-63.1347
2020-01,Prince Edward Island,"Professional, scientific and technical services [54,541]",2312,B,46.2403,-63.1347
2020-02,Prince Edward Island,"Professional, scientific and technical services [54,541]",2368,B,46.2403,-63.1347
2020-03,Prince Edward Island,"Professional, scientific and technical services [54,541]",2290,B,46.2403,-63.1347
2020-04,Prince Edward Island,"Professional, scientific and technical services [54,541]",2226,B,46.2403,-63.1347
2020-05,Prince Edward Island,"Professional, scientific and technical services [54,541]",2284,C,46.2403,-63.1347
2020-06,Prince Edward Island,"Professional, scientific and technical services [54,541]",2348,B,46.2403,-63.1347
2020-07,Prince Edward Island,"Professional, scientific and technical services [54,541]",2347,B,46.2403,-63.1347
2020-08,Prince Edward Island,"Professional, scientific and technical services [54,541]",2347,B,46.2403,-63.1347
2020-09,Prince Edward Island,"Professional, scientific and technical services [54,541]",2397,B,46.2403,-63.1347
2020-10,Prince Edward Island,"Professional, scientific and technical services [54,541]",2408,A,46.2403,-63.1347
2020-11,Prince Edward Island,"Professional, scientific and technical services [54,541]",2432,A,46.2403,-63.1347
2020-12,Prince Edward Island,"Professional, scientific and technical services [54,541]",2520,B,46.2403,-63.1347
2021-01,Prince Edward Island,"Professional, scientific and technical services [54,541]",2560,C,46.2403,-63.1347
2021-02,Prince Edward Island,"Professional, scientific and technical services [54,541]",2581,A,46.2403,-63.1347
2021-03,Prince Edward Island,"Professional, scientific and technical services [54,541]",2595,A,46.2403,-63.1347
2021-04,Prince Edward Island,"Professional, scientific and technical services [54,541]",2596,A,46.2403,-63.1347
2021-05,Prince Edward Island,"Professional, scientific and technical services [54,541]",2653,A,46.2403,-63.1347
2021-06,Prince Edward Island,"Professional, scientific and technical services [54,541]",2691,A,46.2403,-63.1347
2021-07,Prince Edward Island,"Professional, scientific and technical services [54,541]",2678,A,46.2403,-63.1347
2021-08,Prince Edward Island,"Professional, scientific and technical services [54,541]",2567,A,46.2403,-63.1347
2021-09,Prince Edward Island,"Professional, scientific and technical services [54,541]",2565,A,46.2403,-63.1347
2021-10,Prince Edward Island,"Professional, scientific and technical services [54,541]",2533,A,46.2403,-63.1347
2021-11,Prince Edward Island,"Professional, scientific and technical services [54,541]",2525,A,46.2403,-63.1347
2021-12,Prince Edward Island,"Professional, scientific and technical services [54,541]",2545,A,46.2403,-63.1347
2022-01,Prince Edward Island,"Professional, scientific and technical services [54,541]",2539,A,46.2403,-63.1347
2022-02,Prince Edward Island,"Professional, scientific and technical services [54,541]",2573,A,46.2403,-63.1347
2022-03,Prince Edward Island,"Professional, scientific and technical services [54,541]",2598,A,46.2403,-63.1347
2022-04,Prince Edward Island,"Professional, scientific and technical services [54,541]",2679,A,46.2403,-63.1347
2022-05,Prince Edward Island,"Professional, scientific and technical services [54,541]",2710,A,46.2403,-63.1347
2022-06,Prince Edward Island,"Professional, scientific and technical services [54,541]",2769,B,46.2403,-63.1347
2022-07,Prince Edward Island,"Professional, scientific and technical services [54,541]",2751,B,46.2403,-63.1347
2022-08,Prince Edward Island,"Professional, scientific and technical services [54,541]",2824,A,46.2403,-63.1347
2022-09,Prince Edward Island,"Professional, scientific and technical services [54,541]",2784,A,46.2403,-63.1347
2022-10,Prince Edward Island,"Professional, scientific and technical services [54,541]",2699,A,46.2403,-63.1347
2022-11,Prince Edward Island,"Professional, scientific and technical services [54,541]",2759,A,46.2403,-63.1347
2022-12,Prince Edward Island,"Professional, scientific and technical services [54,541]",2744,A,46.2403,-63.1347
2023-01,Prince Edward Island,"Professional, scientific and technical services [54,541]",2751,A,46.2403,-63.1347
2023-02,Prince Edward Island,"Professional, scientific and technical services [54,541]",2838,B,46.2403,-63.1347
2023-03,Prince Edward Island,"Professional, scientific and technical services [54,541]",2815,A,46.2403,-63.1347
2023-04,Prince Edward Island,"Professional, scientific and technical services [54,541]",2931,B,46.2403,-63.1347
2023-05,Prince Edward Island,"Professional, scientific and technical services [54,541]",2977,B,46.2403,-63.1347
2023-06,Prince Edward Island,"Professional, scientific and technical services [54,541]",2987,A,46.2403,-63.1347
2023-07,Prince Edward Island,"Professional, scientific and technical services [54,541]",3007,B,46.2403,-63.1347
2023-08,Prince Edward Island,"Professional, scientific and technical services [54,541]",2979,B,46.2403,-63.1347
2023-09,Prince Edward Island,"Professional, scientific and technical services [54,541]",2929,B,46.2403,-63.1347
2023-10,Prince Edward Island,"Professional, scientific and technical services [54,541]",2852,B,46.2403,-63.1347
2023-11,Prince Edward Island,"Professional, scientific and technical services [54,541]",2949,A,46.2403,-63.1347
2023-12,Prince Edward Island,"Professional, scientific and technical services [54,541]",2935,A,46.2403,-63.1347
2024-01,Prince Edward Island,"Professional, scientific and technical services [54,541]",2942,B,46.2403,-63.1347
2024-02,Prince Edward Island,"Professional, scientific and technical services [54,541]",2966,B,46.2403,-63.1347
2018-01,Prince Edward Island,"Management of companies and enterprises [55,551,5511]",41,A,46.2403,-63.1347
2018-02,Prince Edward Island,"Management of companies and enterprises [55,551,5511]",39,A,46.2403,-63.1347
2018-03,Prince Edward Island,"Management of companies and enterprises [55,551,5511]",44,A,46.2403,-63.1347
2018-04,Prince Edward Island,"Management of companies and enterprises [55,551,5511]",41,A,46.2403,-63.1347
2018-05,Prince Edward Island,"Management of companies and enterprises [55,551,5511]",,F,46.2403,-63.1347
2018-06,Prince Edward Island,"Management of companies and enterprises [55,551,5511]",268,A,46.2403,-63.1347
2018-07,Prince Edward Island,"Management of companies and enterprises [55,551,5511]",281,B,46.2403,-63.1347
2018-08,Prince Edward Island,"Management of companies and enterprises [55,551,5511]",194,A,46.2403,-63.1347
2018-09,Prince Edward Island,"Management of companies and enterprises [55,551,5511]",208,A,46.2403,-63.1347
2018-10,Prince Edward Island,"Management of companies and enterprises [55,551,5511]",170,C,46.2403,-63.1347
2018-11,Prince Edward Island,"Management of companies and enterprises [55,551,5511]",,F,46.2403,-63.1347
2018-12,Prince Edward Island,"Management of companies and enterprises [55,551,5511]",55,A,46.2403,-63.1347
2019-01,Prince Edward Island,"Management of companies and enterprises [55,551,5511]",43,A,46.2403,-63.1347
2019-02,Prince Edward Island,"Management of companies and enterprises [55,551,5511]",41,A,46.2403,-63.1347
2019-03,Prince Edward Island,"Management of companies and enterprises [55,551,5511]",39,A,46.2403,-63.1347
2019-04,Prince Edward Island,"Management of companies and enterprises [55,551,5511]",47,A,46.2403,-63.1347
2019-05,Prince Edward Island,"Management of companies and enterprises [55,551,5511]",,F,46.2403,-63.1347
2019-06,Prince Edward Island,"Management of companies and enterprises [55,551,5511]",194,A,46.2403,-63.1347
2019-07,Prince Edward Island,"Management of companies and enterprises [55,551,5511]",293,A,46.2403,-63.1347
2019-08,Prince Edward Island,"Management of companies and enterprises [55,551,5511]",235,A,46.2403,-63.1347
2019-09,Prince Edward Island,"Management of companies and enterprises [55,551,5511]",224,B,46.2403,-63.1347
2019-10,Prince Edward Island,"Management of companies and enterprises [55,551,5511]",175,B,46.2403,-63.1347
2019-11,Prince Edward Island,"Management of companies and enterprises [55,551,5511]",,F,46.2403,-63.1347
2019-12,Prince Edward Island,"Management of companies and enterprises [55,551,5511]",51,B,46.2403,-63.1347
2020-01,Prince Edward Island,"Management of companies and enterprises [55,551,5511]",40,C,46.2403,-63.1347
2020-02,Prince Edward Island,"Management of companies and enterprises [55,551,5511]",43,B,46.2403,-63.1347
2020-03,Prince Edward Island,"Management of companies and enterprises [55,551,5511]",41,B,46.2403,-63.1347
2020-04,Prince Edward Island,"Management of companies and enterprises [55,551,5511]",52,B,46.2403,-63.1347
2020-05,Prince Edward Island,"Management of companies and enterprises [55,551,5511]",275,E,46.2403,-63.1347
2020-06,Prince Edward Island,"Management of companies and enterprises [55,551,5511]",292,B,46.2403,-63.1347
2020-07,Prince Edward Island,"Management of companies and enterprises [55,551,5511]",280,B,46.2403,-63.1347
2020-08,Prince Edward Island,"Management of companies and enterprises [55,551,5511]",228,B,46.2403,-63.1347
2020-09,Prince Edward Island,"Management of companies and enterprises [55,551,5511]",234,B,46.2403,-63.1347
2020-10,Prince Edward Island,"Management of companies and enterprises [55,551,5511]",194,B,46.2403,-63.1347
2020-11,Prince Edward Island,"Management of companies and enterprises [55,551,5511]",32,A,46.2403,-63.1347
2020-12,Prince Edward Island,"Management of companies and enterprises [55,551,5511]",44,A,46.2403,-63.1347
2021-01,Prince Edward Island,"Management of companies and enterprises [55,551,5511]",34,D,46.2403,-63.1347
2021-02,Prince Edward Island,"Management of companies and enterprises [55,551,5511]",33,B,46.2403,-63.1347
2021-03,Prince Edward Island,"Management of companies and enterprises [55,551,5511]",36,A,46.2403,-63.1347
2021-04,Prince Edward Island,"Management of companies and enterprises [55,551,5511]",97,A,46.2403,-63.1347
2021-05,Prince Edward Island,"Management of companies and enterprises [55,551,5511]",295,B,46.2403,-63.1347
2021-06,Prince Edward Island,"Management of companies and enterprises [55,551,5511]",317,A,46.2403,-63.1347
2021-07,Prince Edward Island,"Management of companies and enterprises [55,551,5511]",305,C,46.2403,-63.1347
2021-08,Prince Edward Island,"Management of companies and enterprises [55,551,5511]",245,A,46.2403,-63.1347
2021-09,Prince Edward Island,"Management of companies and enterprises [55,551,5511]",237,B,46.2403,-63.1347
2021-10,Prince Edward Island,"Management of companies and enterprises [55,551,5511]",222,C,46.2403,-63.1347
2021-11,Prince Edward Island,"Management of companies and enterprises [55,551,5511]",,F,46.2403,-63.1347
2021-12,Prince Edward Island,"Management of companies and enterprises [55,551,5511]",72,B,46.2403,-63.1347
2022-01,Prince Edward Island,"Management of companies and enterprises [55,551,5511]",,x,46.2403,-63.1347
2022-02,Prince Edward Island,"Management of companies and enterprises [55,551,5511]",,x,46.2403,-63.1347
2022-03,Prince Edward Island,"Management of companies and enterprises [55,551,5511]",,x,46.2403,-63.1347
2022-04,Prince Edward Island,"Management of companies and enterprises [55,551,5511]",,x,46.2403,-63.1347
2022-05,Prince Edward Island,"Management of companies and enterprises [55,551,5511]",,x,46.2403,-63.1347
2022-06,Prince Edward Island,"Management of companies and enterprises [55,551,5511]",,x,46.2403,-63.1347
2022-07,Prince Edward Island,"Management of companies and enterprises [55,551,5511]",,x,46.2403,-63.1347
2022-08,Prince Edward Island,"Management of companies and enterprises [55,551,5511]",,x,46.2403,-63.1347
2022-09,Prince Edward Island,"Management of companies and enterprises [55,551,5511]",,x,46.2403,-63.1347
2022-10,Prince Edward Island,"Management of companies and enterprises [55,551,5511]",,x,46.2403,-63.1347
2022-11,Prince Edward Island,"Management of companies and enterprises [55,551,5511]",,x,46.2403,-63.1347
2022-12,Prince Edward Island,"Management of companies and enterprises [55,551,5511]",,x,46.2403,-63.1347
2023-01,Prince Edward Island,"Management of companies and enterprises [55,551,5511]",,x,46.2403,-63.1347
2023-02,Prince Edward Island,"Management of companies and enterprises [55,551,5511]",,x,46.2403,-63.1347
2023-03,Prince Edward Island,"Management of companies and enterprises [55,551,5511]",,x,46.2403,-63.1347
2023-04,Prince Edward Island,"Management of companies and enterprises [55,551,5511]",,x,46.2403,-63.1347
2023-05,Prince Edward Island,"Management of companies and enterprises [55,551,5511]",,x,46.2403,-63.1347
2023-06,Prince Edward Island,"Management of companies and enterprises [55,551,5511]",,x,46.2403,-63.1347
2023-07,Prince Edward Island,"Management of companies and enterprises [55,551,5511]",,x,46.2403,-63.1347
2023-08,Prince Edward Island,"Management of companies and enterprises [55,551,5511]",,x,46.2403,-63.1347
2023-09,Prince Edward Island,"Management of companies and enterprises [55,551,5511]",,x,46.2403,-63.1347
2023-10,Prince Edward Island,"Management of companies and enterprises [55,551,5511]",,x,46.2403,-63.1347
2023-11,Prince Edward Island,"Management of companies and enterprises [55,551,5511]",,x,46.2403,-63.1347
2023-12,Prince Edward Island,"Management of companies and enterprises [55,551,5511]",,x,46.2403,-63.1347
2024-01,Prince Edward Island,"Management of companies and enterprises [55,551,5511]",81,C,46.2403,-63.1347
2024-02,Prince Edward Island,"Management of companies and enterprises [55,551,5511]",37,C,46.2403,-63.1347
2018-01,Prince Edward Island,"Administrative and support, waste management and remediation services [56]",3489,A,46.2403,-63.1347
2018-02,Prince Edward Island,"Administrative and support, waste management and remediation services [56]",3564,A,46.2403,-63.1347
2018-03,Prince Edward Island,"Administrative and support, waste management and remediation services [56]",3623,A,46.2403,-63.1347
2018-04,Prince Edward Island,"Administrative and support, waste management and remediation services [56]",3699,A,46.2403,-63.1347
2018-05,Prince Edward Island,"Administrative and support, waste management and remediation services [56]",4030,A,46.2403,-63.1347
2018-06,Prince Edward Island,"Administrative and support, waste management and remediation services [56]",4176,A,46.2403,-63.1347
2018-07,Prince Edward Island,"Administrative and support, waste management and remediation services [56]",4345,A,46.2403,-63.1347
2018-08,Prince Edward Island,"Administrative and support, waste management and remediation services [56]",4363,A,46.2403,-63.1347
2018-09,Prince Edward Island,"Administrative and support, waste management and remediation services [56]",4320,A,46.2403,-63.1347
2018-10,Prince Edward Island,"Administrative and support, waste management and remediation services [56]",4278,A,46.2403,-63.1347
2018-11,Prince Edward Island,"Administrative and support, waste management and remediation services [56]",4322,A,46.2403,-63.1347
2018-12,Prince Edward Island,"Administrative and support, waste management and remediation services [56]",4125,A,46.2403,-63.1347
2019-01,Prince Edward Island,"Administrative and support, waste management and remediation services [56]",4101,A,46.2403,-63.1347
2019-02,Prince Edward Island,"Administrative and support, waste management and remediation services [56]",4036,A,46.2403,-63.1347
2019-03,Prince Edward Island,"Administrative and support, waste management and remediation services [56]",3991,A,46.2403,-63.1347
2019-04,Prince Edward Island,"Administrative and support, waste management and remediation services [56]",3991,A,46.2403,-63.1347
2019-05,Prince Edward Island,"Administrative and support, waste management and remediation services [56]",4028,A,46.2403,-63.1347
2019-06,Prince Edward Island,"Administrative and support, waste management and remediation services [56]",4112,A,46.2403,-63.1347
2019-07,Prince Edward Island,"Administrative and support, waste management and remediation services [56]",4380,A,46.2403,-63.1347
2019-08,Prince Edward Island,"Administrative and support, waste management and remediation services [56]",4445,A,46.2403,-63.1347
2019-09,Prince Edward Island,"Administrative and support, waste management and remediation services [56]",4525,B,46.2403,-63.1347
2019-10,Prince Edward Island,"Administrative and support, waste management and remediation services [56]",4406,A,46.2403,-63.1347
2019-11,Prince Edward Island,"Administrative and support, waste management and remediation services [56]",4303,C,46.2403,-63.1347
2019-12,Prince Edward Island,"Administrative and support, waste management and remediation services [56]",4248,B,46.2403,-63.1347
2020-01,Prince Edward Island,"Administrative and support, waste management and remediation services [56]",3824,B,46.2403,-63.1347
2020-02,Prince Edward Island,"Administrative and support, waste management and remediation services [56]",3713,C,46.2403,-63.1347
2020-03,Prince Edward Island,"Administrative and support, waste management and remediation services [56]",3739,B,46.2403,-63.1347
2020-04,Prince Edward Island,"Administrative and support, waste management and remediation services [56]",3364,C,46.2403,-63.1347
2020-05,Prince Edward Island,"Administrative and support, waste management and remediation services [56]",3598,C,46.2403,-63.1347
2020-06,Prince Edward Island,"Administrative and support, waste management and remediation services [56]",3471,D,46.2403,-63.1347
2020-07,Prince Edward Island,"Administrative and support, waste management and remediation services [56]",3522,C,46.2403,-63.1347
2020-08,Prince Edward Island,"Administrative and support, waste management and remediation services [56]",3631,B,46.2403,-63.1347
2020-09,Prince Edward Island,"Administrative and support, waste management and remediation services [56]",3665,B,46.2403,-63.1347
2020-10,Prince Edward Island,"Administrative and support, waste management and remediation services [56]",3845,B,46.2403,-63.1347
2020-11,Prince Edward Island,"Administrative and support, waste management and remediation services [56]",3766,C,46.2403,-63.1347
2020-12,Prince Edward Island,"Administrative and support, waste management and remediation services [56]",3951,B,46.2403,-63.1347
2021-01,Prince Edward Island,"Administrative and support, waste management and remediation services [56]",3979,B,46.2403,-63.1347
2021-02,Prince Edward Island,"Administrative and support, waste management and remediation services [56]",4392,A,46.2403,-63.1347
2021-03,Prince Edward Island,"Administrative and support, waste management and remediation services [56]",4489,A,46.2403,-63.1347
2021-04,Prince Edward Island,"Administrative and support, waste management and remediation services [56]",4714,B,46.2403,-63.1347
2021-05,Prince Edward Island,"Administrative and support, waste management and remediation services [56]",4520,B,46.2403,-63.1347
2021-06,Prince Edward Island,"Administrative and support, waste management and remediation services [56]",4350,B,46.2403,-63.1347
2021-07,Prince Edward Island,"Administrative and support, waste management and remediation services [56]",4530,B,46.2403,-63.1347
2021-08,Prince Edward Island,"Administrative and support, waste management and remediation services [56]",4808,B,46.2403,-63.1347
2021-09,Prince Edward Island,"Administrative and support, waste management and remediation services [56]",4904,B,46.2403,-63.1347
2021-10,Prince Edward Island,"Administrative and support, waste management and remediation services [56]",5038,A,46.2403,-63.1347
2021-11,Prince Edward Island,"Administrative and support, waste management and remediation services [56]",5059,A,46.2403,-63.1347
2021-12,Prince Edward Island,"Administrative and support, waste management and remediation services [56]",5050,B,46.2403,-63.1347
2022-01,Prince Edward Island,"Administrative and support, waste management and remediation services [56]",4954,B,46.2403,-63.1347
2022-02,Prince Edward Island,"Administrative and support, waste management and remediation services [56]",5134,B,46.2403,-63.1347
2022-03,Prince Edward Island,"Administrative and support, waste management and remediation services [56]",5293,B,46.2403,-63.1347
2022-04,Prince Edward Island,"Administrative and support, waste management and remediation services [56]",5516,B,46.2403,-63.1347
2022-05,Prince Edward Island,"Administrative and support, waste management and remediation services [56]",5532,B,46.2403,-63.1347
2022-06,Prince Edward Island,"Administrative and support, waste management and remediation services [56]",4926,C,46.2403,-63.1347
2022-07,Prince Edward Island,"Administrative and support, waste management and remediation services [56]",4858,B,46.2403,-63.1347
2022-08,Prince Edward Island,"Administrative and support, waste management and remediation services [56]",4744,B,46.2403,-63.1347
2022-09,Prince Edward Island,"Administrative and support, waste management and remediation services [56]",4655,B,46.2403,-63.1347
2022-10,Prince Edward Island,"Administrative and support, waste management and remediation services [56]",4406,B,46.2403,-63.1347
2022-11,Prince Edward Island,"Administrative and support, waste management and remediation services [56]",4277,B,46.2403,-63.1347
2022-12,Prince Edward Island,"Administrative and support, waste management and remediation services [56]",3980,C,46.2403,-63.1347
2023-01,Prince Edward Island,"Administrative and support, waste management and remediation services [56]",4110,B,46.2403,-63.1347
2023-02,Prince Edward Island,"Administrative and support, waste management and remediation services [56]",4170,B,46.2403,-63.1347
2023-03,Prince Edward Island,"Administrative and support, waste management and remediation services [56]",4406,B,46.2403,-63.1347
2023-04,Prince Edward Island,"Administrative and support, waste management and remediation services [56]",4385,A,46.2403,-63.1347
2023-05,Prince Edward Island,"Administrative and support, waste management and remediation services [56]",4589,A,46.2403,-63.1347
2023-06,Prince Edward Island,"Administrative and support, waste management and remediation services [56]",4650,B,46.2403,-63.1347
2023-07,Prince Edward Island,"Administrative and support, waste management and remediation services [56]",4522,B,46.2403,-63.1347
2023-08,Prince Edward Island,"Administrative and support, waste management and remediation services [56]",4629,B,46.2403,-63.1347
2023-09,Prince Edward Island,"Administrative and support, waste management and remediation services [56]",4614,B,46.2403,-63.1347
2023-10,Prince Edward Island,"Administrative and support, waste management and remediation services [56]",4570,C,46.2403,-63.1347
2023-11,Prince Edward Island,"Administrative and support, waste management and remediation services [56]",4433,C,46.2403,-63.1347
2023-12,Prince Edward Island,"Administrative and support, waste management and remediation services [56]",4356,C,46.2403,-63.1347
2024-01,Prince Edward Island,"Administrative and support, waste management and remediation services [56]",4461,C,46.2403,-63.1347
2024-02,Prince Edward Island,"Administrative and support, waste management and remediation services [56]",4381,C,46.2403,-63.1347
2018-01,Prince Edward Island,"Educational services [61,611]",5624,A,46.2403,-63.1347
2018-02,Prince Edward Island,"Educational services [61,611]",5783,A,46.2403,-63.1347
2018-03,Prince Edward Island,"Educational services [61,611]",5742,A,46.2403,-63.1347
2018-04,Prince Edward Island,"Educational services [61,611]",5891,A,46.2403,-63.1347
2018-05,Prince Edward Island,"Educational services [61,611]",5604,A,46.2403,-63.1347
2018-06,Prince Edward Island,"Educational services [61,611]",5626,A,46.2403,-63.1347
2018-07,Prince Edward Island,"Educational services [61,611]",2606,A,46.2403,-63.1347
2018-08,Prince Edward Island,"Educational services [61,611]",2414,A,46.2403,-63.1347
2018-09,Prince Edward Island,"Educational services [61,611]",5319,A,46.2403,-63.1347
2018-10,Prince Edward Island,"Educational services [61,611]",5853,A,46.2403,-63.1347
2018-11,Prince Edward Island,"Educational services [61,611]",5987,A,46.2403,-63.1347
2018-12,Prince Edward Island,"Educational services [61,611]",6053,A,46.2403,-63.1347
2019-01,Prince Edward Island,"Educational services [61,611]",5822,A,46.2403,-63.1347
2019-02,Prince Edward Island,"Educational services [61,611]",6059,A,46.2403,-63.1347
2019-03,Prince Edward Island,"Educational services [61,611]",5984,A,46.2403,-63.1347
2019-04,Prince Edward Island,"Educational services [61,611]",6117,A,46.2403,-63.1347
2019-05,Prince Edward Island,"Educational services [61,611]",5922,A,46.2403,-63.1347
2019-06,Prince Edward Island,"Educational services [61,611]",5841,B,46.2403,-63.1347
2019-07,Prince Edward Island,"Educational services [61,611]",3006,C,46.2403,-63.1347
2019-08,Prince Edward Island,"Educational services [61,611]",2526,A,46.2403,-63.1347
2019-09,Prince Edward Island,"Educational services [61,611]",5854,A,46.2403,-63.1347
2019-10,Prince Edward Island,"Educational services [61,611]",6183,A,46.2403,-63.1347
2019-11,Prince Edward Island,"Educational services [61,611]",6156,A,46.2403,-63.1347
2019-12,Prince Edward Island,"Educational services [61,611]",6126,A,46.2403,-63.1347
2020-01,Prince Edward Island,"Educational services [61,611]",5917,A,46.2403,-63.1347
2020-02,Prince Edward Island,"Educational services [61,611]",6249,A,46.2403,-63.1347
2020-03,Prince Edward Island,"Educational services [61,611]",6240,A,46.2403,-63.1347
2020-04,Prince Edward Island,"Educational services [61,611]",5947,A,46.2403,-63.1347
2020-05,Prince Edward Island,"Educational services [61,611]",5121,B,46.2403,-63.1347
2020-06,Prince Edward Island,"Educational services [61,611]",5059,A,46.2403,-63.1347
2020-07,Prince Edward Island,"Educational services [61,611]",3314,A,46.2403,-63.1347
2020-08,Prince Edward Island,"Educational services [61,611]",2410,A,46.2403,-63.1347
2020-09,Prince Edward Island,"Educational services [61,611]",5378,A,46.2403,-63.1347
2020-10,Prince Edward Island,"Educational services [61,611]",6113,A,46.2403,-63.1347
2020-11,Prince Edward Island,"Educational services [61,611]",6242,A,46.2403,-63.1347
2020-12,Prince Edward Island,"Educational services [61,611]",6289,A,46.2403,-63.1347
2021-01,Prince Edward Island,"Educational services [61,611]",5946,A,46.2403,-63.1347
2021-02,Prince Edward Island,"Educational services [61,611]",6226,A,46.2403,-63.1347
2021-03,Prince Edward Island,"Educational services [61,611]",6178,A,46.2403,-63.1347
2021-04,Prince Edward Island,"Educational services [61,611]",6354,A,46.2403,-63.1347
2021-05,Prince Edward Island,"Educational services [61,611]",6149,A,46.2403,-63.1347
2021-06,Prince Edward Island,"Educational services [61,611]",6181,B,46.2403,-63.1347
2021-07,Prince Edward Island,"Educational services [61,611]",3923,B,46.2403,-63.1347
2021-08,Prince Edward Island,"Educational services [61,611]",2565,B,46.2403,-63.1347
2021-09,Prince Edward Island,"Educational services [61,611]",5961,B,46.2403,-63.1347
2021-10,Prince Edward Island,"Educational services [61,611]",6399,A,46.2403,-63.1347
2021-11,Prince Edward Island,"Educational services [61,611]",6546,B,46.2403,-63.1347
2021-12,Prince Edward Island,"Educational services [61,611]",6564,A,46.2403,-63.1347
2022-01,Prince Edward Island,"Educational services [61,611]",6070,A,46.2403,-63.1347
2022-02,Prince Edward Island,"Educational services [61,611]",6345,A,46.2403,-63.1347
2022-03,Prince Edward Island,"Educational services [61,611]",6597,A,46.2403,-63.1347
2022-04,Prince Edward Island,"Educational services [61,611]",6738,A,46.2403,-63.1347
2022-05,Prince Edward Island,"Educational services [61,611]",6355,A,46.2403,-63.1347
2022-06,Prince Edward Island,"Educational services [61,611]",6402,B,46.2403,-63.1347
2022-07,Prince Edward Island,"Educational services [61,611]",3896,C,46.2403,-63.1347
2022-08,Prince Edward Island,"Educational services [61,611]",2573,D,46.2403,-63.1347
2022-09,Prince Edward Island,"Educational services [61,611]",,F,46.2403,-63.1347
2022-10,Prince Edward Island,"Educational services [61,611]",6595,A,46.2403,-63.1347
2022-11,Prince Edward Island,"Educational services [61,611]",6699,A,46.2403,-63.1347
2022-12,Prince Edward Island,"Educational services [61,611]",6849,A,46.2403,-63.1347
2023-01,Prince Edward Island,"Educational services [61,611]",6443,B,46.2403,-63.1347
2023-02,Prince Edward Island,"Educational services [61,611]",6769,A,46.2403,-63.1347
2023-03,Prince Edward Island,"Educational services [61,611]",6822,A,46.2403,-63.1347
2023-04,Prince Edward Island,"Educational services [61,611]",6753,A,46.2403,-63.1347
2023-05,Prince Edward Island,"Educational services [61,611]",6637,A,46.2403,-63.1347
2023-06,Prince Edward Island,"Educational services [61,611]",6607,A,46.2403,-63.1347
2023-07,Prince Edward Island,"Educational services [61,611]",4339,A,46.2403,-63.1347
2023-08,Prince Edward Island,"Educational services [61,611]",3019,A,46.2403,-63.1347
2023-09,Prince Edward Island,"Educational services [61,611]",6494,A,46.2403,-63.1347
2023-10,Prince Edward Island,"Educational services [61,611]",6854,A,46.2403,-63.1347
2023-11,Prince Edward Island,"Educational services [61,611]",7027,A,46.2403,-63.1347
2023-12,Prince Edward Island,"Educational services [61,611]",7004,A,46.2403,-63.1347
2024-01,Prince Edward Island,"Educational services [61,611]",6473,A,46.2403,-63.1347
2024-02,Prince Edward Island,"Educational services [61,611]",6993,A,46.2403,-63.1347
2018-01,Prince Edward Island,Health care and social assistance [62],9597,A,46.2403,-63.1347
2018-02,Prince Edward Island,Health care and social assistance [62],9570,A,46.2403,-63.1347
2018-03,Prince Edward Island,Health care and social assistance [62],9654,A,46.2403,-63.1347
2018-04,Prince Edward Island,Health care and social assistance [62],9865,A,46.2403,-63.1347
2018-05,Prince Edward Island,Health care and social assistance [62],9677,A,46.2403,-63.1347
2018-06,Prince Edward Island,Health care and social assistance [62],9898,A,46.2403,-63.1347
2018-07,Prince Edward Island,Health care and social assistance [62],10022,A,46.2403,-63.1347
2018-08,Prince Edward Island,Health care and social assistance [62],10058,A,46.2403,-63.1347
2018-09,Prince Edward Island,Health care and social assistance [62],9918,A,46.2403,-63.1347
2018-10,Prince Edward Island,Health care and social assistance [62],9948,A,46.2403,-63.1347
2018-11,Prince Edward Island,Health care and social assistance [62],9958,A,46.2403,-63.1347
2018-12,Prince Edward Island,Health care and social assistance [62],10065,A,46.2403,-63.1347
2019-01,Prince Edward Island,Health care and social assistance [62],9969,A,46.2403,-63.1347
2019-02,Prince Edward Island,Health care and social assistance [62],9925,A,46.2403,-63.1347
2019-03,Prince Edward Island,Health care and social assistance [62],10228,A,46.2403,-63.1347
2019-04,Prince Edward Island,Health care and social assistance [62],10316,A,46.2403,-63.1347
2019-05,Prince Edward Island,Health care and social assistance [62],10050,A,46.2403,-63.1347
2019-06,Prince Edward Island,Health care and social assistance [62],10370,A,46.2403,-63.1347
2019-07,Prince Edward Island,Health care and social assistance [62],10591,A,46.2403,-63.1347
2019-08,Prince Edward Island,Health care and social assistance [62],10446,A,46.2403,-63.1347
2019-09,Prince Edward Island,Health care and social assistance [62],10679,B,46.2403,-63.1347
2019-10,Prince Edward Island,Health care and social assistance [62],10299,C,46.2403,-63.1347
2019-11,Prince Edward Island,Health care and social assistance [62],10214,B,46.2403,-63.1347
2019-12,Prince Edward Island,Health care and social assistance [62],10253,B,46.2403,-63.1347
2020-01,Prince Edward Island,Health care and social assistance [62],10251,B,46.2403,-63.1347
2020-02,Prince Edward Island,Health care and social assistance [62],10216,C,46.2403,-63.1347
2020-03,Prince Edward Island,Health care and social assistance [62],9915,B,46.2403,-63.1347
2020-04,Prince Edward Island,Health care and social assistance [62],8758,B,46.2403,-63.1347
2020-05,Prince Edward Island,Health care and social assistance [62],8496,B,46.2403,-63.1347
2020-06,Prince Edward Island,Health care and social assistance [62],8815,B,46.2403,-63.1347
2020-07,Prince Edward Island,Health care and social assistance [62],9227,B,46.2403,-63.1347
2020-08,Prince Edward Island,Health care and social assistance [62],9270,B,46.2403,-63.1347
2020-09,Prince Edward Island,Health care and social assistance [62],9317,A,46.2403,-63.1347
2020-10,Prince Edward Island,Health care and social assistance [62],9355,A,46.2403,-63.1347
2020-11,Prince Edward Island,Health care and social assistance [62],9218,B,46.2403,-63.1347
2020-12,Prince Edward Island,Health care and social assistance [62],9217,B,46.2403,-63.1347
2021-01,Prince Edward Island,Health care and social assistance [62],9200,B,46.2403,-63.1347
2021-02,Prince Edward Island,Health care and social assistance [62],9250,B,46.2403,-63.1347
2021-03,Prince Edward Island,Health care and social assistance [62],9268,B,46.2403,-63.1347
2021-04,Prince Edward Island,Health care and social assistance [62],9393,B,46.2403,-63.1347
2021-05,Prince Edward Island,Health care and social assistance [62],9477,B,46.2403,-63.1347
2021-06,Prince Edward Island,Health care and social assistance [62],9603,B,46.2403,-63.1347
2021-07,Prince Edward Island,Health care and social assistance [62],9707,B,46.2403,-63.1347
2021-08,Prince Edward Island,Health care and social assistance [62],9646,B,46.2403,-63.1347
2021-09,Prince Edward Island,Health care and social assistance [62],9591,B,46.2403,-63.1347
2021-10,Prince Edward Island,Health care and social assistance [62],9510,B,46.2403,-63.1347
2021-11,Prince Edward Island,Health care and social assistance [62],9487,B,46.2403,-63.1347
2021-12,Prince Edward Island,Health care and social assistance [62],9862,B,46.2403,-63.1347
2022-01,Prince Edward Island,Health care and social assistance [62],9719,B,46.2403,-63.1347
2022-02,Prince Edward Island,Health care and social assistance [62],9545,B,46.2403,-63.1347
2022-03,Prince Edward Island,Health care and social assistance [62],9643,B,46.2403,-63.1347
2022-04,Prince Edward Island,Health care and social assistance [62],9620,B,46.2403,-63.1347
2022-05,Prince Edward Island,Health care and social assistance [62],9653,B,46.2403,-63.1347
2022-06,Prince Edward Island,Health care and social assistance [62],9800,B,46.2403,-63.1347
2022-07,Prince Edward Island,Health care and social assistance [62],9977,B,46.2403,-63.1347
2022-08,Prince Edward Island,Health care and social assistance [62],10026,B,46.2403,-63.1347
2022-09,Prince Edward Island,Health care and social assistance [62],9948,B,46.2403,-63.1347
2022-10,Prince Edward Island,Health care and social assistance [62],9740,B,46.2403,-63.1347
2022-11,Prince Edward Island,Health care and social assistance [62],9755,B,46.2403,-63.1347
2022-12,Prince Edward Island,Health care and social assistance [62],9897,B,46.2403,-63.1347
2023-01,Prince Edward Island,Health care and social assistance [62],9860,B,46.2403,-63.1347
2023-02,Prince Edward Island,Health care and social assistance [62],9954,B,46.2403,-63.1347
2023-03,Prince Edward Island,Health care and social assistance [62],9874,B,46.2403,-63.1347
2023-04,Prince Edward Island,Health care and social assistance [62],9883,A,46.2403,-63.1347
2023-05,Prince Edward Island,Health care and social assistance [62],9884,B,46.2403,-63.1347
2023-06,Prince Edward Island,Health care and social assistance [62],9919,B,46.2403,-63.1347
2023-07,Prince Edward Island,Health care and social assistance [62],10103,B,46.2403,-63.1347
2023-08,Prince Edward Island,Health care and social assistance [62],10160,A,46.2403,-63.1347
2023-09,Prince Edward Island,Health care and social assistance [62],9884,B,46.2403,-63.1347
2023-10,Prince Edward Island,Health care and social assistance [62],9799,B,46.2403,-63.1347
2023-11,Prince Edward Island,Health care and social assistance [62],9947,B,46.2403,-63.1347
2023-12,Prince Edward Island,Health care and social assistance [62],10062,A,46.2403,-63.1347
2024-01,Prince Edward Island,Health care and social assistance [62],9894,B,46.2403,-63.1347
2024-02,Prince Edward Island,Health care and social assistance [62],9757,B,46.2403,-63.1347
2018-01,Prince Edward Island,"Arts, entertainment and recreation [71]",771,A,46.2403,-63.1347
2018-02,Prince Edward Island,"Arts, entertainment and recreation [71]",851,A,46.2403,-63.1347
2018-03,Prince Edward Island,"Arts, entertainment and recreation [71]",906,A,46.2403,-63.1347
2018-04,Prince Edward Island,"Arts, entertainment and recreation [71]",941,A,46.2403,-63.1347
2018-05,Prince Edward Island,"Arts, entertainment and recreation [71]",1335,A,46.2403,-63.1347
2018-06,Prince Edward Island,"Arts, entertainment and recreation [71]",1489,A,46.2403,-63.1347
2018-07,Prince Edward Island,"Arts, entertainment and recreation [71]",1736,A,46.2403,-63.1347
2018-08,Prince Edward Island,"Arts, entertainment and recreation [71]",1686,A,46.2403,-63.1347
2018-09,Prince Edward Island,"Arts, entertainment and recreation [71]",1327,A,46.2403,-63.1347
2018-10,Prince Edward Island,"Arts, entertainment and recreation [71]",1121,A,46.2403,-63.1347
2018-11,Prince Edward Island,"Arts, entertainment and recreation [71]",947,A,46.2403,-63.1347
2018-12,Prince Edward Island,"Arts, entertainment and recreation [71]",812,A,46.2403,-63.1347
2019-01,Prince Edward Island,"Arts, entertainment and recreation [71]",739,A,46.2403,-63.1347
2019-02,Prince Edward Island,"Arts, entertainment and recreation [71]",754,A,46.2403,-63.1347
2019-03,Prince Edward Island,"Arts, entertainment and recreation [71]",763,A,46.2403,-63.1347
2019-04,Prince Edward Island,"Arts, entertainment and recreation [71]",761,A,46.2403,-63.1347
2019-05,Prince Edward Island,"Arts, entertainment and recreation [71]",1037,A,46.2403,-63.1347
2019-06,Prince Edward Island,"Arts, entertainment and recreation [71]",1435,A,46.2403,-63.1347
2019-07,Prince Edward Island,"Arts, entertainment and recreation [71]",1739,A,46.2403,-63.1347
2019-08,Prince Edward Island,"Arts, entertainment and recreation [71]",1840,A,46.2403,-63.1347
2019-09,Prince Edward Island,"Arts, entertainment and recreation [71]",1399,B,46.2403,-63.1347
2019-10,Prince Edward Island,"Arts, entertainment and recreation [71]",1171,B,46.2403,-63.1347
2019-11,Prince Edward Island,"Arts, entertainment and recreation [71]",1015,A,46.2403,-63.1347
2019-12,Prince Edward Island,"Arts, entertainment and recreation [71]",974,A,46.2403,-63.1347
2020-01,Prince Edward Island,"Arts, entertainment and recreation [71]",844,A,46.2403,-63.1347
2020-02,Prince Edward Island,"Arts, entertainment and recreation [71]",831,B,46.2403,-63.1347
2020-03,Prince Edward Island,"Arts, entertainment and recreation [71]",744,B,46.2403,-63.1347
2020-04,Prince Edward Island,"Arts, entertainment and recreation [71]",557,C,46.2403,-63.1347
2020-05,Prince Edward Island,"Arts, entertainment and recreation [71]",580,B,46.2403,-63.1347
2020-06,Prince Edward Island,"Arts, entertainment and recreation [71]",928,B,46.2403,-63.1347
2020-07,Prince Edward Island,"Arts, entertainment and recreation [71]",1373,B,46.2403,-63.1347
2020-08,Prince Edward Island,"Arts, entertainment and recreation [71]",1351,A,46.2403,-63.1347
2020-09,Prince Edward Island,"Arts, entertainment and recreation [71]",1184,B,46.2403,-63.1347
2020-10,Prince Edward Island,"Arts, entertainment and recreation [71]",956,B,46.2403,-63.1347
2020-11,Prince Edward Island,"Arts, entertainment and recreation [71]",842,B,46.2403,-63.1347
2020-12,Prince Edward Island,"Arts, entertainment and recreation [71]",681,B,46.2403,-63.1347
2021-01,Prince Edward Island,"Arts, entertainment and recreation [71]",639,C,46.2403,-63.1347
2021-02,Prince Edward Island,"Arts, entertainment and recreation [71]",549,A,46.2403,-63.1347
2021-03,Prince Edward Island,"Arts, entertainment and recreation [71]",574,A,46.2403,-63.1347
2021-04,Prince Edward Island,"Arts, entertainment and recreation [71]",623,A,46.2403,-63.1347
2021-05,Prince Edward Island,"Arts, entertainment and recreation [71]",923,B,46.2403,-63.1347
2021-06,Prince Edward Island,"Arts, entertainment and recreation [71]",1090,A,46.2403,-63.1347
2021-07,Prince Edward Island,"Arts, entertainment and recreation [71]",1426,B,46.2403,-63.1347
2021-08,Prince Edward Island,"Arts, entertainment and recreation [71]",1414,B,46.2403,-63.1347
2021-09,Prince Edward Island,"Arts, entertainment and recreation [71]",1300,B,46.2403,-63.1347
2021-10,Prince Edward Island,"Arts, entertainment and recreation [71]",1071,B,46.2403,-63.1347
2021-11,Prince Edward Island,"Arts, entertainment and recreation [71]",913,B,46.2403,-63.1347
2021-12,Prince Edward Island,"Arts, entertainment and recreation [71]",832,B,46.2403,-63.1347
2022-01,Prince Edward Island,"Arts, entertainment and recreation [71]",650,B,46.2403,-63.1347
2022-02,Prince Edward Island,"Arts, entertainment and recreation [71]",739,B,46.2403,-63.1347
2022-03,Prince Edward Island,"Arts, entertainment and recreation [71]",789,B,46.2403,-63.1347
2022-04,Prince Edward Island,"Arts, entertainment and recreation [71]",876,B,46.2403,-63.1347
2022-05,Prince Edward Island,"Arts, entertainment and recreation [71]",1112,B,46.2403,-63.1347
2022-06,Prince Edward Island,"Arts, entertainment and recreation [71]",1372,B,46.2403,-63.1347
2022-07,Prince Edward Island,"Arts, entertainment and recreation [71]",1611,C,46.2403,-63.1347
2022-08,Prince Edward Island,"Arts, entertainment and recreation [71]",1643,B,46.2403,-63.1347
2022-09,Prince Edward Island,"Arts, entertainment and recreation [71]",1507,B,46.2403,-63.1347
2022-10,Prince Edward Island,"Arts, entertainment and recreation [71]",1334,B,46.2403,-63.1347
2022-11,Prince Edward Island,"Arts, entertainment and recreation [71]",1185,B,46.2403,-63.1347
2022-12,Prince Edward Island,"Arts, entertainment and recreation [71]",1048,B,46.2403,-63.1347
2023-01,Prince Edward Island,"Arts, entertainment and recreation [71]",840,B,46.2403,-63.1347
2023-02,Prince Edward Island,"Arts, entertainment and recreation [71]",892,A,46.2403,-63.1347
2023-03,Prince Edward Island,"Arts, entertainment and recreation [71]",865,B,46.2403,-63.1347
2023-04,Prince Edward Island,"Arts, entertainment and recreation [71]",879,B,46.2403,-63.1347
2023-05,Prince Edward Island,"Arts, entertainment and recreation [71]",1125,B,46.2403,-63.1347
2023-06,Prince Edward Island,"Arts, entertainment and recreation [71]",1527,B,46.2403,-63.1347
2023-07,Prince Edward Island,"Arts, entertainment and recreation [71]",1743,B,46.2403,-63.1347
2023-08,Prince Edward Island,"Arts, entertainment and recreation [71]",1686,B,46.2403,-63.1347
2023-09,Prince Edward Island,"Arts, entertainment and recreation [71]",1571,B,46.2403,-63.1347
2023-10,Prince Edward Island,"Arts, entertainment and recreation [71]",1349,A,46.2403,-63.1347
2023-11,Prince Edward Island,"Arts, entertainment and recreation [71]",1169,A,46.2403,-63.1347
2023-12,Prince Edward Island,"Arts, entertainment and recreation [71]",980,A,46.2403,-63.1347
2024-01,Prince Edward Island,"Arts, entertainment and recreation [71]",933,B,46.2403,-63.1347
2024-02,Prince Edward Island,"Arts, entertainment and recreation [71]",809,A,46.2403,-63.1347
2018-01,Prince Edward Island,Accommodation and food services [72],5034,A,46.2403,-63.1347
2018-02,Prince Edward Island,Accommodation and food services [72],5062,A,46.2403,-63.1347
2018-03,Prince Edward Island,Accommodation and food services [72],5146,A,46.2403,-63.1347
2018-04,Prince Edward Island,Accommodation and food services [72],5070,A,46.2403,-63.1347
2018-05,Prince Edward Island,Accommodation and food services [72],6059,A,46.2403,-63.1347
2018-06,Prince Edward Island,Accommodation and food services [72],7266,A,46.2403,-63.1347
2018-07,Prince Edward Island,Accommodation and food services [72],7832,A,46.2403,-63.1347
2018-08,Prince Edward Island,Accommodation and food services [72],8144,A,46.2403,-63.1347
2018-09,Prince Edward Island,Accommodation and food services [72],7480,A,46.2403,-63.1347
2018-10,Prince Edward Island,Accommodation and food services [72],6239,A,46.2403,-63.1347
2018-11,Prince Edward Island,Accommodation and food services [72],5623,A,46.2403,-63.1347
2018-12,Prince Edward Island,Accommodation and food services [72],5037,A,46.2403,-63.1347
2019-01,Prince Edward Island,Accommodation and food services [72],4839,A,46.2403,-63.1347
2019-02,Prince Edward Island,Accommodation and food services [72],4779,A,46.2403,-63.1347
2019-03,Prince Edward Island,Accommodation and food services [72],4785,A,46.2403,-63.1347
2019-04,Prince Edward Island,Accommodation and food services [72],5035,A,46.2403,-63.1347
2019-05,Prince Edward Island,Accommodation and food services [72],5970,A,46.2403,-63.1347
2019-06,Prince Edward Island,Accommodation and food services [72],7127,A,46.2403,-63.1347
2019-07,Prince Edward Island,Accommodation and food services [72],8022,A,46.2403,-63.1347
2019-08,Prince Edward Island,Accommodation and food services [72],8179,A,46.2403,-63.1347
2019-09,Prince Edward Island,Accommodation and food services [72],7640,B,46.2403,-63.1347
2019-10,Prince Edward Island,Accommodation and food services [72],6452,B,46.2403,-63.1347
2019-11,Prince Edward Island,Accommodation and food services [72],5376,B,46.2403,-63.1347
2019-12,Prince Edward Island,Accommodation and food services [72],5131,A,46.2403,-63.1347
2020-01,Prince Edward Island,Accommodation and food services [72],4981,A,46.2403,-63.1347
2020-02,Prince Edward Island,Accommodation and food services [72],4900,C,46.2403,-63.1347
2020-03,Prince Edward Island,Accommodation and food services [72],4206,B,46.2403,-63.1347
2020-04,Prince Edward Island,Accommodation and food services [72],2715,B,46.2403,-63.1347
2020-05,Prince Edward Island,Accommodation and food services [72],2555,B,46.2403,-63.1347
2020-06,Prince Edward Island,Accommodation and food services [72],4325,B,46.2403,-63.1347
2020-07,Prince Edward Island,Accommodation and food services [72],5498,B,46.2403,-63.1347
2020-08,Prince Edward Island,Accommodation and food services [72],5866,B,46.2403,-63.1347
2020-09,Prince Edward Island,Accommodation and food services [72],5729,A,46.2403,-63.1347
2020-10,Prince Edward Island,Accommodation and food services [72],5192,A,46.2403,-63.1347
2020-11,Prince Edward Island,Accommodation and food services [72],4660,A,46.2403,-63.1347
2020-12,Prince Edward Island,Accommodation and food services [72],4417,A,46.2403,-63.1347
2021-01,Prince Edward Island,Accommodation and food services [72],4305,A,46.2403,-63.1347
2021-02,Prince Edward Island,Accommodation and food services [72],4281,A,46.2403,-63.1347
2021-03,Prince Edward Island,Accommodation and food services [72],4348,B,46.2403,-63.1347
2021-04,Prince Edward Island,Accommodation and food services [72],4641,B,46.2403,-63.1347
2021-05,Prince Edward Island,Accommodation and food services [72],5139,B,46.2403,-63.1347
2021-06,Prince Edward Island,Accommodation and food services [72],5971,B,46.2403,-63.1347
2021-07,Prince Edward Island,Accommodation and food services [72],6695,B,46.2403,-63.1347
2021-08,Prince Edward Island,Accommodation and food services [72],6923,B,46.2403,-63.1347
2021-09,Prince Edward Island,Accommodation and food services [72],7002,B,46.2403,-63.1347
2021-10,Prince Edward Island,Accommodation and food services [72],5953,B,46.2403,-63.1347
2021-11,Prince Edward Island,Accommodation and food services [72],5287,B,46.2403,-63.1347
2021-12,Prince Edward Island,Accommodation and food services [72],5316,B,46.2403,-63.1347
2022-01,Prince Edward Island,Accommodation and food services [72],4751,B,46.2403,-63.1347
2022-02,Prince Edward Island,Accommodation and food services [72],4882,B,46.2403,-63.1347
2022-03,Prince Edward Island,Accommodation and food services [72],5041,B,46.2403,-63.1347
2022-04,Prince Edward Island,Accommodation and food services [72],5447,B,46.2403,-63.1347
2022-05,Prince Edward Island,Accommodation and food services [72],6568,B,46.2403,-63.1347
2022-06,Prince Edward Island,Accommodation and food services [72],7942,C,46.2403,-63.1347
2022-07,Prince Edward Island,Accommodation and food services [72],8638,C,46.2403,-63.1347
2022-08,Prince Edward Island,Accommodation and food services [72],8901,C,46.2403,-63.1347
2022-09,Prince Edward Island,Accommodation and food services [72],8573,B,46.2403,-63.1347
2022-10,Prince Edward Island,Accommodation and food services [72],7028,B,46.2403,-63.1347
2022-11,Prince Edward Island,Accommodation and food services [72],6366,B,46.2403,-63.1347
2022-12,Prince Edward Island,Accommodation and food services [72],6204,B,46.2403,-63.1347
2023-01,Prince Edward Island,Accommodation and food services [72],5764,B,46.2403,-63.1347
2023-02,Prince Edward Island,Accommodation and food services [72],5734,B,46.2403,-63.1347
2023-03,Prince Edward Island,Accommodation and food services [72],5792,C,46.2403,-63.1347
2023-04,Prince Edward Island,Accommodation and food services [72],6095,C,46.2403,-63.1347
2023-05,Prince Edward Island,Accommodation and food services [72],7205,C,46.2403,-63.1347
2023-06,Prince Edward Island,Accommodation and food services [72],8801,B,46.2403,-63.1347
2023-07,Prince Edward Island,Accommodation and food services [72],9339,B,46.2403,-63.1347
2023-08,Prince Edward Island,Accommodation and food services [72],9387,B,46.2403,-63.1347
2023-09,Prince Edward Island,Accommodation and food services [72],8853,B,46.2403,-63.1347
2023-10,Prince Edward Island,Accommodation and food services [72],7437,B,46.2403,-63.1347
2023-11,Prince Edward Island,Accommodation and food services [72],6179,B,46.2403,-63.1347
2023-12,Prince Edward Island,Accommodation and food services [72],5887,B,46.2403,-63.1347
2024-01,Prince Edward Island,Accommodation and food services [72],5500,B,46.2403,-63.1347
2024-02,Prince Edward Island,Accommodation and food services [72],5321,B,46.2403,-63.1347
2018-01,Prince Edward Island,Other services (except public administration) [81],1963,A,46.2403,-63.1347
2018-02,Prince Edward Island,Other services (except public administration) [81],1928,A,46.2403,-63.1347
2018-03,Prince Edward Island,Other services (except public administration) [81],1857,A,46.2403,-63.1347
2018-04,Prince Edward Island,Other services (except public administration) [81],1876,A,46.2403,-63.1347
2018-05,Prince Edward Island,Other services (except public administration) [81],1954,A,46.2403,-63.1347
2018-06,Prince Edward Island,Other services (except public administration) [81],2090,A,46.2403,-63.1347
2018-07,Prince Edward Island,Other services (except public administration) [81],2171,A,46.2403,-63.1347
2018-08,Prince Edward Island,Other services (except public administration) [81],2181,A,46.2403,-63.1347
2018-09,Prince Edward Island,Other services (except public administration) [81],2010,A,46.2403,-63.1347
2018-10,Prince Edward Island,Other services (except public administration) [81],1998,A,46.2403,-63.1347
2018-11,Prince Edward Island,Other services (except public administration) [81],1989,A,46.2403,-63.1347
2018-12,Prince Edward Island,Other services (except public administration) [81],1893,A,46.2403,-63.1347
2019-01,Prince Edward Island,Other services (except public administration) [81],1883,A,46.2403,-63.1347
2019-02,Prince Edward Island,Other services (except public administration) [81],1889,A,46.2403,-63.1347
2019-03,Prince Edward Island,Other services (except public administration) [81],1934,A,46.2403,-63.1347
2019-04,Prince Edward Island,Other services (except public administration) [81],1960,A,46.2403,-63.1347
2019-05,Prince Edward Island,Other services (except public administration) [81],2119,A,46.2403,-63.1347
2019-06,Prince Edward Island,Other services (except public administration) [81],2167,A,46.2403,-63.1347
2019-07,Prince Edward Island,Other services (except public administration) [81],2359,A,46.2403,-63.1347
2019-08,Prince Edward Island,Other services (except public administration) [81],2347,A,46.2403,-63.1347
2019-09,Prince Edward Island,Other services (except public administration) [81],2279,C,46.2403,-63.1347
2019-10,Prince Edward Island,Other services (except public administration) [81],2143,B,46.2403,-63.1347
2019-11,Prince Edward Island,Other services (except public administration) [81],2076,A,46.2403,-63.1347
2019-12,Prince Edward Island,Other services (except public administration) [81],2088,A,46.2403,-63.1347
2020-01,Prince Edward Island,Other services (except public administration) [81],1992,B,46.2403,-63.1347
2020-02,Prince Edward Island,Other services (except public administration) [81],1967,A,46.2403,-63.1347
2020-03,Prince Edward Island,Other services (except public administration) [81],1771,B,46.2403,-63.1347
2020-04,Prince Edward Island,Other services (except public administration) [81],1380,B,46.2403,-63.1347
2020-05,Prince Edward Island,Other services (except public administration) [81],1428,B,46.2403,-63.1347
2020-06,Prince Edward Island,Other services (except public administration) [81],1846,B,46.2403,-63.1347
2020-07,Prince Edward Island,Other services (except public administration) [81],2012,B,46.2403,-63.1347
2020-08,Prince Edward Island,Other services (except public administration) [81],2051,B,46.2403,-63.1347
2020-09,Prince Edward Island,Other services (except public administration) [81],2097,B,46.2403,-63.1347
2020-10,Prince Edward Island,Other services (except public administration) [81],1997,A,46.2403,-63.1347
2020-11,Prince Edward Island,Other services (except public administration) [81],1990,B,46.2403,-63.1347
2020-12,Prince Edward Island,Other services (except public administration) [81],1950,B,46.2403,-63.1347
2021-01,Prince Edward Island,Other services (except public administration) [81],1945,B,46.2403,-63.1347
2021-02,Prince Edward Island,Other services (except public administration) [81],1929,B,46.2403,-63.1347
2021-03,Prince Edward Island,Other services (except public administration) [81],1924,B,46.2403,-63.1347
2021-04,Prince Edward Island,Other services (except public administration) [81],1952,B,46.2403,-63.1347
2021-05,Prince Edward Island,Other services (except public administration) [81],1990,B,46.2403,-63.1347
2021-06,Prince Edward Island,Other services (except public administration) [81],2160,A,46.2403,-63.1347
2021-07,Prince Edward Island,Other services (except public administration) [81],2302,A,46.2403,-63.1347
2021-08,Prince Edward Island,Other services (except public administration) [81],2275,B,46.2403,-63.1347
2021-09,Prince Edward Island,Other services (except public administration) [81],2173,B,46.2403,-63.1347
2021-10,Prince Edward Island,Other services (except public administration) [81],2044,B,46.2403,-63.1347
2021-11,Prince Edward Island,Other services (except public administration) [81],2048,B,46.2403,-63.1347
2021-12,Prince Edward Island,Other services (except public administration) [81],1985,A,46.2403,-63.1347
2022-01,Prince Edward Island,Other services (except public administration) [81],1883,B,46.2403,-63.1347
2022-02,Prince Edward Island,Other services (except public administration) [81],1983,B,46.2403,-63.1347
2022-03,Prince Edward Island,Other services (except public administration) [81],2011,B,46.2403,-63.1347
2022-04,Prince Edward Island,Other services (except public administration) [81],2050,B,46.2403,-63.1347
2022-05,Prince Edward Island,Other services (except public administration) [81],2176,B,46.2403,-63.1347
2022-06,Prince Edward Island,Other services (except public administration) [81],2298,B,46.2403,-63.1347
2022-07,Prince Edward Island,Other services (except public administration) [81],2436,B,46.2403,-63.1347
2022-08,Prince Edward Island,Other services (except public administration) [81],2439,B,46.2403,-63.1347
2022-09,Prince Edward Island,Other services (except public administration) [81],2324,B,46.2403,-63.1347
2022-10,Prince Edward Island,Other services (except public administration) [81],2245,B,46.2403,-63.1347
2022-11,Prince Edward Island,Other services (except public administration) [81],2321,B,46.2403,-63.1347
2022-12,Prince Edward Island,Other services (except public administration) [81],2281,B,46.2403,-63.1347
2023-01,Prince Edward Island,Other services (except public administration) [81],2221,B,46.2403,-63.1347
2023-02,Prince Edward Island,Other services (except public administration) [81],2212,B,46.2403,-63.1347
2023-03,Prince Edward Island,Other services (except public administration) [81],2224,B,46.2403,-63.1347
2023-04,Prince Edward Island,Other services (except public administration) [81],2301,B,46.2403,-63.1347
2023-05,Prince Edward Island,Other services (except public administration) [81],2320,B,46.2403,-63.1347
2023-06,Prince Edward Island,Other services (except public administration) [81],2453,B,46.2403,-63.1347
2023-07,Prince Edward Island,Other services (except public administration) [81],2571,B,46.2403,-63.1347
2023-08,Prince Edward Island,Other services (except public administration) [81],2556,B,46.2403,-63.1347
2023-09,Prince Edward Island,Other services (except public administration) [81],2513,B,46.2403,-63.1347
2023-10,Prince Edward Island,Other services (except public administration) [81],2380,B,46.2403,-63.1347
2023-11,Prince Edward Island,Other services (except public administration) [81],2342,B,46.2403,-63.1347
2023-12,Prince Edward Island,Other services (except public administration) [81],2304,A,46.2403,-63.1347
2024-01,Prince Edward Island,Other services (except public administration) [81],2319,B,46.2403,-63.1347
2024-02,Prince Edward Island,Other services (except public administration) [81],2266,B,46.2403,-63.1347
2018-01,Prince Edward Island,Public administration [91],7295,A,46.2403,-63.1347
2018-02,Prince Edward Island,Public administration [91],7298,A,46.2403,-63.1347
2018-03,Prince Edward Island,Public administration [91],7211,A,46.2403,-63.1347
2018-04,Prince Edward Island,Public administration [91],7201,A,46.2403,-63.1347
2018-05,Prince Edward Island,Public administration [91],7974,A,46.2403,-63.1347
2018-06,Prince Edward Island,Public administration [91],8417,A,46.2403,-63.1347
2018-07,Prince Edward Island,Public administration [91],8741,A,46.2403,-63.1347
2018-08,Prince Edward Island,Public administration [91],8621,A,46.2403,-63.1347
2018-09,Prince Edward Island,Public administration [91],8325,A,46.2403,-63.1347
2018-10,Prince Edward Island,Public administration [91],8144,A,46.2403,-63.1347
2018-11,Prince Edward Island,Public administration [91],7834,A,46.2403,-63.1347
2018-12,Prince Edward Island,Public administration [91],7841,A,46.2403,-63.1347
2019-01,Prince Edward Island,Public administration [91],7831,A,46.2403,-63.1347
2019-02,Prince Edward Island,Public administration [91],7853,A,46.2403,-63.1347
2019-03,Prince Edward Island,Public administration [91],7833,A,46.2403,-63.1347
2019-04,Prince Edward Island,Public administration [91],7994,A,46.2403,-63.1347
2019-05,Prince Edward Island,Public administration [91],8512,A,46.2403,-63.1347
2019-06,Prince Edward Island,Public administration [91],8807,A,46.2403,-63.1347
2019-07,Prince Edward Island,Public administration [91],9079,A,46.2403,-63.1347
2019-08,Prince Edward Island,Public administration [91],8854,A,46.2403,-63.1347
2019-09,Prince Edward Island,Public administration [91],8625,B,46.2403,-63.1347
2019-10,Prince Edward Island,Public administration [91],8481,A,46.2403,-63.1347
2019-11,Prince Edward Island,Public administration [91],8121,A,46.2403,-63.1347
2019-12,Prince Edward Island,Public administration [91],7991,B,46.2403,-63.1347
2020-01,Prince Edward Island,Public administration [91],8139,B,46.2403,-63.1347
2020-02,Prince Edward Island,Public administration [91],8156,B,46.2403,-63.1347
2020-03,Prince Edward Island,Public administration [91],8170,B,46.2403,-63.1347
2020-04,Prince Edward Island,Public administration [91],8713,A,46.2403,-63.1347
2020-05,Prince Edward Island,Public administration [91],8682,B,46.2403,-63.1347
2020-06,Prince Edward Island,Public administration [91],9262,B,46.2403,-63.1347
2020-07,Prince Edward Island,Public administration [91],9588,B,46.2403,-63.1347
2020-08,Prince Edward Island,Public administration [91],9498,B,46.2403,-63.1347
2020-09,Prince Edward Island,Public administration [91],9580,B,46.2403,-63.1347
2020-10,Prince Edward Island,Public administration [91],9282,A,46.2403,-63.1347
2020-11,Prince Edward Island,Public administration [91],8886,B,46.2403,-63.1347
2020-12,Prince Edward Island,Public administration [91],8944,B,46.2403,-63.1347
2021-01,Prince Edward Island,Public administration [91],8822,B,46.2403,-63.1347
2021-02,Prince Edward Island,Public administration [91],8828,B,46.2403,-63.1347
2021-03,Prince Edward Island,Public administration [91],8851,A,46.2403,-63.1347
2021-04,Prince Edward Island,Public administration [91],8496,B,46.2403,-63.1347
2021-05,Prince Edward Island,Public administration [91],8927,B,46.2403,-63.1347
2021-06,Prince Edward Island,Public administration [91],9170,B,46.2403,-63.1347
2021-07,Prince Edward Island,Public administration [91],9201,A,46.2403,-63.1347
2021-08,Prince Edward Island,Public administration [91],9183,A,46.2403,-63.1347
2021-09,Prince Edward Island,Public administration [91],9129,A,46.2403,-63.1347
2021-10,Prince Edward Island,Public administration [91],9118,B,46.2403,-63.1347
2021-11,Prince Edward Island,Public administration [91],9099,B,46.2403,-63.1347
2021-12,Prince Edward Island,Public administration [91],9202,B,46.2403,-63.1347
2022-01,Prince Edward Island,Public administration [91],9384,B,46.2403,-63.1347
2022-02,Prince Edward Island,Public administration [91],9333,A,46.2403,-63.1347
2022-03,Prince Edward Island,Public administration [91],9581,B,46.2403,-63.1347
2022-04,Prince Edward Island,Public administration [91],9489,B,46.2403,-63.1347
2022-05,Prince Edward Island,Public administration [91],9905,B,46.2403,-63.1347
2022-06,Prince Edward Island,Public administration [91],10075,B,46.2403,-63.1347
2022-07,Prince Edward Island,Public administration [91],10262,C,46.2403,-63.1347
2022-08,Prince Edward Island,Public administration [91],10331,B,46.2403,-63.1347
2022-09,Prince Edward Island,Public administration [91],10191,B,46.2403,-63.1347
2022-10,Prince Edward Island,Public administration [91],10082,A,46.2403,-63.1347
2022-11,Prince Edward Island,Public administration [91],9958,B,46.2403,-63.1347
2022-12,Prince Edward Island,Public administration [91],9756,A,46.2403,-63.1347
2023-01,Prince Edward Island,Public administration [91],9591,A,46.2403,-63.1347
2023-02,Prince Edward Island,Public administration [91],9715,A,46.2403,-63.1347
2023-03,Prince Edward Island,Public administration [91],9827,A,46.2403,-63.1347
2023-04,Prince Edward Island,Public administration [91],8743,A,46.2403,-63.1347
2023-05,Prince Edward Island,Public administration [91],10377,B,46.2403,-63.1347
2023-06,Prince Edward Island,Public administration [91],10863,B,46.2403,-63.1347
2023-07,Prince Edward Island,Public administration [91],11028,B,46.2403,-63.1347
2023-08,Prince Edward Island,Public administration [91],11071,A,46.2403,-63.1347
2023-09,Prince Edward Island,Public administration [91],10770,B,46.2403,-63.1347
2023-10,Prince Edward Island,Public administration [91],10628,B,46.2403,-63.1347
2023-11,Prince Edward Island,Public administration [91],10784,B,46.2403,-63.1347
2023-12,Prince Edward Island,Public administration [91],10118,A,46.2403,-63.1347
2024-01,Prince Edward Island,Public administration [91],10135,C,46.2403,-63.1347
2024-02,Prince Edward Island,Public administration [91],10221,B,46.2403,-63.1347
2018-01,Prince Edward Island,Unclassified businesses [00],1140,A,46.2403,-63.1347
2018-02,Prince Edward Island,Unclassified businesses [00],1137,A,46.2403,-63.1347
2018-03,Prince Edward Island,Unclassified businesses [00],1123,A,46.2403,-63.1347
2018-04,Prince Edward Island,Unclassified businesses [00],1149,A,46.2403,-63.1347
2018-05,Prince Edward Island,Unclassified businesses [00],1197,A,46.2403,-63.1347
2018-06,Prince Edward Island,Unclassified businesses [00],1440,A,46.2403,-63.1347
2018-07,Prince Edward Island,Unclassified businesses [00],1570,A,46.2403,-63.1347
2018-08,Prince Edward Island,Unclassified businesses [00],1522,A,46.2403,-63.1347
2018-09,Prince Edward Island,Unclassified businesses [00],1445,A,46.2403,-63.1347
2018-10,Prince Edward Island,Unclassified businesses [00],1294,A,46.2403,-63.1347
2018-11,Prince Edward Island,Unclassified businesses [00],910,A,46.2403,-63.1347
2018-12,Prince Edward Island,Unclassified businesses [00],924,A,46.2403,-63.1347
2019-01,Prince Edward Island,Unclassified businesses [00],990,A,46.2403,-63.1347
2019-02,Prince Edward Island,Unclassified businesses [00],878,A,46.2403,-63.1347
2019-03,Prince Edward Island,Unclassified businesses [00],962,A,46.2403,-63.1347
2019-04,Prince Edward Island,Unclassified businesses [00],1060,A,46.2403,-63.1347
2019-05,Prince Edward Island,Unclassified businesses [00],1267,A,46.2403,-63.1347
2019-06,Prince Edward Island,Unclassified businesses [00],1636,A,46.2403,-63.1347
2019-07,Prince Edward Island,Unclassified businesses [00],1664,A,46.2403,-63.1347
2019-08,Prince Edward Island,Unclassified businesses [00],1708,A,46.2403,-63.1347
2019-09,Prince Edward Island,Unclassified businesses [00],1694,B,46.2403,-63.1347
2019-10,Prince Edward Island,Unclassified businesses [00],1603,B,46.2403,-63.1347
2019-11,Prince Edward Island,Unclassified businesses [00],1438,B,46.2403,-63.1347
2019-12,Prince Edward Island,Unclassified businesses [00],1351,A,46.2403,-63.1347
2020-01,Prince Edward Island,Unclassified businesses [00],1165,B,46.2403,-63.1347
2020-02,Prince Edward Island,Unclassified businesses [00],1089,B,46.2403,-63.1347
2020-03,Prince Edward Island,Unclassified businesses [00],1060,B,46.2403,-63.1347
2020-04,Prince Edward Island,Unclassified businesses [00],855,B,46.2403,-63.1347
2020-05,Prince Edward Island,Unclassified businesses [00],827,B,46.2403,-63.1347
2020-06,Prince Edward Island,Unclassified businesses [00],1084,B,46.2403,-63.1347
2020-07,Prince Edward Island,Unclassified businesses [00],1279,B,46.2403,-63.1347
2020-08,Prince Edward Island,Unclassified businesses [00],1273,B,46.2403,-63.1347
2020-09,Prince Edward Island,Unclassified businesses [00],1253,A,46.2403,-63.1347
2020-10,Prince Edward Island,Unclassified businesses [00],1180,B,46.2403,-63.1347
2020-11,Prince Edward Island,Unclassified businesses [00],1021,B,46.2403,-63.1347
2020-12,Prince Edward Island,Unclassified businesses [00],979,B,46.2403,-63.1347
2021-01,Prince Edward Island,Unclassified businesses [00],1022,B,46.2403,-63.1347
2021-02,Prince Edward Island,Unclassified businesses [00],1065,B,46.2403,-63.1347
2021-03,Prince Edward Island,Unclassified businesses [00],1094,B,46.2403,-63.1347
2021-04,Prince Edward Island,Unclassified businesses [00],1050,B,46.2403,-63.1347
2021-05,Prince Edward Island,Unclassified businesses [00],1283,B,46.2403,-63.1347
2021-06,Prince Edward Island,Unclassified businesses [00],1420,B,46.2403,-63.1347
2021-07,Prince Edward Island,Unclassified businesses [00],1547,B,46.2403,-63.1347
2021-08,Prince Edward Island,Unclassified businesses [00],1578,B,46.2403,-63.1347
2021-09,Prince Edward Island,Unclassified businesses [00],1475,B,46.2403,-63.1347
2021-10,Prince Edward Island,Unclassified businesses [00],1347,B,46.2403,-63.1347
2021-11,Prince Edward Island,Unclassified businesses [00],1134,B,46.2403,-63.1347
2021-12,Prince Edward Island,Unclassified businesses [00],1137,B,46.2403,-63.1347
2022-01,Prince Edward Island,Unclassified businesses [00],1168,B,46.2403,-63.1347
2022-02,Prince Edward Island,Unclassified businesses [00],1190,B,46.2403,-63.1347
2022-03,Prince Edward Island,Unclassified businesses [00],1190,B,46.2403,-63.1347
2022-04,Prince Edward Island,Unclassified businesses [00],1244,B,46.2403,-63.1347
2022-05,Prince Edward Island,Unclassified businesses [00],1453,B,46.2403,-63.1347
2022-06,Prince Edward Island,Unclassified businesses [00],1625,B,46.2403,-63.1347
2022-07,Prince Edward Island,Unclassified businesses [00],1640,C,46.2403,-63.1347
2022-08,Prince Edward Island,Unclassified businesses [00],1618,B,46.2403,-63.1347
2022-09,Prince Edward Island,Unclassified businesses [00],1539,B,46.2403,-63.1347
2022-10,Prince Edward Island,Unclassified businesses [00],1435,B,46.2403,-63.1347
2022-11,Prince Edward Island,Unclassified businesses [00],1383,B,46.2403,-63.1347
2022-12,Prince Edward Island,Unclassified businesses [00],1249,B,46.2403,-63.1347
2023-01,Prince Edward Island,Unclassified businesses [00],1271,B,46.2403,-63.1347
2023-02,Prince Edward Island,Unclassified businesses [00],1163,B,46.2403,-63.1347
2023-03,Prince Edward Island,Unclassified businesses [00],1203,B,46.2403,-63.1347
2023-04,Prince Edward Island,Unclassified businesses [00],1253,B,46.2403,-63.1347
2023-05,Prince Edward Island,Unclassified businesses [00],1410,B,46.2403,-63.1347
2023-06,Prince Edward Island,Unclassified businesses [00],1509,B,46.2403,-63.1347
2023-07,Prince Edward Island,Unclassified businesses [00],1724,B,46.2403,-63.1347
2023-08,Prince Edward Island,Unclassified businesses [00],1672,B,46.2403,-63.1347
2023-09,Prince Edward Island,Unclassified businesses [00],1522,B,46.2403,-63.1347
2023-10,Prince Edward Island,Unclassified businesses [00],1369,B,46.2403,-63.1347
2023-11,Prince Edward Island,Unclassified businesses [00],1325,B,46.2403,-63.1347
2023-12,Prince Edward Island,Unclassified businesses [00],1187,B,46.2403,-63.1347
2024-01,Prince Edward Island,Unclassified businesses [00],1201,B,46.2403,-63.1347
2024-02,Prince Edward Island,Unclassified businesses [00],1216,B,46.2403,-63.1347
2018-01,Nova Scotia,Goods producing industries [11-33N],55057,A,44.6475,-63.5906
2018-02,Nova Scotia,Goods producing industries [11-33N],56034,A,44.6475,-63.5906
2018-03,Nova Scotia,Goods producing industries [11-33N],55350,A,44.6475,-63.5906
2018-04,Nova Scotia,Goods producing industries [11-33N],56972,A,44.6475,-63.5906
2018-05,Nova Scotia,Goods producing industries [11-33N],60894,A,44.6475,-63.5906
2018-06,Nova Scotia,Goods producing industries [11-33N],64245,A,44.6475,-63.5906
2018-07,Nova Scotia,Goods producing industries [11-33N],65867,A,44.6475,-63.5906
2018-08,Nova Scotia,Goods producing industries [11-33N],64831,A,44.6475,-63.5906
2018-09,Nova Scotia,Goods producing industries [11-33N],64317,A,44.6475,-63.5906
2018-10,Nova Scotia,Goods producing industries [11-33N],62253,A,44.6475,-63.5906
2018-11,Nova Scotia,Goods producing industries [11-33N],62507,A,44.6475,-63.5906
2018-12,Nova Scotia,Goods producing industries [11-33N],60545,A,44.6475,-63.5906
2019-01,Nova Scotia,Goods producing industries [11-33N],56237,A,44.6475,-63.5906
2019-02,Nova Scotia,Goods producing industries [11-33N],56326,A,44.6475,-63.5906
2019-03,Nova Scotia,Goods producing industries [11-33N],56433,A,44.6475,-63.5906
2019-04,Nova Scotia,Goods producing industries [11-33N],58147,A,44.6475,-63.5906
2019-05,Nova Scotia,Goods producing industries [11-33N],63604,A,44.6475,-63.5906
2019-06,Nova Scotia,Goods producing industries [11-33N],66003,A,44.6475,-63.5906
2019-07,Nova Scotia,Goods producing industries [11-33N],66210,A,44.6475,-63.5906
2019-08,Nova Scotia,Goods producing industries [11-33N],66110,A,44.6475,-63.5906
2019-09,Nova Scotia,Goods producing industries [11-33N],65051,B,44.6475,-63.5906
2019-10,Nova Scotia,Goods producing industries [11-33N],64164,B,44.6475,-63.5906
2019-11,Nova Scotia,Goods producing industries [11-33N],62801,A,44.6475,-63.5906
2019-12,Nova Scotia,Goods producing industries [11-33N],60404,A,44.6475,-63.5906
2020-01,Nova Scotia,Goods producing industries [11-33N],56711,B,44.6475,-63.5906
2020-02,Nova Scotia,Goods producing industries [11-33N],56530,B,44.6475,-63.5906
2020-03,Nova Scotia,Goods producing industries [11-33N],53827,B,44.6475,-63.5906
2020-04,Nova Scotia,Goods producing industries [11-33N],48757,B,44.6475,-63.5906
2020-05,Nova Scotia,Goods producing industries [11-33N],51201,B,44.6475,-63.5906
2020-06,Nova Scotia,Goods producing industries [11-33N],58244,B,44.6475,-63.5906
2020-07,Nova Scotia,Goods producing industries [11-33N],60317,B,44.6475,-63.5906
2020-08,Nova Scotia,Goods producing industries [11-33N],60738,B,44.6475,-63.5906
2020-09,Nova Scotia,Goods producing industries [11-33N],60785,B,44.6475,-63.5906
2020-10,Nova Scotia,Goods producing industries [11-33N],61339,B,44.6475,-63.5906
2020-11,Nova Scotia,Goods producing industries [11-33N],60452,B,44.6475,-63.5906
2020-12,Nova Scotia,Goods producing industries [11-33N],59848,B,44.6475,-63.5906
2021-01,Nova Scotia,Goods producing industries [11-33N],55681,B,44.6475,-63.5906
2021-02,Nova Scotia,Goods producing industries [11-33N],55491,B,44.6475,-63.5906
2021-03,Nova Scotia,Goods producing industries [11-33N],56810,B,44.6475,-63.5906
2021-04,Nova Scotia,Goods producing industries [11-33N],57991,B,44.6475,-63.5906
2021-05,Nova Scotia,Goods producing industries [11-33N],61262,B,44.6475,-63.5906
2021-06,Nova Scotia,Goods producing industries [11-33N],64005,B,44.6475,-63.5906
2021-07,Nova Scotia,Goods producing industries [11-33N],64375,B,44.6475,-63.5906
2021-08,Nova Scotia,Goods producing industries [11-33N],63591,B,44.6475,-63.5906
2021-09,Nova Scotia,Goods producing industries [11-33N],62274,B,44.6475,-63.5906
2021-10,Nova Scotia,Goods producing industries [11-33N],61997,B,44.6475,-63.5906
2021-11,Nova Scotia,Goods producing industries [11-33N],61404,B,44.6475,-63.5906
2021-12,Nova Scotia,Goods producing industries [11-33N],61575,B,44.6475,-63.5906
2022-01,Nova Scotia,Goods producing industries [11-33N],57587,B,44.6475,-63.5906
2022-02,Nova Scotia,Goods producing industries [11-33N],57604,B,44.6475,-63.5906
2022-03,Nova Scotia,Goods producing industries [11-33N],58096,B,44.6475,-63.5906
2022-04,Nova Scotia,Goods producing industries [11-33N],59595,B,44.6475,-63.5906
2022-05,Nova Scotia,Goods producing industries [11-33N],63466,B,44.6475,-63.5906
2022-06,Nova Scotia,Goods producing industries [11-33N],65696,B,44.6475,-63.5906
2022-07,Nova Scotia,Goods producing industries [11-33N],66487,B,44.6475,-63.5906
2022-08,Nova Scotia,Goods producing industries [11-33N],66144,B,44.6475,-63.5906
2022-09,Nova Scotia,Goods producing industries [11-33N],65713,B,44.6475,-63.5906
2022-10,Nova Scotia,Goods producing industries [11-33N],65012,B,44.6475,-63.5906
2022-11,Nova Scotia,Goods producing industries [11-33N],64972,B,44.6475,-63.5906
2022-12,Nova Scotia,Goods producing industries [11-33N],64626,B,44.6475,-63.5906
2023-01,Nova Scotia,Goods producing industries [11-33N],60606,B,44.6475,-63.5906
2023-02,Nova Scotia,Goods producing industries [11-33N],60850,B,44.6475,-63.5906
2023-03,Nova Scotia,Goods producing industries [11-33N],60966,B,44.6475,-63.5906
2023-04,Nova Scotia,Goods producing industries [11-33N],62197,B,44.6475,-63.5906
2023-05,Nova Scotia,Goods producing industries [11-33N],67032,B,44.6475,-63.5906
2023-06,Nova Scotia,Goods producing industries [11-33N],69159,B,44.6475,-63.5906
2023-07,Nova Scotia,Goods producing industries [11-33N],68769,B,44.6475,-63.5906
2023-08,Nova Scotia,Goods producing industries [11-33N],68370,B,44.6475,-63.5906
2023-09,Nova Scotia,Goods producing industries [11-33N],67170,B,44.6475,-63.5906
2023-10,Nova Scotia,Goods producing industries [11-33N],66704,B,44.6475,-63.5906
2023-11,Nova Scotia,Goods producing industries [11-33N],65595,B,44.6475,-63.5906
2023-12,Nova Scotia,Goods producing industries [11-33N],64684,B,44.6475,-63.5906
2024-01,Nova Scotia,Goods producing industries [11-33N],61962,B,44.6475,-63.5906
2024-02,Nova Scotia,Goods producing industries [11-33N],61222,B,44.6475,-63.5906
2018-01,Nova Scotia,"Forestry, logging and support [11N]",778,A,44.6475,-63.5906
2018-02,Nova Scotia,"Forestry, logging and support [11N]",773,A,44.6475,-63.5906
2018-03,Nova Scotia,"Forestry, logging and support [11N]",738,A,44.6475,-63.5906
2018-04,Nova Scotia,"Forestry, logging and support [11N]",713,A,44.6475,-63.5906
2018-05,Nova Scotia,"Forestry, logging and support [11N]",937,A,44.6475,-63.5906
2018-06,Nova Scotia,"Forestry, logging and support [11N]",976,A,44.6475,-63.5906
2018-07,Nova Scotia,"Forestry, logging and support [11N]",955,A,44.6475,-63.5906
2018-08,Nova Scotia,"Forestry, logging and support [11N]",897,A,44.6475,-63.5906
2018-09,Nova Scotia,"Forestry, logging and support [11N]",873,A,44.6475,-63.5906
2018-10,Nova Scotia,"Forestry, logging and support [11N]",870,A,44.6475,-63.5906
2018-11,Nova Scotia,"Forestry, logging and support [11N]",829,A,44.6475,-63.5906
2018-12,Nova Scotia,"Forestry, logging and support [11N]",781,A,44.6475,-63.5906
2019-01,Nova Scotia,"Forestry, logging and support [11N]",676,A,44.6475,-63.5906
2019-02,Nova Scotia,"Forestry, logging and support [11N]",716,A,44.6475,-63.5906
2019-03,Nova Scotia,"Forestry, logging and support [11N]",767,A,44.6475,-63.5906
2019-04,Nova Scotia,"Forestry, logging and support [11N]",741,A,44.6475,-63.5906
2019-05,Nova Scotia,"Forestry, logging and support [11N]",886,A,44.6475,-63.5906
2019-06,Nova Scotia,"Forestry, logging and support [11N]",926,A,44.6475,-63.5906
2019-07,Nova Scotia,"Forestry, logging and support [11N]",931,A,44.6475,-63.5906
2019-08,Nova Scotia,"Forestry, logging and support [11N]",898,A,44.6475,-63.5906
2019-09,Nova Scotia,"Forestry, logging and support [11N]",1038,B,44.6475,-63.5906
2019-10,Nova Scotia,"Forestry, logging and support [11N]",1000,B,44.6475,-63.5906
2019-11,Nova Scotia,"Forestry, logging and support [11N]",961,B,44.6475,-63.5906
2019-12,Nova Scotia,"Forestry, logging and support [11N]",832,B,44.6475,-63.5906
2020-01,Nova Scotia,"Forestry, logging and support [11N]",787,B,44.6475,-63.5906
2020-02,Nova Scotia,"Forestry, logging and support [11N]",748,B,44.6475,-63.5906
2020-03,Nova Scotia,"Forestry, logging and support [11N]",633,B,44.6475,-63.5906
2020-04,Nova Scotia,"Forestry, logging and support [11N]",514,B,44.6475,-63.5906
2020-05,Nova Scotia,"Forestry, logging and support [11N]",685,B,44.6475,-63.5906
2020-06,Nova Scotia,"Forestry, logging and support [11N]",841,B,44.6475,-63.5906
2020-07,Nova Scotia,"Forestry, logging and support [11N]",893,B,44.6475,-63.5906
2020-08,Nova Scotia,"Forestry, logging and support [11N]",860,B,44.6475,-63.5906
2020-09,Nova Scotia,"Forestry, logging and support [11N]",866,B,44.6475,-63.5906
2020-10,Nova Scotia,"Forestry, logging and support [11N]",881,B,44.6475,-63.5906
2020-11,Nova Scotia,"Forestry, logging and support [11N]",898,B,44.6475,-63.5906
2020-12,Nova Scotia,"Forestry, logging and support [11N]",815,A,44.6475,-63.5906
2021-01,Nova Scotia,"Forestry, logging and support [11N]",760,B,44.6475,-63.5906
2021-02,Nova Scotia,"Forestry, logging and support [11N]",705,B,44.6475,-63.5906
2021-03,Nova Scotia,"Forestry, logging and support [11N]",674,B,44.6475,-63.5906
2021-04,Nova Scotia,"Forestry, logging and support [11N]",691,B,44.6475,-63.5906
2021-05,Nova Scotia,"Forestry, logging and support [11N]",882,B,44.6475,-63.5906
2021-06,Nova Scotia,"Forestry, logging and support [11N]",966,B,44.6475,-63.5906
2021-07,Nova Scotia,"Forestry, logging and support [11N]",948,B,44.6475,-63.5906
2021-08,Nova Scotia,"Forestry, logging and support [11N]",914,B,44.6475,-63.5906
2021-09,Nova Scotia,"Forestry, logging and support [11N]",922,B,44.6475,-63.5906
2021-10,Nova Scotia,"Forestry, logging and support [11N]",898,B,44.6475,-63.5906
2021-11,Nova Scotia,"Forestry, logging and support [11N]",869,B,44.6475,-63.5906
2021-12,Nova Scotia,"Forestry, logging and support [11N]",832,B,44.6475,-63.5906
2022-01,Nova Scotia,"Forestry, logging and support [11N]",756,B,44.6475,-63.5906
2022-02,Nova Scotia,"Forestry, logging and support [11N]",684,B,44.6475,-63.5906
2022-03,Nova Scotia,"Forestry, logging and support [11N]",636,B,44.6475,-63.5906
2022-04,Nova Scotia,"Forestry, logging and support [11N]",618,A,44.6475,-63.5906
2022-05,Nova Scotia,"Forestry, logging and support [11N]",720,A,44.6475,-63.5906
2022-06,Nova Scotia,"Forestry, logging and support [11N]",784,C,44.6475,-63.5906
2022-07,Nova Scotia,"Forestry, logging and support [11N]",778,C,44.6475,-63.5906
2022-08,Nova Scotia,"Forestry, logging and support [11N]",781,B,44.6475,-63.5906
2022-09,Nova Scotia,"Forestry, logging and support [11N]",818,C,44.6475,-63.5906
2022-10,Nova Scotia,"Forestry, logging and support [11N]",792,B,44.6475,-63.5906
2022-11,Nova Scotia,"Forestry, logging and support [11N]",769,C,44.6475,-63.5906
2022-12,Nova Scotia,"Forestry, logging and support [11N]",692,C,44.6475,-63.5906
2023-01,Nova Scotia,"Forestry, logging and support [11N]",683,C,44.6475,-63.5906
2023-02,Nova Scotia,"Forestry, logging and support [11N]",687,C,44.6475,-63.5906
2023-03,Nova Scotia,"Forestry, logging and support [11N]",640,C,44.6475,-63.5906
2023-04,Nova Scotia,"Forestry, logging and support [11N]",621,C,44.6475,-63.5906
2023-05,Nova Scotia,"Forestry, logging and support [11N]",909,B,44.6475,-63.5906
2023-06,Nova Scotia,"Forestry, logging and support [11N]",946,C,44.6475,-63.5906
2023-07,Nova Scotia,"Forestry, logging and support [11N]",931,C,44.6475,-63.5906
2023-08,Nova Scotia,"Forestry, logging and support [11N]",921,B,44.6475,-63.5906
2023-09,Nova Scotia,"Forestry, logging and support [11N]",928,B,44.6475,-63.5906
2023-10,Nova Scotia,"Forestry, logging and support [11N]",903,B,44.6475,-63.5906
2023-11,Nova Scotia,"Forestry, logging and support [11N]",837,B,44.6475,-63.5906
2023-12,Nova Scotia,"Forestry, logging and support [11N]",798,B,44.6475,-63.5906
2024-01,Nova Scotia,"Forestry, logging and support [11N]",680,B,44.6475,-63.5906
2024-02,Nova Scotia,"Forestry, logging and support [11N]",621,B,44.6475,-63.5906
2018-01,Nova Scotia,"Mining, quarrying, and oil and gas extraction [21]",,x,44.6475,-63.5906
2018-02,Nova Scotia,"Mining, quarrying, and oil and gas extraction [21]",,x,44.6475,-63.5906
2018-03,Nova Scotia,"Mining, quarrying, and oil and gas extraction [21]",,x,44.6475,-63.5906
2018-04,Nova Scotia,"Mining, quarrying, and oil and gas extraction [21]",,x,44.6475,-63.5906
2018-05,Nova Scotia,"Mining, quarrying, and oil and gas extraction [21]",,x,44.6475,-63.5906
2018-06,Nova Scotia,"Mining, quarrying, and oil and gas extraction [21]",,x,44.6475,-63.5906
2018-07,Nova Scotia,"Mining, quarrying, and oil and gas extraction [21]",,x,44.6475,-63.5906
2018-08,Nova Scotia,"Mining, quarrying, and oil and gas extraction [21]",,x,44.6475,-63.5906
2018-09,Nova Scotia,"Mining, quarrying, and oil and gas extraction [21]",,x,44.6475,-63.5906
2018-10,Nova Scotia,"Mining, quarrying, and oil and gas extraction [21]",,x,44.6475,-63.5906
2018-11,Nova Scotia,"Mining, quarrying, and oil and gas extraction [21]",,x,44.6475,-63.5906
2018-12,Nova Scotia,"Mining, quarrying, and oil and gas extraction [21]",,x,44.6475,-63.5906
2019-01,Nova Scotia,"Mining, quarrying, and oil and gas extraction [21]",,x,44.6475,-63.5906
2019-02,Nova Scotia,"Mining, quarrying, and oil and gas extraction [21]",,x,44.6475,-63.5906
2019-03,Nova Scotia,"Mining, quarrying, and oil and gas extraction [21]",,x,44.6475,-63.5906
2019-04,Nova Scotia,"Mining, quarrying, and oil and gas extraction [21]",,x,44.6475,-63.5906
2019-05,Nova Scotia,"Mining, quarrying, and oil and gas extraction [21]",,x,44.6475,-63.5906
2019-06,Nova Scotia,"Mining, quarrying, and oil and gas extraction [21]",,x,44.6475,-63.5906
2019-07,Nova Scotia,"Mining, quarrying, and oil and gas extraction [21]",,x,44.6475,-63.5906
2019-08,Nova Scotia,"Mining, quarrying, and oil and gas extraction [21]",,x,44.6475,-63.5906
2019-09,Nova Scotia,"Mining, quarrying, and oil and gas extraction [21]",,x,44.6475,-63.5906
2019-10,Nova Scotia,"Mining, quarrying, and oil and gas extraction [21]",,x,44.6475,-63.5906
2019-11,Nova Scotia,"Mining, quarrying, and oil and gas extraction [21]",,x,44.6475,-63.5906
2019-12,Nova Scotia,"Mining, quarrying, and oil and gas extraction [21]",,x,44.6475,-63.5906
2020-01,Nova Scotia,"Mining, quarrying, and oil and gas extraction [21]",,x,44.6475,-63.5906
2020-02,Nova Scotia,"Mining, quarrying, and oil and gas extraction [21]",,x,44.6475,-63.5906
2020-03,Nova Scotia,"Mining, quarrying, and oil and gas extraction [21]",,x,44.6475,-63.5906
2020-04,Nova Scotia,"Mining, quarrying, and oil and gas extraction [21]",,x,44.6475,-63.5906
2020-05,Nova Scotia,"Mining, quarrying, and oil and gas extraction [21]",,x,44.6475,-63.5906
2020-06,Nova Scotia,"Mining, quarrying, and oil and gas extraction [21]",,x,44.6475,-63.5906
2020-07,Nova Scotia,"Mining, quarrying, and oil and gas extraction [21]",,x,44.6475,-63.5906
2020-08,Nova Scotia,"Mining, quarrying, and oil and gas extraction [21]",,x,44.6475,-63.5906
2020-09,Nova Scotia,"Mining, quarrying, and oil and gas extraction [21]",,x,44.6475,-63.5906
2020-10,Nova Scotia,"Mining, quarrying, and oil and gas extraction [21]",,x,44.6475,-63.5906
2020-11,Nova Scotia,"Mining, quarrying, and oil and gas extraction [21]",,x,44.6475,-63.5906
2020-12,Nova Scotia,"Mining, quarrying, and oil and gas extraction [21]",,x,44.6475,-63.5906
2021-01,Nova Scotia,"Mining, quarrying, and oil and gas extraction [21]",,x,44.6475,-63.5906
2021-02,Nova Scotia,"Mining, quarrying, and oil and gas extraction [21]",,x,44.6475,-63.5906
2021-03,Nova Scotia,"Mining, quarrying, and oil and gas extraction [21]",,x,44.6475,-63.5906
2021-04,Nova Scotia,"Mining, quarrying, and oil and gas extraction [21]",,x,44.6475,-63.5906
2021-05,Nova Scotia,"Mining, quarrying, and oil and gas extraction [21]",,x,44.6475,-63.5906
2021-06,Nova Scotia,"Mining, quarrying, and oil and gas extraction [21]",,x,44.6475,-63.5906
2021-07,Nova Scotia,"Mining, quarrying, and oil and gas extraction [21]",,x,44.6475,-63.5906
2021-08,Nova Scotia,"Mining, quarrying, and oil and gas extraction [21]",,x,44.6475,-63.5906
2021-09,Nova Scotia,"Mining, quarrying, and oil and gas extraction [21]",,x,44.6475,-63.5906
2021-10,Nova Scotia,"Mining, quarrying, and oil and gas extraction [21]",,x,44.6475,-63.5906
2021-11,Nova Scotia,"Mining, quarrying, and oil and gas extraction [21]",,x,44.6475,-63.5906
2021-12,Nova Scotia,"Mining, quarrying, and oil and gas extraction [21]",,x,44.6475,-63.5906
2022-01,Nova Scotia,"Mining, quarrying, and oil and gas extraction [21]",,x,44.6475,-63.5906
2022-02,Nova Scotia,"Mining, quarrying, and oil and gas extraction [21]",,x,44.6475,-63.5906
2022-03,Nova Scotia,"Mining, quarrying, and oil and gas extraction [21]",,x,44.6475,-63.5906
2022-04,Nova Scotia,"Mining, quarrying, and oil and gas extraction [21]",,x,44.6475,-63.5906
2022-05,Nova Scotia,"Mining, quarrying, and oil and gas extraction [21]",,x,44.6475,-63.5906
2022-06,Nova Scotia,"Mining, quarrying, and oil and gas extraction [21]",,x,44.6475,-63.5906
2022-07,Nova Scotia,"Mining, quarrying, and oil and gas extraction [21]",,x,44.6475,-63.5906
2022-08,Nova Scotia,"Mining, quarrying, and oil and gas extraction [21]",,x,44.6475,-63.5906
2022-09,Nova Scotia,"Mining, quarrying, and oil and gas extraction [21]",,x,44.6475,-63.5906
2022-10,Nova Scotia,"Mining, quarrying, and oil and gas extraction [21]",,x,44.6475,-63.5906
2022-11,Nova Scotia,"Mining, quarrying, and oil and gas extraction [21]",,x,44.6475,-63.5906
2022-12,Nova Scotia,"Mining, quarrying, and oil and gas extraction [21]",,x,44.6475,-63.5906
2023-01,Nova Scotia,"Mining, quarrying, and oil and gas extraction [21]",,x,44.6475,-63.5906
2023-02,Nova Scotia,"Mining, quarrying, and oil and gas extraction [21]",,x,44.6475,-63.5906
2023-03,Nova Scotia,"Mining, quarrying, and oil and gas extraction [21]",,x,44.6475,-63.5906
2023-04,Nova Scotia,"Mining, quarrying, and oil and gas extraction [21]",,x,44.6475,-63.5906
2023-05,Nova Scotia,"Mining, quarrying, and oil and gas extraction [21]",,x,44.6475,-63.5906
2023-06,Nova Scotia,"Mining, quarrying, and oil and gas extraction [21]",,x,44.6475,-63.5906
2023-07,Nova Scotia,"Mining, quarrying, and oil and gas extraction [21]",,x,44.6475,-63.5906
2023-08,Nova Scotia,"Mining, quarrying, and oil and gas extraction [21]",,x,44.6475,-63.5906
2023-09,Nova Scotia,"Mining, quarrying, and oil and gas extraction [21]",,x,44.6475,-63.5906
2023-10,Nova Scotia,"Mining, quarrying, and oil and gas extraction [21]",,x,44.6475,-63.5906
2023-11,Nova Scotia,"Mining, quarrying, and oil and gas extraction [21]",,x,44.6475,-63.5906
2023-12,Nova Scotia,"Mining, quarrying, and oil and gas extraction [21]",,x,44.6475,-63.5906
2024-01,Nova Scotia,"Mining, quarrying, and oil and gas extraction [21]",,x,44.6475,-63.5906
2024-02,Nova Scotia,"Mining, quarrying, and oil and gas extraction [21]",,x,44.6475,-63.5906
2018-01,Nova Scotia,"Utilities [22,221]",,x,44.6475,-63.5906
2018-02,Nova Scotia,"Utilities [22,221]",,x,44.6475,-63.5906
2018-03,Nova Scotia,"Utilities [22,221]",,x,44.6475,-63.5906
2018-04,Nova Scotia,"Utilities [22,221]",,x,44.6475,-63.5906
2018-05,Nova Scotia,"Utilities [22,221]",,x,44.6475,-63.5906
2018-06,Nova Scotia,"Utilities [22,221]",,x,44.6475,-63.5906
2018-07,Nova Scotia,"Utilities [22,221]",,x,44.6475,-63.5906
2018-08,Nova Scotia,"Utilities [22,221]",,x,44.6475,-63.5906
2018-09,Nova Scotia,"Utilities [22,221]",,x,44.6475,-63.5906
2018-10,Nova Scotia,"Utilities [22,221]",,x,44.6475,-63.5906
2018-11,Nova Scotia,"Utilities [22,221]",,x,44.6475,-63.5906
2018-12,Nova Scotia,"Utilities [22,221]",,x,44.6475,-63.5906
2019-01,Nova Scotia,"Utilities [22,221]",,x,44.6475,-63.5906
2019-02,Nova Scotia,"Utilities [22,221]",,x,44.6475,-63.5906
2019-03,Nova Scotia,"Utilities [22,221]",,x,44.6475,-63.5906
2019-04,Nova Scotia,"Utilities [22,221]",,x,44.6475,-63.5906
2019-05,Nova Scotia,"Utilities [22,221]",,x,44.6475,-63.5906
2019-06,Nova Scotia,"Utilities [22,221]",,x,44.6475,-63.5906
2019-07,Nova Scotia,"Utilities [22,221]",,x,44.6475,-63.5906
2019-08,Nova Scotia,"Utilities [22,221]",,x,44.6475,-63.5906
2019-09,Nova Scotia,"Utilities [22,221]",,x,44.6475,-63.5906
2019-10,Nova Scotia,"Utilities [22,221]",,x,44.6475,-63.5906
2019-11,Nova Scotia,"Utilities [22,221]",,x,44.6475,-63.5906
2019-12,Nova Scotia,"Utilities [22,221]",,x,44.6475,-63.5906
2020-01,Nova Scotia,"Utilities [22,221]",,x,44.6475,-63.5906
2020-02,Nova Scotia,"Utilities [22,221]",,x,44.6475,-63.5906
2020-03,Nova Scotia,"Utilities [22,221]",,x,44.6475,-63.5906
2020-04,Nova Scotia,"Utilities [22,221]",,x,44.6475,-63.5906
2020-05,Nova Scotia,"Utilities [22,221]",,x,44.6475,-63.5906
2020-06,Nova Scotia,"Utilities [22,221]",,x,44.6475,-63.5906
2020-07,Nova Scotia,"Utilities [22,221]",,x,44.6475,-63.5906
2020-08,Nova Scotia,"Utilities [22,221]",,x,44.6475,-63.5906
2020-09,Nova Scotia,"Utilities [22,221]",,x,44.6475,-63.5906
2020-10,Nova Scotia,"Utilities [22,221]",,x,44.6475,-63.5906
2020-11,Nova Scotia,"Utilities [22,221]",,x,44.6475,-63.5906
2020-12,Nova Scotia,"Utilities [22,221]",,x,44.6475,-63.5906
2021-01,Nova Scotia,"Utilities [22,221]",,x,44.6475,-63.5906
2021-02,Nova Scotia,"Utilities [22,221]",,x,44.6475,-63.5906
2021-03,Nova Scotia,"Utilities [22,221]",,x,44.6475,-63.5906
2021-04,Nova Scotia,"Utilities [22,221]",,x,44.6475,-63.5906
2021-05,Nova Scotia,"Utilities [22,221]",,x,44.6475,-63.5906
2021-06,Nova Scotia,"Utilities [22,221]",,x,44.6475,-63.5906
2021-07,Nova Scotia,"Utilities [22,221]",,x,44.6475,-63.5906
2021-08,Nova Scotia,"Utilities [22,221]",,x,44.6475,-63.5906
2021-09,Nova Scotia,"Utilities [22,221]",,x,44.6475,-63.5906
2021-10,Nova Scotia,"Utilities [22,221]",,x,44.6475,-63.5906
2021-11,Nova Scotia,"Utilities [22,221]",,x,44.6475,-63.5906
2021-12,Nova Scotia,"Utilities [22,221]",,x,44.6475,-63.5906
2022-01,Nova Scotia,"Utilities [22,221]",,x,44.6475,-63.5906
2022-02,Nova Scotia,"Utilities [22,221]",,x,44.6475,-63.5906
2022-03,Nova Scotia,"Utilities [22,221]",,x,44.6475,-63.5906
2022-04,Nova Scotia,"Utilities [22,221]",,x,44.6475,-63.5906
2022-05,Nova Scotia,"Utilities [22,221]",,x,44.6475,-63.5906
2022-06,Nova Scotia,"Utilities [22,221]",,x,44.6475,-63.5906
2022-07,Nova Scotia,"Utilities [22,221]",,x,44.6475,-63.5906
2022-08,Nova Scotia,"Utilities [22,221]",,x,44.6475,-63.5906
2022-09,Nova Scotia,"Utilities [22,221]",,x,44.6475,-63.5906
2022-10,Nova Scotia,"Utilities [22,221]",,x,44.6475,-63.5906
2022-11,Nova Scotia,"Utilities [22,221]",,x,44.6475,-63.5906
2022-12,Nova Scotia,"Utilities [22,221]",,x,44.6475,-63.5906
2023-01,Nova Scotia,"Utilities [22,221]",,x,44.6475,-63.5906
2023-02,Nova Scotia,"Utilities [22,221]",,x,44.6475,-63.5906
2023-03,Nova Scotia,"Utilities [22,221]",,x,44.6475,-63.5906
2023-04,Nova Scotia,"Utilities [22,221]",,x,44.6475,-63.5906
2023-05,Nova Scotia,"Utilities [22,221]",,x,44.6475,-63.5906
2023-06,Nova Scotia,"Utilities [22,221]",,x,44.6475,-63.5906
2023-07,Nova Scotia,"Utilities [22,221]",,x,44.6475,-63.5906
2023-08,Nova Scotia,"Utilities [22,221]",,x,44.6475,-63.5906
2023-09,Nova Scotia,"Utilities [22,221]",,x,44.6475,-63.5906
2023-10,Nova Scotia,"Utilities [22,221]",,x,44.6475,-63.5906
2023-11,Nova Scotia,"Utilities [22,221]",,x,44.6475,-63.5906
2023-12,Nova Scotia,"Utilities [22,221]",,x,44.6475,-63.5906
2024-01,Nova Scotia,"Utilities [22,221]",,x,44.6475,-63.5906
2024-02,Nova Scotia,"Utilities [22,221]",,x,44.6475,-63.5906
2018-01,Nova Scotia,Construction [23],20962,A,44.6475,-63.5906
2018-02,Nova Scotia,Construction [23],21187,A,44.6475,-63.5906
2018-03,Nova Scotia,Construction [23],21278,A,44.6475,-63.5906
2018-04,Nova Scotia,Construction [23],21463,A,44.6475,-63.5906
2018-05,Nova Scotia,Construction [23],23576,A,44.6475,-63.5906
2018-06,Nova Scotia,Construction [23],25420,A,44.6475,-63.5906
2018-07,Nova Scotia,Construction [23],26428,A,44.6475,-63.5906
2018-08,Nova Scotia,Construction [23],26550,A,44.6475,-63.5906
2018-09,Nova Scotia,Construction [23],26406,A,44.6475,-63.5906
2018-10,Nova Scotia,Construction [23],25958,A,44.6475,-63.5906
2018-11,Nova Scotia,Construction [23],26051,A,44.6475,-63.5906
2018-12,Nova Scotia,Construction [23],24897,A,44.6475,-63.5906
2019-01,Nova Scotia,Construction [23],22341,A,44.6475,-63.5906
2019-02,Nova Scotia,Construction [23],21795,A,44.6475,-63.5906
2019-03,Nova Scotia,Construction [23],22295,A,44.6475,-63.5906
2019-04,Nova Scotia,Construction [23],22834,A,44.6475,-63.5906
2019-05,Nova Scotia,Construction [23],25141,A,44.6475,-63.5906
2019-06,Nova Scotia,Construction [23],26721,A,44.6475,-63.5906
2019-07,Nova Scotia,Construction [23],27177,A,44.6475,-63.5906
2019-08,Nova Scotia,Construction [23],27461,A,44.6475,-63.5906
2019-09,Nova Scotia,Construction [23],27305,B,44.6475,-63.5906
2019-10,Nova Scotia,Construction [23],26855,B,44.6475,-63.5906
2019-11,Nova Scotia,Construction [23],26287,A,44.6475,-63.5906
2019-12,Nova Scotia,Construction [23],24698,A,44.6475,-63.5906
2020-01,Nova Scotia,Construction [23],22309,A,44.6475,-63.5906
2020-02,Nova Scotia,Construction [23],21880,B,44.6475,-63.5906
2020-03,Nova Scotia,Construction [23],20571,B,44.6475,-63.5906
2020-04,Nova Scotia,Construction [23],17871,B,44.6475,-63.5906
2020-05,Nova Scotia,Construction [23],19622,B,44.6475,-63.5906
2020-06,Nova Scotia,Construction [23],22829,B,44.6475,-63.5906
2020-07,Nova Scotia,Construction [23],24335,B,44.6475,-63.5906
2020-08,Nova Scotia,Construction [23],24375,A,44.6475,-63.5906
2020-09,Nova Scotia,Construction [23],24723,A,44.6475,-63.5906
2020-10,Nova Scotia,Construction [23],24783,A,44.6475,-63.5906
2020-11,Nova Scotia,Construction [23],24562,A,44.6475,-63.5906
2020-12,Nova Scotia,Construction [23],23986,A,44.6475,-63.5906
2021-01,Nova Scotia,Construction [23],21685,B,44.6475,-63.5906
2021-02,Nova Scotia,Construction [23],21529,B,44.6475,-63.5906
2021-03,Nova Scotia,Construction [23],22194,B,44.6475,-63.5906
2021-04,Nova Scotia,Construction [23],23001,B,44.6475,-63.5906
2021-05,Nova Scotia,Construction [23],24298,B,44.6475,-63.5906
2021-06,Nova Scotia,Construction [23],25656,B,44.6475,-63.5906
2021-07,Nova Scotia,Construction [23],26165,B,44.6475,-63.5906
2021-08,Nova Scotia,Construction [23],25962,B,44.6475,-63.5906
2021-09,Nova Scotia,Construction [23],25837,A,44.6475,-63.5906
2021-10,Nova Scotia,Construction [23],25764,B,44.6475,-63.5906
2021-11,Nova Scotia,Construction [23],25614,B,44.6475,-63.5906
2021-12,Nova Scotia,Construction [23],25333,B,44.6475,-63.5906
2022-01,Nova Scotia,Construction [23],22992,A,44.6475,-63.5906
2022-02,Nova Scotia,Construction [23],22769,B,44.6475,-63.5906
2022-03,Nova Scotia,Construction [23],23088,B,44.6475,-63.5906
2022-04,Nova Scotia,Construction [23],23982,B,44.6475,-63.5906
2022-05,Nova Scotia,Construction [23],25756,B,44.6475,-63.5906
2022-06,Nova Scotia,Construction [23],27376,B,44.6475,-63.5906
2022-07,Nova Scotia,Construction [23],28220,B,44.6475,-63.5906
2022-08,Nova Scotia,Construction [23],28223,B,44.6475,-63.5906
2022-09,Nova Scotia,Construction [23],28185,B,44.6475,-63.5906
2022-10,Nova Scotia,Construction [23],27924,B,44.6475,-63.5906
2022-11,Nova Scotia,Construction [23],27524,C,44.6475,-63.5906
2022-12,Nova Scotia,Construction [23],26880,C,44.6475,-63.5906
2023-01,Nova Scotia,Construction [23],24932,B,44.6475,-63.5906
2023-02,Nova Scotia,Construction [23],25016,B,44.6475,-63.5906
2023-03,Nova Scotia,Construction [23],25163,B,44.6475,-63.5906
2023-04,Nova Scotia,Construction [23],26163,B,44.6475,-63.5906
2023-05,Nova Scotia,Construction [23],27891,B,44.6475,-63.5906
2023-06,Nova Scotia,Construction [23],28750,B,44.6475,-63.5906
2023-07,Nova Scotia,Construction [23],29129,B,44.6475,-63.5906
2023-08,Nova Scotia,Construction [23],29299,B,44.6475,-63.5906
2023-09,Nova Scotia,Construction [23],29133,B,44.6475,-63.5906
2023-10,Nova Scotia,Construction [23],28976,B,44.6475,-63.5906
2023-11,Nova Scotia,Construction [23],29052,B,44.6475,-63.5906
2023-12,Nova Scotia,Construction [23],28364,B,44.6475,-63.5906
2024-01,Nova Scotia,Construction [23],26450,B,44.6475,-63.5906
2024-02,Nova Scotia,Construction [23],26065,B,44.6475,-63.5906
2018-01,Nova Scotia,Manufacturing [31-33],29397,A,44.6475,-63.5906
2018-02,Nova Scotia,Manufacturing [31-33],30060,A,44.6475,-63.5906
2018-03,Nova Scotia,Manufacturing [31-33],29372,A,44.6475,-63.5906
2018-04,Nova Scotia,Manufacturing [31-33],30764,A,44.6475,-63.5906
2018-05,Nova Scotia,Manufacturing [31-33],32302,A,44.6475,-63.5906
2018-06,Nova Scotia,Manufacturing [31-33],33703,A,44.6475,-63.5906
2018-07,Nova Scotia,Manufacturing [31-33],34293,A,44.6475,-63.5906
2018-08,Nova Scotia,Manufacturing [31-33],33213,A,44.6475,-63.5906
2018-09,Nova Scotia,Manufacturing [31-33],32801,A,44.6475,-63.5906
2018-10,Nova Scotia,Manufacturing [31-33],31155,A,44.6475,-63.5906
2018-11,Nova Scotia,Manufacturing [31-33],31384,A,44.6475,-63.5906
2018-12,Nova Scotia,Manufacturing [31-33],30582,A,44.6475,-63.5906
2019-01,Nova Scotia,Manufacturing [31-33],29303,A,44.6475,-63.5906
2019-02,Nova Scotia,Manufacturing [31-33],29819,A,44.6475,-63.5906
2019-03,Nova Scotia,Manufacturing [31-33],29272,A,44.6475,-63.5906
2019-04,Nova Scotia,Manufacturing [31-33],30525,A,44.6475,-63.5906
2019-05,Nova Scotia,Manufacturing [31-33],33395,A,44.6475,-63.5906
2019-06,Nova Scotia,Manufacturing [31-33],34127,A,44.6475,-63.5906
2019-07,Nova Scotia,Manufacturing [31-33],33871,A,44.6475,-63.5906
2019-08,Nova Scotia,Manufacturing [31-33],33534,A,44.6475,-63.5906
2019-09,Nova Scotia,Manufacturing [31-33],32439,B,44.6475,-63.5906
2019-10,Nova Scotia,Manufacturing [31-33],32128,A,44.6475,-63.5906
2019-11,Nova Scotia,Manufacturing [31-33],31473,B,44.6475,-63.5906
2019-12,Nova Scotia,Manufacturing [31-33],30752,B,44.6475,-63.5906
2020-01,Nova Scotia,Manufacturing [31-33],29688,B,44.6475,-63.5906
2020-02,Nova Scotia,Manufacturing [31-33],29877,B,44.6475,-63.5906
2020-03,Nova Scotia,Manufacturing [31-33],28707,B,44.6475,-63.5906
2020-04,Nova Scotia,Manufacturing [31-33],26516,B,44.6475,-63.5906
2020-05,Nova Scotia,Manufacturing [31-33],27068,B,44.6475,-63.5906
2020-06,Nova Scotia,Manufacturing [31-33],30593,B,44.6475,-63.5906
2020-07,Nova Scotia,Manufacturing [31-33],31029,B,44.6475,-63.5906
2020-08,Nova Scotia,Manufacturing [31-33],31519,B,44.6475,-63.5906
2020-09,Nova Scotia,Manufacturing [31-33],31157,B,44.6475,-63.5906
2020-10,Nova Scotia,Manufacturing [31-33],31598,B,44.6475,-63.5906
2020-11,Nova Scotia,Manufacturing [31-33],30925,B,44.6475,-63.5906
2020-12,Nova Scotia,Manufacturing [31-33],31051,B,44.6475,-63.5906
2021-01,Nova Scotia,Manufacturing [31-33],29412,B,44.6475,-63.5906
2021-02,Nova Scotia,Manufacturing [31-33],29393,B,44.6475,-63.5906
2021-03,Nova Scotia,Manufacturing [31-33],30092,B,44.6475,-63.5906
2021-04,Nova Scotia,Manufacturing [31-33],30468,B,44.6475,-63.5906
2021-05,Nova Scotia,Manufacturing [31-33],32148,B,44.6475,-63.5906
2021-06,Nova Scotia,Manufacturing [31-33],33406,B,44.6475,-63.5906
2021-07,Nova Scotia,Manufacturing [31-33],33254,B,44.6475,-63.5906
2021-08,Nova Scotia,Manufacturing [31-33],32757,B,44.6475,-63.5906
2021-09,Nova Scotia,Manufacturing [31-33],31537,B,44.6475,-63.5906
2021-10,Nova Scotia,Manufacturing [31-33],31319,B,44.6475,-63.5906
2021-11,Nova Scotia,Manufacturing [31-33],30996,B,44.6475,-63.5906
2021-12,Nova Scotia,Manufacturing [31-33],31525,B,44.6475,-63.5906
2022-01,Nova Scotia,Manufacturing [31-33],30053,B,44.6475,-63.5906
2022-02,Nova Scotia,Manufacturing [31-33],30222,B,44.6475,-63.5906
2022-03,Nova Scotia,Manufacturing [31-33],30562,B,44.6475,-63.5906
2022-04,Nova Scotia,Manufacturing [31-33],31151,B,44.6475,-63.5906
2022-05,Nova Scotia,Manufacturing [31-33],33018,B,44.6475,-63.5906
2022-06,Nova Scotia,Manufacturing [31-33],33475,C,44.6475,-63.5906
2022-07,Nova Scotia,Manufacturing [31-33],33421,C,44.6475,-63.5906
2022-08,Nova Scotia,Manufacturing [31-33],33044,B,44.6475,-63.5906
2022-09,Nova Scotia,Manufacturing [31-33],32624,B,44.6475,-63.5906
2022-10,Nova Scotia,Manufacturing [31-33],32135,B,44.6475,-63.5906
2022-11,Nova Scotia,Manufacturing [31-33],32524,B,44.6475,-63.5906
2022-12,Nova Scotia,Manufacturing [31-33],32911,B,44.6475,-63.5906
2023-01,Nova Scotia,Manufacturing [31-33],30997,B,44.6475,-63.5906
2023-02,Nova Scotia,Manufacturing [31-33],31238,B,44.6475,-63.5906
2023-03,Nova Scotia,Manufacturing [31-33],31387,B,44.6475,-63.5906
2023-04,Nova Scotia,Manufacturing [31-33],31615,B,44.6475,-63.5906
2023-05,Nova Scotia,Manufacturing [31-33],34400,B,44.6475,-63.5906
2023-06,Nova Scotia,Manufacturing [31-33],35576,B,44.6475,-63.5906
2023-07,Nova Scotia,Manufacturing [31-33],34856,B,44.6475,-63.5906
2023-08,Nova Scotia,Manufacturing [31-33],34302,B,44.6475,-63.5906
2023-09,Nova Scotia,Manufacturing [31-33],33266,B,44.6475,-63.5906
2023-10,Nova Scotia,Manufacturing [31-33],32952,B,44.6475,-63.5906
2023-11,Nova Scotia,Manufacturing [31-33],31930,B,44.6475,-63.5906
2023-12,Nova Scotia,Manufacturing [31-33],31727,B,44.6475,-63.5906
2024-01,Nova Scotia,Manufacturing [31-33],31223,B,44.6475,-63.5906
2024-02,Nova Scotia,Manufacturing [31-33],30868,B,44.6475,-63.5906
2018-01,Nova Scotia,Trade [41-45N],68559,A,44.6475,-63.5906
2018-02,Nova Scotia,Trade [41-45N],68242,A,44.6475,-63.5906
2018-03,Nova Scotia,Trade [41-45N],67673,A,44.6475,-63.5906
2018-04,Nova Scotia,Trade [41-45N],67993,A,44.6475,-63.5906
2018-05,Nova Scotia,Trade [41-45N],71766,A,44.6475,-63.5906
2018-06,Nova Scotia,Trade [41-45N],72868,A,44.6475,-63.5906
2018-07,Nova Scotia,Trade [41-45N],71355,A,44.6475,-63.5906
2018-08,Nova Scotia,Trade [41-45N],71122,A,44.6475,-63.5906
2018-09,Nova Scotia,Trade [41-45N],70548,A,44.6475,-63.5906
2018-10,Nova Scotia,Trade [41-45N],69449,A,44.6475,-63.5906
2018-11,Nova Scotia,Trade [41-45N],70153,A,44.6475,-63.5906
2018-12,Nova Scotia,Trade [41-45N],71709,A,44.6475,-63.5906
2019-01,Nova Scotia,Trade [41-45N],69768,A,44.6475,-63.5906
2019-02,Nova Scotia,Trade [41-45N],69798,A,44.6475,-63.5906
2019-03,Nova Scotia,Trade [41-45N],69574,A,44.6475,-63.5906
2019-04,Nova Scotia,Trade [41-45N],70369,A,44.6475,-63.5906
2019-05,Nova Scotia,Trade [41-45N],72743,A,44.6475,-63.5906
2019-06,Nova Scotia,Trade [41-45N],74054,A,44.6475,-63.5906
2019-07,Nova Scotia,Trade [41-45N],74380,A,44.6475,-63.5906
2019-08,Nova Scotia,Trade [41-45N],72287,A,44.6475,-63.5906
2019-09,Nova Scotia,Trade [41-45N],71740,A,44.6475,-63.5906
2019-10,Nova Scotia,Trade [41-45N],72272,A,44.6475,-63.5906
2019-11,Nova Scotia,Trade [41-45N],72523,B,44.6475,-63.5906
2019-12,Nova Scotia,Trade [41-45N],74241,A,44.6475,-63.5906
2020-01,Nova Scotia,Trade [41-45N],72667,A,44.6475,-63.5906
2020-02,Nova Scotia,Trade [41-45N],70934,B,44.6475,-63.5906
2020-03,Nova Scotia,Trade [41-45N],66301,B,44.6475,-63.5906
2020-04,Nova Scotia,Trade [41-45N],58284,B,44.6475,-63.5906
2020-05,Nova Scotia,Trade [41-45N],60439,B,44.6475,-63.5906
2020-06,Nova Scotia,Trade [41-45N],66510,B,44.6475,-63.5906
2020-07,Nova Scotia,Trade [41-45N],69471,B,44.6475,-63.5906
2020-08,Nova Scotia,Trade [41-45N],69911,B,44.6475,-63.5906
2020-09,Nova Scotia,Trade [41-45N],70058,A,44.6475,-63.5906
2020-10,Nova Scotia,Trade [41-45N],71120,B,44.6475,-63.5906
2020-11,Nova Scotia,Trade [41-45N],71504,A,44.6475,-63.5906
2020-12,Nova Scotia,Trade [41-45N],73157,B,44.6475,-63.5906
2021-01,Nova Scotia,Trade [41-45N],70895,A,44.6475,-63.5906
2021-02,Nova Scotia,Trade [41-45N],69745,B,44.6475,-63.5906
2021-03,Nova Scotia,Trade [41-45N],71242,A,44.6475,-63.5906
2021-04,Nova Scotia,Trade [41-45N],72226,A,44.6475,-63.5906
2021-05,Nova Scotia,Trade [41-45N],72829,B,44.6475,-63.5906
2021-06,Nova Scotia,Trade [41-45N],74313,B,44.6475,-63.5906
2021-07,Nova Scotia,Trade [41-45N],75312,B,44.6475,-63.5906
2021-08,Nova Scotia,Trade [41-45N],73661,A,44.6475,-63.5906
2021-09,Nova Scotia,Trade [41-45N],73593,A,44.6475,-63.5906
2021-10,Nova Scotia,Trade [41-45N],72966,B,44.6475,-63.5906
2021-11,Nova Scotia,Trade [41-45N],73834,A,44.6475,-63.5906
2021-12,Nova Scotia,Trade [41-45N],75653,A,44.6475,-63.5906
2022-01,Nova Scotia,Trade [41-45N],73745,A,44.6475,-63.5906
2022-02,Nova Scotia,Trade [41-45N],72841,A,44.6475,-63.5906
2022-03,Nova Scotia,Trade [41-45N],73668,A,44.6475,-63.5906
2022-04,Nova Scotia,Trade [41-45N],73994,B,44.6475,-63.5906
2022-05,Nova Scotia,Trade [41-45N],76364,A,44.6475,-63.5906
2022-06,Nova Scotia,Trade [41-45N],77633,B,44.6475,-63.5906
2022-07,Nova Scotia,Trade [41-45N],77768,B,44.6475,-63.5906
2022-08,Nova Scotia,Trade [41-45N],75820,B,44.6475,-63.5906
2022-09,Nova Scotia,Trade [41-45N],75375,B,44.6475,-63.5906
2022-10,Nova Scotia,Trade [41-45N],75377,B,44.6475,-63.5906
2022-11,Nova Scotia,Trade [41-45N],75349,B,44.6475,-63.5906
2022-12,Nova Scotia,Trade [41-45N],77017,B,44.6475,-63.5906
2023-01,Nova Scotia,Trade [41-45N],75814,B,44.6475,-63.5906
2023-02,Nova Scotia,Trade [41-45N],74290,B,44.6475,-63.5906
2023-03,Nova Scotia,Trade [41-45N],73678,B,44.6475,-63.5906
2023-04,Nova Scotia,Trade [41-45N],74368,B,44.6475,-63.5906
2023-05,Nova Scotia,Trade [41-45N],76992,B,44.6475,-63.5906
2023-06,Nova Scotia,Trade [41-45N],79026,B,44.6475,-63.5906
2023-07,Nova Scotia,Trade [41-45N],77245,B,44.6475,-63.5906
2023-08,Nova Scotia,Trade [41-45N],75668,B,44.6475,-63.5906
2023-09,Nova Scotia,Trade [41-45N],74742,B,44.6475,-63.5906
2023-10,Nova Scotia,Trade [41-45N],74713,B,44.6475,-63.5906
2023-11,Nova Scotia,Trade [41-45N],74730,B,44.6475,-63.5906
2023-12,Nova Scotia,Trade [41-45N],76175,B,44.6475,-63.5906
2024-01,Nova Scotia,Trade [41-45N],74958,B,44.6475,-63.5906
2024-02,Nova Scotia,Trade [41-45N],73038,B,44.6475,-63.5906
2018-01,Nova Scotia,Transportation and warehousing [48-49],16449,A,44.6475,-63.5906
2018-02,Nova Scotia,Transportation and warehousing [48-49],16764,A,44.6475,-63.5906
2018-03,Nova Scotia,Transportation and warehousing [48-49],16466,A,44.6475,-63.5906
2018-04,Nova Scotia,Transportation and warehousing [48-49],16858,A,44.6475,-63.5906
2018-05,Nova Scotia,Transportation and warehousing [48-49],17308,A,44.6475,-63.5906
2018-06,Nova Scotia,Transportation and warehousing [48-49],17523,A,44.6475,-63.5906
2018-07,Nova Scotia,Transportation and warehousing [48-49],17927,A,44.6475,-63.5906
2018-08,Nova Scotia,Transportation and warehousing [48-49],17683,A,44.6475,-63.5906
2018-09,Nova Scotia,Transportation and warehousing [48-49],17675,A,44.6475,-63.5906
2018-10,Nova Scotia,Transportation and warehousing [48-49],17876,A,44.6475,-63.5906
2018-11,Nova Scotia,Transportation and warehousing [48-49],17525,A,44.6475,-63.5906
2018-12,Nova Scotia,Transportation and warehousing [48-49],17554,A,44.6475,-63.5906
2019-01,Nova Scotia,Transportation and warehousing [48-49],16704,A,44.6475,-63.5906
2019-02,Nova Scotia,Transportation and warehousing [48-49],16590,A,44.6475,-63.5906
2019-03,Nova Scotia,Transportation and warehousing [48-49],16656,A,44.6475,-63.5906
2019-04,Nova Scotia,Transportation and warehousing [48-49],16583,A,44.6475,-63.5906
2019-05,Nova Scotia,Transportation and warehousing [48-49],17297,A,44.6475,-63.5906
2019-06,Nova Scotia,Transportation and warehousing [48-49],17824,A,44.6475,-63.5906
2019-07,Nova Scotia,Transportation and warehousing [48-49],18093,A,44.6475,-63.5906
2019-08,Nova Scotia,Transportation and warehousing [48-49],18114,A,44.6475,-63.5906
2019-09,Nova Scotia,Transportation and warehousing [48-49],18614,B,44.6475,-63.5906
2019-10,Nova Scotia,Transportation and warehousing [48-49],18789,B,44.6475,-63.5906
2019-11,Nova Scotia,Transportation and warehousing [48-49],18262,B,44.6475,-63.5906
2019-12,Nova Scotia,Transportation and warehousing [48-49],18074,B,44.6475,-63.5906
2020-01,Nova Scotia,Transportation and warehousing [48-49],17546,B,44.6475,-63.5906
2020-02,Nova Scotia,Transportation and warehousing [48-49],16920,B,44.6475,-63.5906
2020-03,Nova Scotia,Transportation and warehousing [48-49],16391,B,44.6475,-63.5906
2020-04,Nova Scotia,Transportation and warehousing [48-49],16152,B,44.6475,-63.5906
2020-05,Nova Scotia,Transportation and warehousing [48-49],15674,B,44.6475,-63.5906
2020-06,Nova Scotia,Transportation and warehousing [48-49],16362,B,44.6475,-63.5906
2020-07,Nova Scotia,Transportation and warehousing [48-49],16565,B,44.6475,-63.5906
2020-08,Nova Scotia,Transportation and warehousing [48-49],16558,A,44.6475,-63.5906
2020-09,Nova Scotia,Transportation and warehousing [48-49],17375,A,44.6475,-63.5906
2020-10,Nova Scotia,Transportation and warehousing [48-49],17641,A,44.6475,-63.5906
2020-11,Nova Scotia,Transportation and warehousing [48-49],17457,A,44.6475,-63.5906
2020-12,Nova Scotia,Transportation and warehousing [48-49],17700,A,44.6475,-63.5906
2021-01,Nova Scotia,Transportation and warehousing [48-49],16636,B,44.6475,-63.5906
2021-02,Nova Scotia,Transportation and warehousing [48-49],16487,B,44.6475,-63.5906
2021-03,Nova Scotia,Transportation and warehousing [48-49],16435,B,44.6475,-63.5906
2021-04,Nova Scotia,Transportation and warehousing [48-49],16608,A,44.6475,-63.5906
2021-05,Nova Scotia,Transportation and warehousing [48-49],16671,B,44.6475,-63.5906
2021-06,Nova Scotia,Transportation and warehousing [48-49],17111,B,44.6475,-63.5906
2021-07,Nova Scotia,Transportation and warehousing [48-49],17586,B,44.6475,-63.5906
2021-08,Nova Scotia,Transportation and warehousing [48-49],17404,B,44.6475,-63.5906
2021-09,Nova Scotia,Transportation and warehousing [48-49],17722,B,44.6475,-63.5906
2021-10,Nova Scotia,Transportation and warehousing [48-49],17777,A,44.6475,-63.5906
2021-11,Nova Scotia,Transportation and warehousing [48-49],17878,B,44.6475,-63.5906
2021-12,Nova Scotia,Transportation and warehousing [48-49],17830,B,44.6475,-63.5906
2022-01,Nova Scotia,Transportation and warehousing [48-49],17069,B,44.6475,-63.5906
2022-02,Nova Scotia,Transportation and warehousing [48-49],17189,B,44.6475,-63.5906
2022-03,Nova Scotia,Transportation and warehousing [48-49],17444,B,44.6475,-63.5906
2022-04,Nova Scotia,Transportation and warehousing [48-49],17709,B,44.6475,-63.5906
2022-05,Nova Scotia,Transportation and warehousing [48-49],17762,B,44.6475,-63.5906
2022-06,Nova Scotia,Transportation and warehousing [48-49],17794,C,44.6475,-63.5906
2022-07,Nova Scotia,Transportation and warehousing [48-49],17931,B,44.6475,-63.5906
2022-08,Nova Scotia,Transportation and warehousing [48-49],17950,B,44.6475,-63.5906
2022-09,Nova Scotia,Transportation and warehousing [48-49],18099,B,44.6475,-63.5906
2022-10,Nova Scotia,Transportation and warehousing [48-49],18138,B,44.6475,-63.5906
2022-11,Nova Scotia,Transportation and warehousing [48-49],18074,B,44.6475,-63.5906
2022-12,Nova Scotia,Transportation and warehousing [48-49],18194,B,44.6475,-63.5906
2023-01,Nova Scotia,Transportation and warehousing [48-49],17727,B,44.6475,-63.5906
2023-02,Nova Scotia,Transportation and warehousing [48-49],17649,B,44.6475,-63.5906
2023-03,Nova Scotia,Transportation and warehousing [48-49],17947,B,44.6475,-63.5906
2023-04,Nova Scotia,Transportation and warehousing [48-49],18052,B,44.6475,-63.5906
2023-05,Nova Scotia,Transportation and warehousing [48-49],18674,B,44.6475,-63.5906
2023-06,Nova Scotia,Transportation and warehousing [48-49],19211,B,44.6475,-63.5906
2023-07,Nova Scotia,Transportation and warehousing [48-49],19196,B,44.6475,-63.5906
2023-08,Nova Scotia,Transportation and warehousing [48-49],19029,B,44.6475,-63.5906
2023-09,Nova Scotia,Transportation and warehousing [48-49],18968,B,44.6475,-63.5906
2023-10,Nova Scotia,Transportation and warehousing [48-49],18852,B,44.6475,-63.5906
2023-11,Nova Scotia,Transportation and warehousing [48-49],18662,B,44.6475,-63.5906
2023-12,Nova Scotia,Transportation and warehousing [48-49],18258,B,44.6475,-63.5906
2024-01,Nova Scotia,Transportation and warehousing [48-49],17661,B,44.6475,-63.5906
2024-02,Nova Scotia,Transportation and warehousing [48-49],17558,B,44.6475,-63.5906
2018-01,Nova Scotia,Information and cultural industries [51],7382,A,44.6475,-63.5906
2018-02,Nova Scotia,Information and cultural industries [51],7505,A,44.6475,-63.5906
2018-03,Nova Scotia,Information and cultural industries [51],7196,A,44.6475,-63.5906
2018-04,Nova Scotia,Information and cultural industries [51],7004,A,44.6475,-63.5906
2018-05,Nova Scotia,Information and cultural industries [51],7057,A,44.6475,-63.5906
2018-06,Nova Scotia,Information and cultural industries [51],7355,A,44.6475,-63.5906
2018-07,Nova Scotia,Information and cultural industries [51],7365,A,44.6475,-63.5906
2018-08,Nova Scotia,Information and cultural industries [51],7371,A,44.6475,-63.5906
2018-09,Nova Scotia,Information and cultural industries [51],7294,A,44.6475,-63.5906
2018-10,Nova Scotia,Information and cultural industries [51],7187,A,44.6475,-63.5906
2018-11,Nova Scotia,Information and cultural industries [51],7231,A,44.6475,-63.5906
2018-12,Nova Scotia,Information and cultural industries [51],7232,A,44.6475,-63.5906
2019-01,Nova Scotia,Information and cultural industries [51],7250,A,44.6475,-63.5906
2019-02,Nova Scotia,Information and cultural industries [51],7150,A,44.6475,-63.5906
2019-03,Nova Scotia,Information and cultural industries [51],7152,A,44.6475,-63.5906
2019-04,Nova Scotia,Information and cultural industries [51],7111,A,44.6475,-63.5906
2019-05,Nova Scotia,Information and cultural industries [51],7109,A,44.6475,-63.5906
2019-06,Nova Scotia,Information and cultural industries [51],7110,A,44.6475,-63.5906
2019-07,Nova Scotia,Information and cultural industries [51],7275,A,44.6475,-63.5906
2019-08,Nova Scotia,Information and cultural industries [51],7165,A,44.6475,-63.5906
2019-09,Nova Scotia,Information and cultural industries [51],7120,A,44.6475,-63.5906
2019-10,Nova Scotia,Information and cultural industries [51],7146,B,44.6475,-63.5906
2019-11,Nova Scotia,Information and cultural industries [51],7291,B,44.6475,-63.5906
2019-12,Nova Scotia,Information and cultural industries [51],7435,B,44.6475,-63.5906
2020-01,Nova Scotia,Information and cultural industries [51],7310,B,44.6475,-63.5906
2020-02,Nova Scotia,Information and cultural industries [51],7268,B,44.6475,-63.5906
2020-03,Nova Scotia,Information and cultural industries [51],6973,B,44.6475,-63.5906
2020-04,Nova Scotia,Information and cultural industries [51],6711,B,44.6475,-63.5906
2020-05,Nova Scotia,Information and cultural industries [51],6314,B,44.6475,-63.5906
2020-06,Nova Scotia,Information and cultural industries [51],6409,B,44.6475,-63.5906
2020-07,Nova Scotia,Information and cultural industries [51],6564,B,44.6475,-63.5906
2020-08,Nova Scotia,Information and cultural industries [51],6587,B,44.6475,-63.5906
2020-09,Nova Scotia,Information and cultural industries [51],6620,B,44.6475,-63.5906
2020-10,Nova Scotia,Information and cultural industries [51],6374,B,44.6475,-63.5906
2020-11,Nova Scotia,Information and cultural industries [51],6042,B,44.6475,-63.5906
2020-12,Nova Scotia,Information and cultural industries [51],6299,B,44.6475,-63.5906
2021-01,Nova Scotia,Information and cultural industries [51],6771,B,44.6475,-63.5906
2021-02,Nova Scotia,Information and cultural industries [51],6370,B,44.6475,-63.5906
2021-03,Nova Scotia,Information and cultural industries [51],6304,B,44.6475,-63.5906
2021-04,Nova Scotia,Information and cultural industries [51],6534,B,44.6475,-63.5906
2021-05,Nova Scotia,Information and cultural industries [51],6689,A,44.6475,-63.5906
2021-06,Nova Scotia,Information and cultural industries [51],6892,A,44.6475,-63.5906
2021-07,Nova Scotia,Information and cultural industries [51],7004,A,44.6475,-63.5906
2021-08,Nova Scotia,Information and cultural industries [51],7125,A,44.6475,-63.5906
2021-09,Nova Scotia,Information and cultural industries [51],6944,A,44.6475,-63.5906
2021-10,Nova Scotia,Information and cultural industries [51],7016,A,44.6475,-63.5906
2021-11,Nova Scotia,Information and cultural industries [51],7126,A,44.6475,-63.5906
2021-12,Nova Scotia,Information and cultural industries [51],7214,A,44.6475,-63.5906
2022-01,Nova Scotia,Information and cultural industries [51],7173,B,44.6475,-63.5906
2022-02,Nova Scotia,Information and cultural industries [51],7156,B,44.6475,-63.5906
2022-03,Nova Scotia,Information and cultural industries [51],7141,A,44.6475,-63.5906
2022-04,Nova Scotia,Information and cultural industries [51],7254,B,44.6475,-63.5906
2022-05,Nova Scotia,Information and cultural industries [51],7258,B,44.6475,-63.5906
2022-06,Nova Scotia,Information and cultural industries [51],7322,B,44.6475,-63.5906
2022-07,Nova Scotia,Information and cultural industries [51],7307,B,44.6475,-63.5906
2022-08,Nova Scotia,Information and cultural industries [51],7278,B,44.6475,-63.5906
2022-09,Nova Scotia,Information and cultural industries [51],7289,B,44.6475,-63.5906
2022-10,Nova Scotia,Information and cultural industries [51],7291,A,44.6475,-63.5906
2022-11,Nova Scotia,Information and cultural industries [51],7442,B,44.6475,-63.5906
2022-12,Nova Scotia,Information and cultural industries [51],7380,B,44.6475,-63.5906
2023-01,Nova Scotia,Information and cultural industries [51],7109,B,44.6475,-63.5906
2023-02,Nova Scotia,Information and cultural industries [51],7011,A,44.6475,-63.5906
2023-03,Nova Scotia,Information and cultural industries [51],7394,B,44.6475,-63.5906
2023-04,Nova Scotia,Information and cultural industries [51],7323,A,44.6475,-63.5906
2023-05,Nova Scotia,Information and cultural industries [51],7454,B,44.6475,-63.5906
2023-06,Nova Scotia,Information and cultural industries [51],7470,B,44.6475,-63.5906
2023-07,Nova Scotia,Information and cultural industries [51],7452,B,44.6475,-63.5906
2023-08,Nova Scotia,Information and cultural industries [51],7491,B,44.6475,-63.5906
2023-09,Nova Scotia,Information and cultural industries [51],7709,B,44.6475,-63.5906
2023-10,Nova Scotia,Information and cultural industries [51],7610,B,44.6475,-63.5906
2023-11,Nova Scotia,Information and cultural industries [51],7530,B,44.6475,-63.5906
2023-12,Nova Scotia,Information and cultural industries [51],7427,B,44.6475,-63.5906
2024-01,Nova Scotia,Information and cultural industries [51],7369,B,44.6475,-63.5906
2024-02,Nova Scotia,Information and cultural industries [51],7403,B,44.6475,-63.5906
2018-01,Nova Scotia,Finance and insurance [52],16617,A,44.6475,-63.5906
2018-02,Nova Scotia,Finance and insurance [52],16641,A,44.6475,-63.5906
2018-03,Nova Scotia,Finance and insurance [52],16524,A,44.6475,-63.5906
2018-04,Nova Scotia,Finance and insurance [52],16501,A,44.6475,-63.5906
2018-05,Nova Scotia,Finance and insurance [52],16686,A,44.6475,-63.5906
2018-06,Nova Scotia,Finance and insurance [52],16923,A,44.6475,-63.5906
2018-07,Nova Scotia,Finance and insurance [52],16919,A,44.6475,-63.5906
2018-08,Nova Scotia,Finance and insurance [52],17023,A,44.6475,-63.5906
2018-09,Nova Scotia,Finance and insurance [52],16828,A,44.6475,-63.5906
2018-10,Nova Scotia,Finance and insurance [52],16512,A,44.6475,-63.5906
2018-11,Nova Scotia,Finance and insurance [52],16470,A,44.6475,-63.5906
2018-12,Nova Scotia,Finance and insurance [52],16881,A,44.6475,-63.5906
2019-01,Nova Scotia,Finance and insurance [52],16361,A,44.6475,-63.5906
2019-02,Nova Scotia,Finance and insurance [52],16373,A,44.6475,-63.5906
2019-03,Nova Scotia,Finance and insurance [52],16543,A,44.6475,-63.5906
2019-04,Nova Scotia,Finance and insurance [52],16600,A,44.6475,-63.5906
2019-05,Nova Scotia,Finance and insurance [52],16660,A,44.6475,-63.5906
2019-06,Nova Scotia,Finance and insurance [52],16773,A,44.6475,-63.5906
2019-07,Nova Scotia,Finance and insurance [52],16999,A,44.6475,-63.5906
2019-08,Nova Scotia,Finance and insurance [52],16874,A,44.6475,-63.5906
2019-09,Nova Scotia,Finance and insurance [52],17024,A,44.6475,-63.5906
2019-10,Nova Scotia,Finance and insurance [52],17031,B,44.6475,-63.5906
2019-11,Nova Scotia,Finance and insurance [52],17066,A,44.6475,-63.5906
2019-12,Nova Scotia,Finance and insurance [52],17369,A,44.6475,-63.5906
2020-01,Nova Scotia,Finance and insurance [52],17263,A,44.6475,-63.5906
2020-02,Nova Scotia,Finance and insurance [52],17057,A,44.6475,-63.5906
2020-03,Nova Scotia,Finance and insurance [52],16572,A,44.6475,-63.5906
2020-04,Nova Scotia,Finance and insurance [52],16714,A,44.6475,-63.5906
2020-05,Nova Scotia,Finance and insurance [52],16673,A,44.6475,-63.5906
2020-06,Nova Scotia,Finance and insurance [52],17097,A,44.6475,-63.5906
2020-07,Nova Scotia,Finance and insurance [52],17041,A,44.6475,-63.5906
2020-08,Nova Scotia,Finance and insurance [52],16710,B,44.6475,-63.5906
2020-09,Nova Scotia,Finance and insurance [52],16657,A,44.6475,-63.5906
2020-10,Nova Scotia,Finance and insurance [52],17142,B,44.6475,-63.5906
2020-11,Nova Scotia,Finance and insurance [52],17267,B,44.6475,-63.5906
2020-12,Nova Scotia,Finance and insurance [52],17589,A,44.6475,-63.5906
2021-01,Nova Scotia,Finance and insurance [52],17414,A,44.6475,-63.5906
2021-02,Nova Scotia,Finance and insurance [52],17371,A,44.6475,-63.5906
2021-03,Nova Scotia,Finance and insurance [52],17619,A,44.6475,-63.5906
2021-04,Nova Scotia,Finance and insurance [52],18025,A,44.6475,-63.5906
2021-05,Nova Scotia,Finance and insurance [52],17511,A,44.6475,-63.5906
2021-06,Nova Scotia,Finance and insurance [52],17816,A,44.6475,-63.5906
2021-07,Nova Scotia,Finance and insurance [52],18021,A,44.6475,-63.5906
2021-08,Nova Scotia,Finance and insurance [52],17935,A,44.6475,-63.5906
2021-09,Nova Scotia,Finance and insurance [52],18041,A,44.6475,-63.5906
2021-10,Nova Scotia,Finance and insurance [52],18190,A,44.6475,-63.5906
2021-11,Nova Scotia,Finance and insurance [52],17773,A,44.6475,-63.5906
2021-12,Nova Scotia,Finance and insurance [52],18139,A,44.6475,-63.5906
2022-01,Nova Scotia,Finance and insurance [52],17798,A,44.6475,-63.5906
2022-02,Nova Scotia,Finance and insurance [52],17893,A,44.6475,-63.5906
2022-03,Nova Scotia,Finance and insurance [52],18533,A,44.6475,-63.5906
2022-04,Nova Scotia,Finance and insurance [52],18673,A,44.6475,-63.5906
2022-05,Nova Scotia,Finance and insurance [52],18845,A,44.6475,-63.5906
2022-06,Nova Scotia,Finance and insurance [52],19359,B,44.6475,-63.5906
2022-07,Nova Scotia,Finance and insurance [52],19219,B,44.6475,-63.5906
2022-08,Nova Scotia,Finance and insurance [52],19070,A,44.6475,-63.5906
2022-09,Nova Scotia,Finance and insurance [52],18998,A,44.6475,-63.5906
2022-10,Nova Scotia,Finance and insurance [52],18860,A,44.6475,-63.5906
2022-11,Nova Scotia,Finance and insurance [52],18837,A,44.6475,-63.5906
2022-12,Nova Scotia,Finance and insurance [52],19184,A,44.6475,-63.5906
2023-01,Nova Scotia,Finance and insurance [52],18496,A,44.6475,-63.5906
2023-02,Nova Scotia,Finance and insurance [52],18414,A,44.6475,-63.5906
2023-03,Nova Scotia,Finance and insurance [52],18453,A,44.6475,-63.5906
2023-04,Nova Scotia,Finance and insurance [52],18229,A,44.6475,-63.5906
2023-05,Nova Scotia,Finance and insurance [52],18327,A,44.6475,-63.5906
2023-06,Nova Scotia,Finance and insurance [52],18247,A,44.6475,-63.5906
2023-07,Nova Scotia,Finance and insurance [52],18314,A,44.6475,-63.5906
2023-08,Nova Scotia,Finance and insurance [52],18319,A,44.6475,-63.5906
2023-09,Nova Scotia,Finance and insurance [52],18354,A,44.6475,-63.5906
2023-10,Nova Scotia,Finance and insurance [52],18237,A,44.6475,-63.5906
2023-11,Nova Scotia,Finance and insurance [52],18274,A,44.6475,-63.5906
2023-12,Nova Scotia,Finance and insurance [52],18582,A,44.6475,-63.5906
2024-01,Nova Scotia,Finance and insurance [52],18578,A,44.6475,-63.5906
2024-02,Nova Scotia,Finance and insurance [52],18606,A,44.6475,-63.5906
2018-01,Nova Scotia,Real estate and rental and leasing [53],5500,A,44.6475,-63.5906
2018-02,Nova Scotia,Real estate and rental and leasing [53],5364,A,44.6475,-63.5906
2018-03,Nova Scotia,Real estate and rental and leasing [53],5195,A,44.6475,-63.5906
2018-04,Nova Scotia,Real estate and rental and leasing [53],5224,A,44.6475,-63.5906
2018-05,Nova Scotia,Real estate and rental and leasing [53],5492,A,44.6475,-63.5906
2018-06,Nova Scotia,Real estate and rental and leasing [53],5800,A,44.6475,-63.5906
2018-07,Nova Scotia,Real estate and rental and leasing [53],5943,A,44.6475,-63.5906
2018-08,Nova Scotia,Real estate and rental and leasing [53],5847,A,44.6475,-63.5906
2018-09,Nova Scotia,Real estate and rental and leasing [53],5807,A,44.6475,-63.5906
2018-10,Nova Scotia,Real estate and rental and leasing [53],5598,A,44.6475,-63.5906
2018-11,Nova Scotia,Real estate and rental and leasing [53],5481,A,44.6475,-63.5906
2018-12,Nova Scotia,Real estate and rental and leasing [53],5661,A,44.6475,-63.5906
2019-01,Nova Scotia,Real estate and rental and leasing [53],5398,A,44.6475,-63.5906
2019-02,Nova Scotia,Real estate and rental and leasing [53],5244,A,44.6475,-63.5906
2019-03,Nova Scotia,Real estate and rental and leasing [53],5180,A,44.6475,-63.5906
2019-04,Nova Scotia,Real estate and rental and leasing [53],5409,A,44.6475,-63.5906
2019-05,Nova Scotia,Real estate and rental and leasing [53],5776,A,44.6475,-63.5906
2019-06,Nova Scotia,Real estate and rental and leasing [53],6167,A,44.6475,-63.5906
2019-07,Nova Scotia,Real estate and rental and leasing [53],6267,A,44.6475,-63.5906
2019-08,Nova Scotia,Real estate and rental and leasing [53],6279,A,44.6475,-63.5906
2019-09,Nova Scotia,Real estate and rental and leasing [53],6218,A,44.6475,-63.5906
2019-10,Nova Scotia,Real estate and rental and leasing [53],5995,A,44.6475,-63.5906
2019-11,Nova Scotia,Real estate and rental and leasing [53],5910,B,44.6475,-63.5906
2019-12,Nova Scotia,Real estate and rental and leasing [53],6016,A,44.6475,-63.5906
2020-01,Nova Scotia,Real estate and rental and leasing [53],5838,A,44.6475,-63.5906
2020-02,Nova Scotia,Real estate and rental and leasing [53],5850,A,44.6475,-63.5906
2020-03,Nova Scotia,Real estate and rental and leasing [53],5687,B,44.6475,-63.5906
2020-04,Nova Scotia,Real estate and rental and leasing [53],5134,A,44.6475,-63.5906
2020-05,Nova Scotia,Real estate and rental and leasing [53],5006,A,44.6475,-63.5906
2020-06,Nova Scotia,Real estate and rental and leasing [53],5451,B,44.6475,-63.5906
2020-07,Nova Scotia,Real estate and rental and leasing [53],5576,B,44.6475,-63.5906
2020-08,Nova Scotia,Real estate and rental and leasing [53],5528,B,44.6475,-63.5906
2020-09,Nova Scotia,Real estate and rental and leasing [53],5715,A,44.6475,-63.5906
2020-10,Nova Scotia,Real estate and rental and leasing [53],5345,B,44.6475,-63.5906
2020-11,Nova Scotia,Real estate and rental and leasing [53],5346,B,44.6475,-63.5906
2020-12,Nova Scotia,Real estate and rental and leasing [53],5359,A,44.6475,-63.5906
2021-01,Nova Scotia,Real estate and rental and leasing [53],5111,A,44.6475,-63.5906
2021-02,Nova Scotia,Real estate and rental and leasing [53],5198,B,44.6475,-63.5906
2021-03,Nova Scotia,Real estate and rental and leasing [53],5166,B,44.6475,-63.5906
2021-04,Nova Scotia,Real estate and rental and leasing [53],5222,B,44.6475,-63.5906
2021-05,Nova Scotia,Real estate and rental and leasing [53],5189,B,44.6475,-63.5906
2021-06,Nova Scotia,Real estate and rental and leasing [53],5389,A,44.6475,-63.5906
2021-07,Nova Scotia,Real estate and rental and leasing [53],5484,B,44.6475,-63.5906
2021-08,Nova Scotia,Real estate and rental and leasing [53],5518,A,44.6475,-63.5906
2021-09,Nova Scotia,Real estate and rental and leasing [53],5637,B,44.6475,-63.5906
2021-10,Nova Scotia,Real estate and rental and leasing [53],5547,A,44.6475,-63.5906
2021-11,Nova Scotia,Real estate and rental and leasing [53],5607,B,44.6475,-63.5906
2021-12,Nova Scotia,Real estate and rental and leasing [53],5642,A,44.6475,-63.5906
2022-01,Nova Scotia,Real estate and rental and leasing [53],5471,B,44.6475,-63.5906
2022-02,Nova Scotia,Real estate and rental and leasing [53],5372,B,44.6475,-63.5906
2022-03,Nova Scotia,Real estate and rental and leasing [53],5504,B,44.6475,-63.5906
2022-04,Nova Scotia,Real estate and rental and leasing [53],5655,B,44.6475,-63.5906
2022-05,Nova Scotia,Real estate and rental and leasing [53],5795,B,44.6475,-63.5906
2022-06,Nova Scotia,Real estate and rental and leasing [53],5721,B,44.6475,-63.5906
2022-07,Nova Scotia,Real estate and rental and leasing [53],5986,B,44.6475,-63.5906
2022-08,Nova Scotia,Real estate and rental and leasing [53],5873,B,44.6475,-63.5906
2022-09,Nova Scotia,Real estate and rental and leasing [53],5868,B,44.6475,-63.5906
2022-10,Nova Scotia,Real estate and rental and leasing [53],5738,B,44.6475,-63.5906
2022-11,Nova Scotia,Real estate and rental and leasing [53],5703,B,44.6475,-63.5906
2022-12,Nova Scotia,Real estate and rental and leasing [53],5272,B,44.6475,-63.5906
2023-01,Nova Scotia,Real estate and rental and leasing [53],5517,B,44.6475,-63.5906
2023-02,Nova Scotia,Real estate and rental and leasing [53],5514,A,44.6475,-63.5906
2023-03,Nova Scotia,Real estate and rental and leasing [53],5448,B,44.6475,-63.5906
2023-04,Nova Scotia,Real estate and rental and leasing [53],5648,A,44.6475,-63.5906
2023-05,Nova Scotia,Real estate and rental and leasing [53],5808,A,44.6475,-63.5906
2023-06,Nova Scotia,Real estate and rental and leasing [53],5890,B,44.6475,-63.5906
2023-07,Nova Scotia,Real estate and rental and leasing [53],6029,A,44.6475,-63.5906
2023-08,Nova Scotia,Real estate and rental and leasing [53],5994,B,44.6475,-63.5906
2023-09,Nova Scotia,Real estate and rental and leasing [53],5983,A,44.6475,-63.5906
2023-10,Nova Scotia,Real estate and rental and leasing [53],5913,A,44.6475,-63.5906
2023-11,Nova Scotia,Real estate and rental and leasing [53],5814,B,44.6475,-63.5906
2023-12,Nova Scotia,Real estate and rental and leasing [53],5938,A,44.6475,-63.5906
2024-01,Nova Scotia,Real estate and rental and leasing [53],5804,B,44.6475,-63.5906
2024-02,Nova Scotia,Real estate and rental and leasing [53],5676,B,44.6475,-63.5906
2018-01,Nova Scotia,"Professional, scientific and technical services [54,541]",15778,A,44.6475,-63.5906
2018-02,Nova Scotia,"Professional, scientific and technical services [54,541]",15789,A,44.6475,-63.5906
2018-03,Nova Scotia,"Professional, scientific and technical services [54,541]",15661,A,44.6475,-63.5906
2018-04,Nova Scotia,"Professional, scientific and technical services [54,541]",15880,A,44.6475,-63.5906
2018-05,Nova Scotia,"Professional, scientific and technical services [54,541]",16246,A,44.6475,-63.5906
2018-06,Nova Scotia,"Professional, scientific and technical services [54,541]",16474,A,44.6475,-63.5906
2018-07,Nova Scotia,"Professional, scientific and technical services [54,541]",16348,A,44.6475,-63.5906
2018-08,Nova Scotia,"Professional, scientific and technical services [54,541]",16220,A,44.6475,-63.5906
2018-09,Nova Scotia,"Professional, scientific and technical services [54,541]",16270,A,44.6475,-63.5906
2018-10,Nova Scotia,"Professional, scientific and technical services [54,541]",16418,A,44.6475,-63.5906
2018-11,Nova Scotia,"Professional, scientific and technical services [54,541]",16068,A,44.6475,-63.5906
2018-12,Nova Scotia,"Professional, scientific and technical services [54,541]",16342,A,44.6475,-63.5906
2019-01,Nova Scotia,"Professional, scientific and technical services [54,541]",16050,A,44.6475,-63.5906
2019-02,Nova Scotia,"Professional, scientific and technical services [54,541]",16030,A,44.6475,-63.5906
2019-03,Nova Scotia,"Professional, scientific and technical services [54,541]",16335,A,44.6475,-63.5906
2019-04,Nova Scotia,"Professional, scientific and technical services [54,541]",16326,A,44.6475,-63.5906
2019-05,Nova Scotia,"Professional, scientific and technical services [54,541]",16788,A,44.6475,-63.5906
2019-06,Nova Scotia,"Professional, scientific and technical services [54,541]",16957,A,44.6475,-63.5906
2019-07,Nova Scotia,"Professional, scientific and technical services [54,541]",17006,A,44.6475,-63.5906
2019-08,Nova Scotia,"Professional, scientific and technical services [54,541]",16803,A,44.6475,-63.5906
2019-09,Nova Scotia,"Professional, scientific and technical services [54,541]",16935,A,44.6475,-63.5906
2019-10,Nova Scotia,"Professional, scientific and technical services [54,541]",16873,B,44.6475,-63.5906
2019-11,Nova Scotia,"Professional, scientific and technical services [54,541]",16754,A,44.6475,-63.5906
2019-12,Nova Scotia,"Professional, scientific and technical services [54,541]",16899,B,44.6475,-63.5906
2020-01,Nova Scotia,"Professional, scientific and technical services [54,541]",16562,A,44.6475,-63.5906
2020-02,Nova Scotia,"Professional, scientific and technical services [54,541]",16884,B,44.6475,-63.5906
2020-03,Nova Scotia,"Professional, scientific and technical services [54,541]",16501,B,44.6475,-63.5906
2020-04,Nova Scotia,"Professional, scientific and technical services [54,541]",15720,B,44.6475,-63.5906
2020-05,Nova Scotia,"Professional, scientific and technical services [54,541]",15428,B,44.6475,-63.5906
2020-06,Nova Scotia,"Professional, scientific and technical services [54,541]",15814,B,44.6475,-63.5906
2020-07,Nova Scotia,"Professional, scientific and technical services [54,541]",16194,A,44.6475,-63.5906
2020-08,Nova Scotia,"Professional, scientific and technical services [54,541]",16371,B,44.6475,-63.5906
2020-09,Nova Scotia,"Professional, scientific and technical services [54,541]",16591,B,44.6475,-63.5906
2020-10,Nova Scotia,"Professional, scientific and technical services [54,541]",16729,A,44.6475,-63.5906
2020-11,Nova Scotia,"Professional, scientific and technical services [54,541]",16814,A,44.6475,-63.5906
2020-12,Nova Scotia,"Professional, scientific and technical services [54,541]",16973,A,44.6475,-63.5906
2021-01,Nova Scotia,"Professional, scientific and technical services [54,541]",17032,A,44.6475,-63.5906
2021-02,Nova Scotia,"Professional, scientific and technical services [54,541]",17259,A,44.6475,-63.5906
2021-03,Nova Scotia,"Professional, scientific and technical services [54,541]",17448,A,44.6475,-63.5906
2021-04,Nova Scotia,"Professional, scientific and technical services [54,541]",17787,A,44.6475,-63.5906
2021-05,Nova Scotia,"Professional, scientific and technical services [54,541]",17997,A,44.6475,-63.5906
2021-06,Nova Scotia,"Professional, scientific and technical services [54,541]",18256,B,44.6475,-63.5906
2021-07,Nova Scotia,"Professional, scientific and technical services [54,541]",18403,A,44.6475,-63.5906
2021-08,Nova Scotia,"Professional, scientific and technical services [54,541]",18521,A,44.6475,-63.5906
2021-09,Nova Scotia,"Professional, scientific and technical services [54,541]",18572,A,44.6475,-63.5906
2021-10,Nova Scotia,"Professional, scientific and technical services [54,541]",18567,A,44.6475,-63.5906
2021-11,Nova Scotia,"Professional, scientific and technical services [54,541]",18366,A,44.6475,-63.5906
2021-12,Nova Scotia,"Professional, scientific and technical services [54,541]",18491,B,44.6475,-63.5906
2022-01,Nova Scotia,"Professional, scientific and technical services [54,541]",18419,B,44.6475,-63.5906
2022-02,Nova Scotia,"Professional, scientific and technical services [54,541]",18635,B,44.6475,-63.5906
2022-03,Nova Scotia,"Professional, scientific and technical services [54,541]",18785,B,44.6475,-63.5906
2022-04,Nova Scotia,"Professional, scientific and technical services [54,541]",18982,B,44.6475,-63.5906
2022-05,Nova Scotia,"Professional, scientific and technical services [54,541]",19751,B,44.6475,-63.5906
2022-06,Nova Scotia,"Professional, scientific and technical services [54,541]",19920,B,44.6475,-63.5906
2022-07,Nova Scotia,"Professional, scientific and technical services [54,541]",19948,B,44.6475,-63.5906
2022-08,Nova Scotia,"Professional, scientific and technical services [54,541]",19985,B,44.6475,-63.5906
2022-09,Nova Scotia,"Professional, scientific and technical services [54,541]",19853,B,44.6475,-63.5906
2022-10,Nova Scotia,"Professional, scientific and technical services [54,541]",19731,B,44.6475,-63.5906
2022-11,Nova Scotia,"Professional, scientific and technical services [54,541]",19971,B,44.6475,-63.5906
2022-12,Nova Scotia,"Professional, scientific and technical services [54,541]",19955,B,44.6475,-63.5906
2023-01,Nova Scotia,"Professional, scientific and technical services [54,541]",20131,A,44.6475,-63.5906
2023-02,Nova Scotia,"Professional, scientific and technical services [54,541]",19910,B,44.6475,-63.5906
2023-03,Nova Scotia,"Professional, scientific and technical services [54,541]",20012,B,44.6475,-63.5906
2023-04,Nova Scotia,"Professional, scientific and technical services [54,541]",20181,A,44.6475,-63.5906
2023-05,Nova Scotia,"Professional, scientific and technical services [54,541]",20525,B,44.6475,-63.5906
2023-06,Nova Scotia,"Professional, scientific and technical services [54,541]",20629,B,44.6475,-63.5906
2023-07,Nova Scotia,"Professional, scientific and technical services [54,541]",20571,A,44.6475,-63.5906
2023-08,Nova Scotia,"Professional, scientific and technical services [54,541]",20413,A,44.6475,-63.5906
2023-09,Nova Scotia,"Professional, scientific and technical services [54,541]",20135,A,44.6475,-63.5906
2023-10,Nova Scotia,"Professional, scientific and technical services [54,541]",20123,A,44.6475,-63.5906
2023-11,Nova Scotia,"Professional, scientific and technical services [54,541]",20247,B,44.6475,-63.5906
2023-12,Nova Scotia,"Professional, scientific and technical services [54,541]",20381,B,44.6475,-63.5906
2024-01,Nova Scotia,"Professional, scientific and technical services [54,541]",20745,B,44.6475,-63.5906
2024-02,Nova Scotia,"Professional, scientific and technical services [54,541]",20561,B,44.6475,-63.5906
2018-01,Nova Scotia,"Management of companies and enterprises [55,551,5511]",1708,A,44.6475,-63.5906
2018-02,Nova Scotia,"Management of companies and enterprises [55,551,5511]",1714,A,44.6475,-63.5906
2018-03,Nova Scotia,"Management of companies and enterprises [55,551,5511]",1787,A,44.6475,-63.5906
2018-04,Nova Scotia,"Management of companies and enterprises [55,551,5511]",1781,A,44.6475,-63.5906
2018-05,Nova Scotia,"Management of companies and enterprises [55,551,5511]",1665,A,44.6475,-63.5906
2018-06,Nova Scotia,"Management of companies and enterprises [55,551,5511]",1694,A,44.6475,-63.5906
2018-07,Nova Scotia,"Management of companies and enterprises [55,551,5511]",1774,A,44.6475,-63.5906
2018-08,Nova Scotia,"Management of companies and enterprises [55,551,5511]",1851,A,44.6475,-63.5906
2018-09,Nova Scotia,"Management of companies and enterprises [55,551,5511]",1720,A,44.6475,-63.5906
2018-10,Nova Scotia,"Management of companies and enterprises [55,551,5511]",1751,A,44.6475,-63.5906
2018-11,Nova Scotia,"Management of companies and enterprises [55,551,5511]",1733,A,44.6475,-63.5906
2018-12,Nova Scotia,"Management of companies and enterprises [55,551,5511]",1840,A,44.6475,-63.5906
2019-01,Nova Scotia,"Management of companies and enterprises [55,551,5511]",1799,A,44.6475,-63.5906
2019-02,Nova Scotia,"Management of companies and enterprises [55,551,5511]",1870,A,44.6475,-63.5906
2019-03,Nova Scotia,"Management of companies and enterprises [55,551,5511]",1854,A,44.6475,-63.5906
2019-04,Nova Scotia,"Management of companies and enterprises [55,551,5511]",1902,A,44.6475,-63.5906
2019-05,Nova Scotia,"Management of companies and enterprises [55,551,5511]",1913,A,44.6475,-63.5906
2019-06,Nova Scotia,"Management of companies and enterprises [55,551,5511]",1830,A,44.6475,-63.5906
2019-07,Nova Scotia,"Management of companies and enterprises [55,551,5511]",1821,A,44.6475,-63.5906
2019-08,Nova Scotia,"Management of companies and enterprises [55,551,5511]",1844,A,44.6475,-63.5906
2019-09,Nova Scotia,"Management of companies and enterprises [55,551,5511]",1836,B,44.6475,-63.5906
2019-10,Nova Scotia,"Management of companies and enterprises [55,551,5511]",1710,A,44.6475,-63.5906
2019-11,Nova Scotia,"Management of companies and enterprises [55,551,5511]",1712,B,44.6475,-63.5906
2019-12,Nova Scotia,"Management of companies and enterprises [55,551,5511]",1746,B,44.6475,-63.5906
2020-01,Nova Scotia,"Management of companies and enterprises [55,551,5511]",1786,B,44.6475,-63.5906
2020-02,Nova Scotia,"Management of companies and enterprises [55,551,5511]",1836,B,44.6475,-63.5906
2020-03,Nova Scotia,"Management of companies and enterprises [55,551,5511]",1809,B,44.6475,-63.5906
2020-04,Nova Scotia,"Management of companies and enterprises [55,551,5511]",1688,A,44.6475,-63.5906
2020-05,Nova Scotia,"Management of companies and enterprises [55,551,5511]",1730,A,44.6475,-63.5906
2020-06,Nova Scotia,"Management of companies and enterprises [55,551,5511]",1849,A,44.6475,-63.5906
2020-07,Nova Scotia,"Management of companies and enterprises [55,551,5511]",1915,B,44.6475,-63.5906
2020-08,Nova Scotia,"Management of companies and enterprises [55,551,5511]",2132,A,44.6475,-63.5906
2020-09,Nova Scotia,"Management of companies and enterprises [55,551,5511]",2177,A,44.6475,-63.5906
2020-10,Nova Scotia,"Management of companies and enterprises [55,551,5511]",2160,B,44.6475,-63.5906
2020-11,Nova Scotia,"Management of companies and enterprises [55,551,5511]",2160,A,44.6475,-63.5906
2020-12,Nova Scotia,"Management of companies and enterprises [55,551,5511]",2169,B,44.6475,-63.5906
2021-01,Nova Scotia,"Management of companies and enterprises [55,551,5511]",2206,A,44.6475,-63.5906
2021-02,Nova Scotia,"Management of companies and enterprises [55,551,5511]",2232,A,44.6475,-63.5906
2021-03,Nova Scotia,"Management of companies and enterprises [55,551,5511]",2197,A,44.6475,-63.5906
2021-04,Nova Scotia,"Management of companies and enterprises [55,551,5511]",2219,A,44.6475,-63.5906
2021-05,Nova Scotia,"Management of companies and enterprises [55,551,5511]",2268,B,44.6475,-63.5906
2021-06,Nova Scotia,"Management of companies and enterprises [55,551,5511]",2232,B,44.6475,-63.5906
2021-07,Nova Scotia,"Management of companies and enterprises [55,551,5511]",2205,A,44.6475,-63.5906
2021-08,Nova Scotia,"Management of companies and enterprises [55,551,5511]",2222,A,44.6475,-63.5906
2021-09,Nova Scotia,"Management of companies and enterprises [55,551,5511]",2068,B,44.6475,-63.5906
2021-10,Nova Scotia,"Management of companies and enterprises [55,551,5511]",2067,B,44.6475,-63.5906
2021-11,Nova Scotia,"Management of companies and enterprises [55,551,5511]",2137,B,44.6475,-63.5906
2021-12,Nova Scotia,"Management of companies and enterprises [55,551,5511]",2125,A,44.6475,-63.5906
2022-01,Nova Scotia,"Management of companies and enterprises [55,551,5511]",2140,B,44.6475,-63.5906
2022-02,Nova Scotia,"Management of companies and enterprises [55,551,5511]",2183,A,44.6475,-63.5906
2022-03,Nova Scotia,"Management of companies and enterprises [55,551,5511]",2037,B,44.6475,-63.5906
2022-04,Nova Scotia,"Management of companies and enterprises [55,551,5511]",2123,B,44.6475,-63.5906
2022-05,Nova Scotia,"Management of companies and enterprises [55,551,5511]",2132,B,44.6475,-63.5906
2022-06,Nova Scotia,"Management of companies and enterprises [55,551,5511]",2126,C,44.6475,-63.5906
2022-07,Nova Scotia,"Management of companies and enterprises [55,551,5511]",2072,B,44.6475,-63.5906
2022-08,Nova Scotia,"Management of companies and enterprises [55,551,5511]",2082,A,44.6475,-63.5906
2022-09,Nova Scotia,"Management of companies and enterprises [55,551,5511]",2066,A,44.6475,-63.5906
2022-10,Nova Scotia,"Management of companies and enterprises [55,551,5511]",2071,A,44.6475,-63.5906
2022-11,Nova Scotia,"Management of companies and enterprises [55,551,5511]",2128,B,44.6475,-63.5906
2022-12,Nova Scotia,"Management of companies and enterprises [55,551,5511]",2165,B,44.6475,-63.5906
2023-01,Nova Scotia,"Management of companies and enterprises [55,551,5511]",2136,B,44.6475,-63.5906
2023-02,Nova Scotia,"Management of companies and enterprises [55,551,5511]",2134,B,44.6475,-63.5906
2023-03,Nova Scotia,"Management of companies and enterprises [55,551,5511]",2146,A,44.6475,-63.5906
2023-04,Nova Scotia,"Management of companies and enterprises [55,551,5511]",2194,A,44.6475,-63.5906
2023-05,Nova Scotia,"Management of companies and enterprises [55,551,5511]",2167,A,44.6475,-63.5906
2023-06,Nova Scotia,"Management of companies and enterprises [55,551,5511]",2254,C,44.6475,-63.5906
2023-07,Nova Scotia,"Management of companies and enterprises [55,551,5511]",2260,B,44.6475,-63.5906
2023-08,Nova Scotia,"Management of companies and enterprises [55,551,5511]",2259,A,44.6475,-63.5906
2023-09,Nova Scotia,"Management of companies and enterprises [55,551,5511]",2241,B,44.6475,-63.5906
2023-10,Nova Scotia,"Management of companies and enterprises [55,551,5511]",2267,C,44.6475,-63.5906
2023-11,Nova Scotia,"Management of companies and enterprises [55,551,5511]",2336,A,44.6475,-63.5906
2023-12,Nova Scotia,"Management of companies and enterprises [55,551,5511]",2326,A,44.6475,-63.5906
2024-01,Nova Scotia,"Management of companies and enterprises [55,551,5511]",2192,A,44.6475,-63.5906
2024-02,Nova Scotia,"Management of companies and enterprises [55,551,5511]",2223,B,44.6475,-63.5906
2018-01,Nova Scotia,"Administrative and support, waste management and remediation services [56]",19595,A,44.6475,-63.5906
2018-02,Nova Scotia,"Administrative and support, waste management and remediation services [56]",19237,A,44.6475,-63.5906
2018-03,Nova Scotia,"Administrative and support, waste management and remediation services [56]",18962,A,44.6475,-63.5906
2018-04,Nova Scotia,"Administrative and support, waste management and remediation services [56]",18825,A,44.6475,-63.5906
2018-05,Nova Scotia,"Administrative and support, waste management and remediation services [56]",19097,A,44.6475,-63.5906
2018-06,Nova Scotia,"Administrative and support, waste management and remediation services [56]",19985,A,44.6475,-63.5906
2018-07,Nova Scotia,"Administrative and support, waste management and remediation services [56]",20403,A,44.6475,-63.5906
2018-08,Nova Scotia,"Administrative and support, waste management and remediation services [56]",20377,A,44.6475,-63.5906
2018-09,Nova Scotia,"Administrative and support, waste management and remediation services [56]",21100,A,44.6475,-63.5906
2018-10,Nova Scotia,"Administrative and support, waste management and remediation services [56]",19433,A,44.6475,-63.5906
2018-11,Nova Scotia,"Administrative and support, waste management and remediation services [56]",19798,A,44.6475,-63.5906
2018-12,Nova Scotia,"Administrative and support, waste management and remediation services [56]",19063,A,44.6475,-63.5906
2019-01,Nova Scotia,"Administrative and support, waste management and remediation services [56]",18656,A,44.6475,-63.5906
2019-02,Nova Scotia,"Administrative and support, waste management and remediation services [56]",18364,A,44.6475,-63.5906
2019-03,Nova Scotia,"Administrative and support, waste management and remediation services [56]",18355,A,44.6475,-63.5906
2019-04,Nova Scotia,"Administrative and support, waste management and remediation services [56]",18255,A,44.6475,-63.5906
2019-05,Nova Scotia,"Administrative and support, waste management and remediation services [56]",18741,A,44.6475,-63.5906
2019-06,Nova Scotia,"Administrative and support, waste management and remediation services [56]",19130,A,44.6475,-63.5906
2019-07,Nova Scotia,"Administrative and support, waste management and remediation services [56]",19637,A,44.6475,-63.5906
2019-08,Nova Scotia,"Administrative and support, waste management and remediation services [56]",19650,A,44.6475,-63.5906
2019-09,Nova Scotia,"Administrative and support, waste management and remediation services [56]",20044,B,44.6475,-63.5906
2019-10,Nova Scotia,"Administrative and support, waste management and remediation services [56]",19689,B,44.6475,-63.5906
2019-11,Nova Scotia,"Administrative and support, waste management and remediation services [56]",19204,B,44.6475,-63.5906
2019-12,Nova Scotia,"Administrative and support, waste management and remediation services [56]",18876,A,44.6475,-63.5906
2020-01,Nova Scotia,"Administrative and support, waste management and remediation services [56]",18580,B,44.6475,-63.5906
2020-02,Nova Scotia,"Administrative and support, waste management and remediation services [56]",18152,B,44.6475,-63.5906
2020-03,Nova Scotia,"Administrative and support, waste management and remediation services [56]",17157,B,44.6475,-63.5906
2020-04,Nova Scotia,"Administrative and support, waste management and remediation services [56]",16038,B,44.6475,-63.5906
2020-05,Nova Scotia,"Administrative and support, waste management and remediation services [56]",15613,B,44.6475,-63.5906
2020-06,Nova Scotia,"Administrative and support, waste management and remediation services [56]",16373,B,44.6475,-63.5906
2020-07,Nova Scotia,"Administrative and support, waste management and remediation services [56]",17294,B,44.6475,-63.5906
2020-08,Nova Scotia,"Administrative and support, waste management and remediation services [56]",17652,B,44.6475,-63.5906
2020-09,Nova Scotia,"Administrative and support, waste management and remediation services [56]",18042,A,44.6475,-63.5906
2020-10,Nova Scotia,"Administrative and support, waste management and remediation services [56]",17984,B,44.6475,-63.5906
2020-11,Nova Scotia,"Administrative and support, waste management and remediation services [56]",17895,B,44.6475,-63.5906
2020-12,Nova Scotia,"Administrative and support, waste management and remediation services [56]",17399,B,44.6475,-63.5906
2021-01,Nova Scotia,"Administrative and support, waste management and remediation services [56]",17204,B,44.6475,-63.5906
2021-02,Nova Scotia,"Administrative and support, waste management and remediation services [56]",16718,B,44.6475,-63.5906
2021-03,Nova Scotia,"Administrative and support, waste management and remediation services [56]",16567,B,44.6475,-63.5906
2021-04,Nova Scotia,"Administrative and support, waste management and remediation services [56]",17431,B,44.6475,-63.5906
2021-05,Nova Scotia,"Administrative and support, waste management and remediation services [56]",17734,B,44.6475,-63.5906
2021-06,Nova Scotia,"Administrative and support, waste management and remediation services [56]",18294,B,44.6475,-63.5906
2021-07,Nova Scotia,"Administrative and support, waste management and remediation services [56]",18402,B,44.6475,-63.5906
2021-08,Nova Scotia,"Administrative and support, waste management and remediation services [56]",18300,B,44.6475,-63.5906
2021-09,Nova Scotia,"Administrative and support, waste management and remediation services [56]",18236,B,44.6475,-63.5906
2021-10,Nova Scotia,"Administrative and support, waste management and remediation services [56]",18467,B,44.6475,-63.5906
2021-11,Nova Scotia,"Administrative and support, waste management and remediation services [56]",18114,B,44.6475,-63.5906
2021-12,Nova Scotia,"Administrative and support, waste management and remediation services [56]",18103,A,44.6475,-63.5906
2022-01,Nova Scotia,"Administrative and support, waste management and remediation services [56]",16930,B,44.6475,-63.5906
2022-02,Nova Scotia,"Administrative and support, waste management and remediation services [56]",16481,B,44.6475,-63.5906
2022-03,Nova Scotia,"Administrative and support, waste management and remediation services [56]",16758,A,44.6475,-63.5906
2022-04,Nova Scotia,"Administrative and support, waste management and remediation services [56]",17593,B,44.6475,-63.5906
2022-05,Nova Scotia,"Administrative and support, waste management and remediation services [56]",18282,A,44.6475,-63.5906
2022-06,Nova Scotia,"Administrative and support, waste management and remediation services [56]",18483,B,44.6475,-63.5906
2022-07,Nova Scotia,"Administrative and support, waste management and remediation services [56]",18497,B,44.6475,-63.5906
2022-08,Nova Scotia,"Administrative and support, waste management and remediation services [56]",18494,B,44.6475,-63.5906
2022-09,Nova Scotia,"Administrative and support, waste management and remediation services [56]",18745,B,44.6475,-63.5906
2022-10,Nova Scotia,"Administrative and support, waste management and remediation services [56]",18492,B,44.6475,-63.5906
2022-11,Nova Scotia,"Administrative and support, waste management and remediation services [56]",18850,B,44.6475,-63.5906
2022-12,Nova Scotia,"Administrative and support, waste management and remediation services [56]",18839,B,44.6475,-63.5906
2023-01,Nova Scotia,"Administrative and support, waste management and remediation services [56]",17378,B,44.6475,-63.5906
2023-02,Nova Scotia,"Administrative and support, waste management and remediation services [56]",17320,A,44.6475,-63.5906
2023-03,Nova Scotia,"Administrative and support, waste management and remediation services [56]",17381,B,44.6475,-63.5906
2023-04,Nova Scotia,"Administrative and support, waste management and remediation services [56]",17775,A,44.6475,-63.5906
2023-05,Nova Scotia,"Administrative and support, waste management and remediation services [56]",18671,B,44.6475,-63.5906
2023-06,Nova Scotia,"Administrative and support, waste management and remediation services [56]",19260,B,44.6475,-63.5906
2023-07,Nova Scotia,"Administrative and support, waste management and remediation services [56]",19210,A,44.6475,-63.5906
2023-08,Nova Scotia,"Administrative and support, waste management and remediation services [56]",19255,B,44.6475,-63.5906
2023-09,Nova Scotia,"Administrative and support, waste management and remediation services [56]",19189,B,44.6475,-63.5906
2023-10,Nova Scotia,"Administrative and support, waste management and remediation services [56]",19020,B,44.6475,-63.5906
2023-11,Nova Scotia,"Administrative and support, waste management and remediation services [56]",18692,B,44.6475,-63.5906
2023-12,Nova Scotia,"Administrative and support, waste management and remediation services [56]",18066,B,44.6475,-63.5906
2024-01,Nova Scotia,"Administrative and support, waste management and remediation services [56]",16959,B,44.6475,-63.5906
2024-02,Nova Scotia,"Administrative and support, waste management and remediation services [56]",16850,B,44.6475,-63.5906
2018-01,Nova Scotia,"Educational services [61,611]",41613,A,44.6475,-63.5906
2018-02,Nova Scotia,"Educational services [61,611]",41786,A,44.6475,-63.5906
2018-03,Nova Scotia,"Educational services [61,611]",42208,A,44.6475,-63.5906
2018-04,Nova Scotia,"Educational services [61,611]",41423,A,44.6475,-63.5906
2018-05,Nova Scotia,"Educational services [61,611]",40758,A,44.6475,-63.5906
2018-06,Nova Scotia,"Educational services [61,611]",40770,A,44.6475,-63.5906
2018-07,Nova Scotia,"Educational services [61,611]",35252,A,44.6475,-63.5906
2018-08,Nova Scotia,"Educational services [61,611]",32107,A,44.6475,-63.5906
2018-09,Nova Scotia,"Educational services [61,611]",38199,A,44.6475,-63.5906
2018-10,Nova Scotia,"Educational services [61,611]",41488,A,44.6475,-63.5906
2018-11,Nova Scotia,"Educational services [61,611]",42545,A,44.6475,-63.5906
2018-12,Nova Scotia,"Educational services [61,611]",42628,A,44.6475,-63.5906
2019-01,Nova Scotia,"Educational services [61,611]",42679,A,44.6475,-63.5906
2019-02,Nova Scotia,"Educational services [61,611]",42925,A,44.6475,-63.5906
2019-03,Nova Scotia,"Educational services [61,611]",43116,A,44.6475,-63.5906
2019-04,Nova Scotia,"Educational services [61,611]",42772,A,44.6475,-63.5906
2019-05,Nova Scotia,"Educational services [61,611]",42193,A,44.6475,-63.5906
2019-06,Nova Scotia,"Educational services [61,611]",41709,A,44.6475,-63.5906
2019-07,Nova Scotia,"Educational services [61,611]",36792,A,44.6475,-63.5906
2019-08,Nova Scotia,"Educational services [61,611]",33126,A,44.6475,-63.5906
2019-09,Nova Scotia,"Educational services [61,611]",38954,A,44.6475,-63.5906
2019-10,Nova Scotia,"Educational services [61,611]",43720,B,44.6475,-63.5906
2019-11,Nova Scotia,"Educational services [61,611]",45147,A,44.6475,-63.5906
2019-12,Nova Scotia,"Educational services [61,611]",45043,A,44.6475,-63.5906
2020-01,Nova Scotia,"Educational services [61,611]",43380,A,44.6475,-63.5906
2020-02,Nova Scotia,"Educational services [61,611]",44135,B,44.6475,-63.5906
2020-03,Nova Scotia,"Educational services [61,611]",44232,A,44.6475,-63.5906
2020-04,Nova Scotia,"Educational services [61,611]",39538,A,44.6475,-63.5906
2020-05,Nova Scotia,"Educational services [61,611]",37704,B,44.6475,-63.5906
2020-06,Nova Scotia,"Educational services [61,611]",36806,A,44.6475,-63.5906
2020-07,Nova Scotia,"Educational services [61,611]",34135,A,44.6475,-63.5906
2020-08,Nova Scotia,"Educational services [61,611]",32186,A,44.6475,-63.5906
2020-09,Nova Scotia,"Educational services [61,611]",39753,A,44.6475,-63.5906
2020-10,Nova Scotia,"Educational services [61,611]",43253,A,44.6475,-63.5906
2020-11,Nova Scotia,"Educational services [61,611]",44358,A,44.6475,-63.5906
2020-12,Nova Scotia,"Educational services [61,611]",44496,A,44.6475,-63.5906
2021-01,Nova Scotia,"Educational services [61,611]",44837,A,44.6475,-63.5906
2021-02,Nova Scotia,"Educational services [61,611]",44791,A,44.6475,-63.5906
2021-03,Nova Scotia,"Educational services [61,611]",45452,A,44.6475,-63.5906
2021-04,Nova Scotia,"Educational services [61,611]",44440,A,44.6475,-63.5906
2021-05,Nova Scotia,"Educational services [61,611]",42595,A,44.6475,-63.5906
2021-06,Nova Scotia,"Educational services [61,611]",42293,A,44.6475,-63.5906
2021-07,Nova Scotia,"Educational services [61,611]",38950,B,44.6475,-63.5906
2021-08,Nova Scotia,"Educational services [61,611]",33764,B,44.6475,-63.5906
2021-09,Nova Scotia,"Educational services [61,611]",40518,A,44.6475,-63.5906
2021-10,Nova Scotia,"Educational services [61,611]",45041,A,44.6475,-63.5906
2021-11,Nova Scotia,"Educational services [61,611]",46134,A,44.6475,-63.5906
2021-12,Nova Scotia,"Educational services [61,611]",46054,A,44.6475,-63.5906
2022-01,Nova Scotia,"Educational services [61,611]",42347,B,44.6475,-63.5906
2022-02,Nova Scotia,"Educational services [61,611]",45278,B,44.6475,-63.5906
2022-03,Nova Scotia,"Educational services [61,611]",46037,B,44.6475,-63.5906
2022-04,Nova Scotia,"Educational services [61,611]",46097,B,44.6475,-63.5906
2022-05,Nova Scotia,"Educational services [61,611]",45313,A,44.6475,-63.5906
2022-06,Nova Scotia,"Educational services [61,611]",44668,C,44.6475,-63.5906
2022-07,Nova Scotia,"Educational services [61,611]",37919,C,44.6475,-63.5906
2022-08,Nova Scotia,"Educational services [61,611]",33895,B,44.6475,-63.5906
2022-09,Nova Scotia,"Educational services [61,611]",42244,A,44.6475,-63.5906
2022-10,Nova Scotia,"Educational services [61,611]",45489,B,44.6475,-63.5906
2022-11,Nova Scotia,"Educational services [61,611]",46993,A,44.6475,-63.5906
2022-12,Nova Scotia,"Educational services [61,611]",47663,A,44.6475,-63.5906
2023-01,Nova Scotia,"Educational services [61,611]",46353,A,44.6475,-63.5906
2023-02,Nova Scotia,"Educational services [61,611]",47407,A,44.6475,-63.5906
2023-03,Nova Scotia,"Educational services [61,611]",47023,A,44.6475,-63.5906
2023-04,Nova Scotia,"Educational services [61,611]",46761,A,44.6475,-63.5906
2023-05,Nova Scotia,"Educational services [61,611]",45964,B,44.6475,-63.5906
2023-06,Nova Scotia,"Educational services [61,611]",44736,A,44.6475,-63.5906
2023-07,Nova Scotia,"Educational services [61,611]",39915,A,44.6475,-63.5906
2023-08,Nova Scotia,"Educational services [61,611]",35756,A,44.6475,-63.5906
2023-09,Nova Scotia,"Educational services [61,611]",42041,A,44.6475,-63.5906
2023-10,Nova Scotia,"Educational services [61,611]",49540,A,44.6475,-63.5906
2023-11,Nova Scotia,"Educational services [61,611]",48276,A,44.6475,-63.5906
2023-12,Nova Scotia,"Educational services [61,611]",47533,A,44.6475,-63.5906
2024-01,Nova Scotia,"Educational services [61,611]",46924,A,44.6475,-63.5906
2024-02,Nova Scotia,"Educational services [61,611]",47531,A,44.6475,-63.5906
2018-01,Nova Scotia,Health care and social assistance [62],65009,A,44.6475,-63.5906
2018-02,Nova Scotia,Health care and social assistance [62],65164,A,44.6475,-63.5906
2018-03,Nova Scotia,Health care and social assistance [62],65337,A,44.6475,-63.5906
2018-04,Nova Scotia,Health care and social assistance [62],65251,A,44.6475,-63.5906
2018-05,Nova Scotia,Health care and social assistance [62],65895,A,44.6475,-63.5906
2018-06,Nova Scotia,Health care and social assistance [62],67133,A,44.6475,-63.5906
2018-07,Nova Scotia,Health care and social assistance [62],66976,A,44.6475,-63.5906
2018-08,Nova Scotia,Health care and social assistance [62],68118,A,44.6475,-63.5906
2018-09,Nova Scotia,Health care and social assistance [62],67658,A,44.6475,-63.5906
2018-10,Nova Scotia,Health care and social assistance [62],67315,A,44.6475,-63.5906
2018-11,Nova Scotia,Health care and social assistance [62],67758,A,44.6475,-63.5906
2018-12,Nova Scotia,Health care and social assistance [62],68151,A,44.6475,-63.5906
2019-01,Nova Scotia,Health care and social assistance [62],67977,A,44.6475,-63.5906
2019-02,Nova Scotia,Health care and social assistance [62],67192,A,44.6475,-63.5906
2019-03,Nova Scotia,Health care and social assistance [62],67982,A,44.6475,-63.5906
2019-04,Nova Scotia,Health care and social assistance [62],68546,A,44.6475,-63.5906
2019-05,Nova Scotia,Health care and social assistance [62],68370,A,44.6475,-63.5906
2019-06,Nova Scotia,Health care and social assistance [62],68860,A,44.6475,-63.5906
2019-07,Nova Scotia,Health care and social assistance [62],69556,A,44.6475,-63.5906
2019-08,Nova Scotia,Health care and social assistance [62],69656,A,44.6475,-63.5906
2019-09,Nova Scotia,Health care and social assistance [62],69489,A,44.6475,-63.5906
2019-10,Nova Scotia,Health care and social assistance [62],70140,A,44.6475,-63.5906
2019-11,Nova Scotia,Health care and social assistance [62],69627,A,44.6475,-63.5906
2019-12,Nova Scotia,Health care and social assistance [62],69769,A,44.6475,-63.5906
2020-01,Nova Scotia,Health care and social assistance [62],68633,A,44.6475,-63.5906
2020-02,Nova Scotia,Health care and social assistance [62],68327,B,44.6475,-63.5906
2020-03,Nova Scotia,Health care and social assistance [62],67244,B,44.6475,-63.5906
2020-04,Nova Scotia,Health care and social assistance [62],63250,B,44.6475,-63.5906
2020-05,Nova Scotia,Health care and social assistance [62],62235,B,44.6475,-63.5906
2020-06,Nova Scotia,Health care and social assistance [62],64760,A,44.6475,-63.5906
2020-07,Nova Scotia,Health care and social assistance [62],66873,A,44.6475,-63.5906
2020-08,Nova Scotia,Health care and social assistance [62],66104,A,44.6475,-63.5906
2020-09,Nova Scotia,Health care and social assistance [62],66906,A,44.6475,-63.5906
2020-10,Nova Scotia,Health care and social assistance [62],68080,A,44.6475,-63.5906
2020-11,Nova Scotia,Health care and social assistance [62],67858,A,44.6475,-63.5906
2020-12,Nova Scotia,Health care and social assistance [62],68558,A,44.6475,-63.5906
2021-01,Nova Scotia,Health care and social assistance [62],68182,A,44.6475,-63.5906
2021-02,Nova Scotia,Health care and social assistance [62],68628,A,44.6475,-63.5906
2021-03,Nova Scotia,Health care and social assistance [62],68973,A,44.6475,-63.5906
2021-04,Nova Scotia,Health care and social assistance [62],69642,A,44.6475,-63.5906
2021-05,Nova Scotia,Health care and social assistance [62],68851,A,44.6475,-63.5906
2021-06,Nova Scotia,Health care and social assistance [62],69888,A,44.6475,-63.5906
2021-07,Nova Scotia,Health care and social assistance [62],70873,A,44.6475,-63.5906
2021-08,Nova Scotia,Health care and social assistance [62],70385,A,44.6475,-63.5906
2021-09,Nova Scotia,Health care and social assistance [62],69880,A,44.6475,-63.5906
2021-10,Nova Scotia,Health care and social assistance [62],69807,A,44.6475,-63.5906
2021-11,Nova Scotia,Health care and social assistance [62],70045,A,44.6475,-63.5906
2021-12,Nova Scotia,Health care and social assistance [62],70306,B,44.6475,-63.5906
2022-01,Nova Scotia,Health care and social assistance [62],69733,B,44.6475,-63.5906
2022-02,Nova Scotia,Health care and social assistance [62],69734,B,44.6475,-63.5906
2022-03,Nova Scotia,Health care and social assistance [62],70331,B,44.6475,-63.5906
2022-04,Nova Scotia,Health care and social assistance [62],70923,B,44.6475,-63.5906
2022-05,Nova Scotia,Health care and social assistance [62],71016,B,44.6475,-63.5906
2022-06,Nova Scotia,Health care and social assistance [62],70844,B,44.6475,-63.5906
2022-07,Nova Scotia,Health care and social assistance [62],70119,B,44.6475,-63.5906
2022-08,Nova Scotia,Health care and social assistance [62],70166,B,44.6475,-63.5906
2022-09,Nova Scotia,Health care and social assistance [62],70166,A,44.6475,-63.5906
2022-10,Nova Scotia,Health care and social assistance [62],69855,A,44.6475,-63.5906
2022-11,Nova Scotia,Health care and social assistance [62],70342,B,44.6475,-63.5906
2022-12,Nova Scotia,Health care and social assistance [62],71491,B,44.6475,-63.5906
2023-01,Nova Scotia,Health care and social assistance [62],70837,A,44.6475,-63.5906
2023-02,Nova Scotia,Health care and social assistance [62],70569,A,44.6475,-63.5906
2023-03,Nova Scotia,Health care and social assistance [62],71048,A,44.6475,-63.5906
2023-04,Nova Scotia,Health care and social assistance [62],70884,A,44.6475,-63.5906
2023-05,Nova Scotia,Health care and social assistance [62],72920,A,44.6475,-63.5906
2023-06,Nova Scotia,Health care and social assistance [62],73744,B,44.6475,-63.5906
2023-07,Nova Scotia,Health care and social assistance [62],74230,A,44.6475,-63.5906
2023-08,Nova Scotia,Health care and social assistance [62],74253,B,44.6475,-63.5906
2023-09,Nova Scotia,Health care and social assistance [62],75397,B,44.6475,-63.5906
2023-10,Nova Scotia,Health care and social assistance [62],75641,B,44.6475,-63.5906
2023-11,Nova Scotia,Health care and social assistance [62],74463,B,44.6475,-63.5906
2023-12,Nova Scotia,Health care and social assistance [62],75294,B,44.6475,-63.5906
2024-01,Nova Scotia,Health care and social assistance [62],75087,B,44.6475,-63.5906
2024-02,Nova Scotia,Health care and social assistance [62],74699,B,44.6475,-63.5906
2018-01,Nova Scotia,"Arts, entertainment and recreation [71]",4174,A,44.6475,-63.5906
2018-02,Nova Scotia,"Arts, entertainment and recreation [71]",4209,A,44.6475,-63.5906
2018-03,Nova Scotia,"Arts, entertainment and recreation [71]",4353,A,44.6475,-63.5906
2018-04,Nova Scotia,"Arts, entertainment and recreation [71]",4151,A,44.6475,-63.5906
2018-05,Nova Scotia,"Arts, entertainment and recreation [71]",5352,A,44.6475,-63.5906
2018-06,Nova Scotia,"Arts, entertainment and recreation [71]",6030,A,44.6475,-63.5906
2018-07,Nova Scotia,"Arts, entertainment and recreation [71]",6558,A,44.6475,-63.5906
2018-08,Nova Scotia,"Arts, entertainment and recreation [71]",6459,A,44.6475,-63.5906
2018-09,Nova Scotia,"Arts, entertainment and recreation [71]",5968,A,44.6475,-63.5906
2018-10,Nova Scotia,"Arts, entertainment and recreation [71]",5241,A,44.6475,-63.5906
2018-11,Nova Scotia,"Arts, entertainment and recreation [71]",4690,A,44.6475,-63.5906
2018-12,Nova Scotia,"Arts, entertainment and recreation [71]",4399,A,44.6475,-63.5906
2019-01,Nova Scotia,"Arts, entertainment and recreation [71]",4533,A,44.6475,-63.5906
2019-02,Nova Scotia,"Arts, entertainment and recreation [71]",4504,A,44.6475,-63.5906
2019-03,Nova Scotia,"Arts, entertainment and recreation [71]",4644,A,44.6475,-63.5906
2019-04,Nova Scotia,"Arts, entertainment and recreation [71]",4661,A,44.6475,-63.5906
2019-05,Nova Scotia,"Arts, entertainment and recreation [71]",5578,A,44.6475,-63.5906
2019-06,Nova Scotia,"Arts, entertainment and recreation [71]",6223,A,44.6475,-63.5906
2019-07,Nova Scotia,"Arts, entertainment and recreation [71]",6723,A,44.6475,-63.5906
2019-08,Nova Scotia,"Arts, entertainment and recreation [71]",6553,A,44.6475,-63.5906
2019-09,Nova Scotia,"Arts, entertainment and recreation [71]",6082,B,44.6475,-63.5906
2019-10,Nova Scotia,"Arts, entertainment and recreation [71]",5316,B,44.6475,-63.5906
2019-11,Nova Scotia,"Arts, entertainment and recreation [71]",4643,C,44.6475,-63.5906
2019-12,Nova Scotia,"Arts, entertainment and recreation [71]",4266,A,44.6475,-63.5906
2020-01,Nova Scotia,"Arts, entertainment and recreation [71]",4251,B,44.6475,-63.5906
2020-02,Nova Scotia,"Arts, entertainment and recreation [71]",4345,B,44.6475,-63.5906
2020-03,Nova Scotia,"Arts, entertainment and recreation [71]",3940,B,44.6475,-63.5906
2020-04,Nova Scotia,"Arts, entertainment and recreation [71]",2563,B,44.6475,-63.5906
2020-05,Nova Scotia,"Arts, entertainment and recreation [71]",2538,B,44.6475,-63.5906
2020-06,Nova Scotia,"Arts, entertainment and recreation [71]",3578,B,44.6475,-63.5906
2020-07,Nova Scotia,"Arts, entertainment and recreation [71]",4656,B,44.6475,-63.5906
2020-08,Nova Scotia,"Arts, entertainment and recreation [71]",4959,B,44.6475,-63.5906
2020-09,Nova Scotia,"Arts, entertainment and recreation [71]",4874,B,44.6475,-63.5906
2020-10,Nova Scotia,"Arts, entertainment and recreation [71]",4520,B,44.6475,-63.5906
2020-11,Nova Scotia,"Arts, entertainment and recreation [71]",3952,B,44.6475,-63.5906
2020-12,Nova Scotia,"Arts, entertainment and recreation [71]",3428,B,44.6475,-63.5906
2021-01,Nova Scotia,"Arts, entertainment and recreation [71]",3401,B,44.6475,-63.5906
2021-02,Nova Scotia,"Arts, entertainment and recreation [71]",3625,B,44.6475,-63.5906
2021-03,Nova Scotia,"Arts, entertainment and recreation [71]",3874,B,44.6475,-63.5906
2021-04,Nova Scotia,"Arts, entertainment and recreation [71]",3990,B,44.6475,-63.5906
2021-05,Nova Scotia,"Arts, entertainment and recreation [71]",3774,B,44.6475,-63.5906
2021-06,Nova Scotia,"Arts, entertainment and recreation [71]",4525,B,44.6475,-63.5906
2021-07,Nova Scotia,"Arts, entertainment and recreation [71]",5847,B,44.6475,-63.5906
2021-08,Nova Scotia,"Arts, entertainment and recreation [71]",6000,B,44.6475,-63.5906
2021-09,Nova Scotia,"Arts, entertainment and recreation [71]",5707,B,44.6475,-63.5906
2021-10,Nova Scotia,"Arts, entertainment and recreation [71]",4990,B,44.6475,-63.5906
2021-11,Nova Scotia,"Arts, entertainment and recreation [71]",4435,A,44.6475,-63.5906
2021-12,Nova Scotia,"Arts, entertainment and recreation [71]",3841,A,44.6475,-63.5906
2022-01,Nova Scotia,"Arts, entertainment and recreation [71]",3851,A,44.6475,-63.5906
2022-02,Nova Scotia,"Arts, entertainment and recreation [71]",4106,A,44.6475,-63.5906
2022-03,Nova Scotia,"Arts, entertainment and recreation [71]",4250,B,44.6475,-63.5906
2022-04,Nova Scotia,"Arts, entertainment and recreation [71]",4547,A,44.6475,-63.5906
2022-05,Nova Scotia,"Arts, entertainment and recreation [71]",5127,B,44.6475,-63.5906
2022-06,Nova Scotia,"Arts, entertainment and recreation [71]",5739,C,44.6475,-63.5906
2022-07,Nova Scotia,"Arts, entertainment and recreation [71]",6405,B,44.6475,-63.5906
2022-08,Nova Scotia,"Arts, entertainment and recreation [71]",6426,B,44.6475,-63.5906
2022-09,Nova Scotia,"Arts, entertainment and recreation [71]",6270,A,44.6475,-63.5906
2022-10,Nova Scotia,"Arts, entertainment and recreation [71]",5452,B,44.6475,-63.5906
2022-11,Nova Scotia,"Arts, entertainment and recreation [71]",4960,B,44.6475,-63.5906
2022-12,Nova Scotia,"Arts, entertainment and recreation [71]",4396,B,44.6475,-63.5906
2023-01,Nova Scotia,"Arts, entertainment and recreation [71]",4154,B,44.6475,-63.5906
2023-02,Nova Scotia,"Arts, entertainment and recreation [71]",4574,B,44.6475,-63.5906
2023-03,Nova Scotia,"Arts, entertainment and recreation [71]",4641,B,44.6475,-63.5906
2023-04,Nova Scotia,"Arts, entertainment and recreation [71]",4788,B,44.6475,-63.5906
2023-05,Nova Scotia,"Arts, entertainment and recreation [71]",5775,B,44.6475,-63.5906
2023-06,Nova Scotia,"Arts, entertainment and recreation [71]",6281,B,44.6475,-63.5906
2023-07,Nova Scotia,"Arts, entertainment and recreation [71]",6890,B,44.6475,-63.5906
2023-08,Nova Scotia,"Arts, entertainment and recreation [71]",6825,B,44.6475,-63.5906
2023-09,Nova Scotia,"Arts, entertainment and recreation [71]",6555,B,44.6475,-63.5906
2023-10,Nova Scotia,"Arts, entertainment and recreation [71]",5790,B,44.6475,-63.5906
2023-11,Nova Scotia,"Arts, entertainment and recreation [71]",5226,B,44.6475,-63.5906
2023-12,Nova Scotia,"Arts, entertainment and recreation [71]",4774,B,44.6475,-63.5906
2024-01,Nova Scotia,"Arts, entertainment and recreation [71]",4665,B,44.6475,-63.5906
2024-02,Nova Scotia,"Arts, entertainment and recreation [71]",4733,A,44.6475,-63.5906
2018-01,Nova Scotia,Accommodation and food services [72],29788,A,44.6475,-63.5906
2018-02,Nova Scotia,Accommodation and food services [72],29035,A,44.6475,-63.5906
2018-03,Nova Scotia,Accommodation and food services [72],29164,A,44.6475,-63.5906
2018-04,Nova Scotia,Accommodation and food services [72],29949,A,44.6475,-63.5906
2018-05,Nova Scotia,Accommodation and food services [72],32244,A,44.6475,-63.5906
2018-06,Nova Scotia,Accommodation and food services [72],34120,A,44.6475,-63.5906
2018-07,Nova Scotia,Accommodation and food services [72],33607,A,44.6475,-63.5906
2018-08,Nova Scotia,Accommodation and food services [72],34584,A,44.6475,-63.5906
2018-09,Nova Scotia,Accommodation and food services [72],34072,A,44.6475,-63.5906
2018-10,Nova Scotia,Accommodation and food services [72],32838,A,44.6475,-63.5906
2018-11,Nova Scotia,Accommodation and food services [72],31375,A,44.6475,-63.5906
2018-12,Nova Scotia,Accommodation and food services [72],30741,A,44.6475,-63.5906
2019-01,Nova Scotia,Accommodation and food services [72],29791,A,44.6475,-63.5906
2019-02,Nova Scotia,Accommodation and food services [72],29947,A,44.6475,-63.5906
2019-03,Nova Scotia,Accommodation and food services [72],30098,A,44.6475,-63.5906
2019-04,Nova Scotia,Accommodation and food services [72],30554,A,44.6475,-63.5906
2019-05,Nova Scotia,Accommodation and food services [72],33206,A,44.6475,-63.5906
2019-06,Nova Scotia,Accommodation and food services [72],34490,A,44.6475,-63.5906
2019-07,Nova Scotia,Accommodation and food services [72],35424,A,44.6475,-63.5906
2019-08,Nova Scotia,Accommodation and food services [72],36002,A,44.6475,-63.5906
2019-09,Nova Scotia,Accommodation and food services [72],35456,B,44.6475,-63.5906
2019-10,Nova Scotia,Accommodation and food services [72],34395,B,44.6475,-63.5906
2019-11,Nova Scotia,Accommodation and food services [72],32708,B,44.6475,-63.5906
2019-12,Nova Scotia,Accommodation and food services [72],31974,B,44.6475,-63.5906
2020-01,Nova Scotia,Accommodation and food services [72],30970,B,44.6475,-63.5906
2020-02,Nova Scotia,Accommodation and food services [72],30396,B,44.6475,-63.5906
2020-03,Nova Scotia,Accommodation and food services [72],25800,B,44.6475,-63.5906
2020-04,Nova Scotia,Accommodation and food services [72],15684,B,44.6475,-63.5906
2020-05,Nova Scotia,Accommodation and food services [72],14171,B,44.6475,-63.5906
2020-06,Nova Scotia,Accommodation and food services [72],21524,B,44.6475,-63.5906
2020-07,Nova Scotia,Accommodation and food services [72],25738,B,44.6475,-63.5906
2020-08,Nova Scotia,Accommodation and food services [72],27190,B,44.6475,-63.5906
2020-09,Nova Scotia,Accommodation and food services [72],27738,B,44.6475,-63.5906
2020-10,Nova Scotia,Accommodation and food services [72],27632,B,44.6475,-63.5906
2020-11,Nova Scotia,Accommodation and food services [72],26450,B,44.6475,-63.5906
2020-12,Nova Scotia,Accommodation and food services [72],24133,A,44.6475,-63.5906
2021-01,Nova Scotia,Accommodation and food services [72],23792,B,44.6475,-63.5906
2021-02,Nova Scotia,Accommodation and food services [72],24421,A,44.6475,-63.5906
2021-03,Nova Scotia,Accommodation and food services [72],24826,A,44.6475,-63.5906
2021-04,Nova Scotia,Accommodation and food services [72],25374,B,44.6475,-63.5906
2021-05,Nova Scotia,Accommodation and food services [72],22827,A,44.6475,-63.5906
2021-06,Nova Scotia,Accommodation and food services [72],25372,B,44.6475,-63.5906
2021-07,Nova Scotia,Accommodation and food services [72],29398,B,44.6475,-63.5906
2021-08,Nova Scotia,Accommodation and food services [72],31086,B,44.6475,-63.5906
2021-09,Nova Scotia,Accommodation and food services [72],31719,B,44.6475,-63.5906
2021-10,Nova Scotia,Accommodation and food services [72],31171,B,44.6475,-63.5906
2021-11,Nova Scotia,Accommodation and food services [72],29592,B,44.6475,-63.5906
2021-12,Nova Scotia,Accommodation and food services [72],29702,B,44.6475,-63.5906
2022-01,Nova Scotia,Accommodation and food services [72],27289,B,44.6475,-63.5906
2022-02,Nova Scotia,Accommodation and food services [72],27390,B,44.6475,-63.5906
2022-03,Nova Scotia,Accommodation and food services [72],28818,B,44.6475,-63.5906
2022-04,Nova Scotia,Accommodation and food services [72],30417,B,44.6475,-63.5906
2022-05,Nova Scotia,Accommodation and food services [72],32717,B,44.6475,-63.5906
2022-06,Nova Scotia,Accommodation and food services [72],35028,C,44.6475,-63.5906
2022-07,Nova Scotia,Accommodation and food services [72],36110,C,44.6475,-63.5906
2022-08,Nova Scotia,Accommodation and food services [72],36306,B,44.6475,-63.5906
2022-09,Nova Scotia,Accommodation and food services [72],35998,B,44.6475,-63.5906
2022-10,Nova Scotia,Accommodation and food services [72],34863,B,44.6475,-63.5906
2022-11,Nova Scotia,Accommodation and food services [72],33380,B,44.6475,-63.5906
2022-12,Nova Scotia,Accommodation and food services [72],32473,B,44.6475,-63.5906
2023-01,Nova Scotia,Accommodation and food services [72],31049,B,44.6475,-63.5906
2023-02,Nova Scotia,Accommodation and food services [72],31027,B,44.6475,-63.5906
2023-03,Nova Scotia,Accommodation and food services [72],31390,B,44.6475,-63.5906
2023-04,Nova Scotia,Accommodation and food services [72],31970,B,44.6475,-63.5906
2023-05,Nova Scotia,Accommodation and food services [72],34193,B,44.6475,-63.5906
2023-06,Nova Scotia,Accommodation and food services [72],36061,B,44.6475,-63.5906
2023-07,Nova Scotia,Accommodation and food services [72],36596,B,44.6475,-63.5906
2023-08,Nova Scotia,Accommodation and food services [72],36589,B,44.6475,-63.5906
2023-09,Nova Scotia,Accommodation and food services [72],36423,B,44.6475,-63.5906
2023-10,Nova Scotia,Accommodation and food services [72],34958,B,44.6475,-63.5906
2023-11,Nova Scotia,Accommodation and food services [72],33432,B,44.6475,-63.5906
2023-12,Nova Scotia,Accommodation and food services [72],32648,B,44.6475,-63.5906
2024-01,Nova Scotia,Accommodation and food services [72],31391,B,44.6475,-63.5906
2024-02,Nova Scotia,Accommodation and food services [72],30482,B,44.6475,-63.5906
2018-01,Nova Scotia,Other services (except public administration) [81],11609,A,44.6475,-63.5906
2018-02,Nova Scotia,Other services (except public administration) [81],11719,A,44.6475,-63.5906
2018-03,Nova Scotia,Other services (except public administration) [81],11579,A,44.6475,-63.5906
2018-04,Nova Scotia,Other services (except public administration) [81],11602,A,44.6475,-63.5906
2018-05,Nova Scotia,Other services (except public administration) [81],11987,A,44.6475,-63.5906
2018-06,Nova Scotia,Other services (except public administration) [81],12415,A,44.6475,-63.5906
2018-07,Nova Scotia,Other services (except public administration) [81],12517,A,44.6475,-63.5906
2018-08,Nova Scotia,Other services (except public administration) [81],12751,A,44.6475,-63.5906
2018-09,Nova Scotia,Other services (except public administration) [81],12655,A,44.6475,-63.5906
2018-10,Nova Scotia,Other services (except public administration) [81],12303,A,44.6475,-63.5906
2018-11,Nova Scotia,Other services (except public administration) [81],12638,A,44.6475,-63.5906
2018-12,Nova Scotia,Other services (except public administration) [81],12394,A,44.6475,-63.5906
2019-01,Nova Scotia,Other services (except public administration) [81],12356,A,44.6475,-63.5906
2019-02,Nova Scotia,Other services (except public administration) [81],11875,A,44.6475,-63.5906
2019-03,Nova Scotia,Other services (except public administration) [81],11799,A,44.6475,-63.5906
2019-04,Nova Scotia,Other services (except public administration) [81],11839,A,44.6475,-63.5906
2019-05,Nova Scotia,Other services (except public administration) [81],12292,A,44.6475,-63.5906
2019-06,Nova Scotia,Other services (except public administration) [81],12668,A,44.6475,-63.5906
2019-07,Nova Scotia,Other services (except public administration) [81],12902,A,44.6475,-63.5906
2019-08,Nova Scotia,Other services (except public administration) [81],12925,A,44.6475,-63.5906
2019-09,Nova Scotia,Other services (except public administration) [81],12795,C,44.6475,-63.5906
2019-10,Nova Scotia,Other services (except public administration) [81],12527,B,44.6475,-63.5906
2019-11,Nova Scotia,Other services (except public administration) [81],12614,B,44.6475,-63.5906
2019-12,Nova Scotia,Other services (except public administration) [81],12496,A,44.6475,-63.5906
2020-01,Nova Scotia,Other services (except public administration) [81],12019,A,44.6475,-63.5906
2020-02,Nova Scotia,Other services (except public administration) [81],12187,B,44.6475,-63.5906
2020-03,Nova Scotia,Other services (except public administration) [81],11126,B,44.6475,-63.5906
2020-04,Nova Scotia,Other services (except public administration) [81],9284,B,44.6475,-63.5906
2020-05,Nova Scotia,Other services (except public administration) [81],8468,B,44.6475,-63.5906
2020-06,Nova Scotia,Other services (except public administration) [81],10178,B,44.6475,-63.5906
2020-07,Nova Scotia,Other services (except public administration) [81],11260,B,44.6475,-63.5906
2020-08,Nova Scotia,Other services (except public administration) [81],11417,A,44.6475,-63.5906
2020-09,Nova Scotia,Other services (except public administration) [81],11717,A,44.6475,-63.5906
2020-10,Nova Scotia,Other services (except public administration) [81],11731,B,44.6475,-63.5906
2020-11,Nova Scotia,Other services (except public administration) [81],11739,B,44.6475,-63.5906
2020-12,Nova Scotia,Other services (except public administration) [81],11619,A,44.6475,-63.5906
2021-01,Nova Scotia,Other services (except public administration) [81],11437,A,44.6475,-63.5906
2021-02,Nova Scotia,Other services (except public administration) [81],11331,B,44.6475,-63.5906
2021-03,Nova Scotia,Other services (except public administration) [81],11450,B,44.6475,-63.5906
2021-04,Nova Scotia,Other services (except public administration) [81],11327,B,44.6475,-63.5906
2021-05,Nova Scotia,Other services (except public administration) [81],10447,B,44.6475,-63.5906
2021-06,Nova Scotia,Other services (except public administration) [81],11667,A,44.6475,-63.5906
2021-07,Nova Scotia,Other services (except public administration) [81],12195,A,44.6475,-63.5906
2021-08,Nova Scotia,Other services (except public administration) [81],12155,B,44.6475,-63.5906
2021-09,Nova Scotia,Other services (except public administration) [81],12408,B,44.6475,-63.5906
2021-10,Nova Scotia,Other services (except public administration) [81],12233,A,44.6475,-63.5906
2021-11,Nova Scotia,Other services (except public administration) [81],12354,A,44.6475,-63.5906
2021-12,Nova Scotia,Other services (except public administration) [81],12220,A,44.6475,-63.5906
2022-01,Nova Scotia,Other services (except public administration) [81],11926,B,44.6475,-63.5906
2022-02,Nova Scotia,Other services (except public administration) [81],12029,B,44.6475,-63.5906
2022-03,Nova Scotia,Other services (except public administration) [81],11902,B,44.6475,-63.5906
2022-04,Nova Scotia,Other services (except public administration) [81],12029,B,44.6475,-63.5906
2022-05,Nova Scotia,Other services (except public administration) [81],12394,B,44.6475,-63.5906
2022-06,Nova Scotia,Other services (except public administration) [81],12691,B,44.6475,-63.5906
2022-07,Nova Scotia,Other services (except public administration) [81],13209,B,44.6475,-63.5906
2022-08,Nova Scotia,Other services (except public administration) [81],13074,B,44.6475,-63.5906
2022-09,Nova Scotia,Other services (except public administration) [81],13272,B,44.6475,-63.5906
2022-10,Nova Scotia,Other services (except public administration) [81],12894,B,44.6475,-63.5906
2022-11,Nova Scotia,Other services (except public administration) [81],13068,B,44.6475,-63.5906
2022-12,Nova Scotia,Other services (except public administration) [81],12918,B,44.6475,-63.5906
2023-01,Nova Scotia,Other services (except public administration) [81],12699,B,44.6475,-63.5906
2023-02,Nova Scotia,Other services (except public administration) [81],12960,A,44.6475,-63.5906
2023-03,Nova Scotia,Other services (except public administration) [81],12721,B,44.6475,-63.5906
2023-04,Nova Scotia,Other services (except public administration) [81],12749,B,44.6475,-63.5906
2023-05,Nova Scotia,Other services (except public administration) [81],13143,B,44.6475,-63.5906
2023-06,Nova Scotia,Other services (except public administration) [81],13230,B,44.6475,-63.5906
2023-07,Nova Scotia,Other services (except public administration) [81],13592,B,44.6475,-63.5906
2023-08,Nova Scotia,Other services (except public administration) [81],13575,B,44.6475,-63.5906
2023-09,Nova Scotia,Other services (except public administration) [81],13601,B,44.6475,-63.5906
2023-10,Nova Scotia,Other services (except public administration) [81],13367,B,44.6475,-63.5906
2023-11,Nova Scotia,Other services (except public administration) [81],13549,B,44.6475,-63.5906
2023-12,Nova Scotia,Other services (except public administration) [81],13437,B,44.6475,-63.5906
2024-01,Nova Scotia,Other services (except public administration) [81],13158,A,44.6475,-63.5906
2024-02,Nova Scotia,Other services (except public administration) [81],12930,A,44.6475,-63.5906
2018-01,Nova Scotia,Public administration [91],34399,A,44.6475,-63.5906
2018-02,Nova Scotia,Public administration [91],34748,A,44.6475,-63.5906
2018-03,Nova Scotia,Public administration [91],34580,A,44.6475,-63.5906
2018-04,Nova Scotia,Public administration [91],34328,A,44.6475,-63.5906
2018-05,Nova Scotia,Public administration [91],35301,A,44.6475,-63.5906
2018-06,Nova Scotia,Public administration [91],35405,A,44.6475,-63.5906
2018-07,Nova Scotia,Public administration [91],35895,A,44.6475,-63.5906
2018-08,Nova Scotia,Public administration [91],35353,A,44.6475,-63.5906
2018-09,Nova Scotia,Public administration [91],34873,A,44.6475,-63.5906
2018-10,Nova Scotia,Public administration [91],35365,A,44.6475,-63.5906
2018-11,Nova Scotia,Public administration [91],35173,A,44.6475,-63.5906
2018-12,Nova Scotia,Public administration [91],35027,A,44.6475,-63.5906
2019-01,Nova Scotia,Public administration [91],34973,A,44.6475,-63.5906
2019-02,Nova Scotia,Public administration [91],35079,A,44.6475,-63.5906
2019-03,Nova Scotia,Public administration [91],35069,A,44.6475,-63.5906
2019-04,Nova Scotia,Public administration [91],34993,A,44.6475,-63.5906
2019-05,Nova Scotia,Public administration [91],35495,A,44.6475,-63.5906
2019-06,Nova Scotia,Public administration [91],35728,A,44.6475,-63.5906
2019-07,Nova Scotia,Public administration [91],36220,A,44.6475,-63.5906
2019-08,Nova Scotia,Public administration [91],35622,A,44.6475,-63.5906
2019-09,Nova Scotia,Public administration [91],35226,A,44.6475,-63.5906
2019-10,Nova Scotia,Public administration [91],35292,B,44.6475,-63.5906
2019-11,Nova Scotia,Public administration [91],35740,A,44.6475,-63.5906
2019-12,Nova Scotia,Public administration [91],35242,A,44.6475,-63.5906
2020-01,Nova Scotia,Public administration [91],35067,A,44.6475,-63.5906
2020-02,Nova Scotia,Public administration [91],35193,B,44.6475,-63.5906
2020-03,Nova Scotia,Public administration [91],35186,A,44.6475,-63.5906
2020-04,Nova Scotia,Public administration [91],34425,B,44.6475,-63.5906
2020-05,Nova Scotia,Public administration [91],33893,B,44.6475,-63.5906
2020-06,Nova Scotia,Public administration [91],33583,B,44.6475,-63.5906
2020-07,Nova Scotia,Public administration [91],33344,B,44.6475,-63.5906
2020-08,Nova Scotia,Public administration [91],33967,B,44.6475,-63.5906
2020-09,Nova Scotia,Public administration [91],34313,B,44.6475,-63.5906
2020-10,Nova Scotia,Public administration [91],34521,A,44.6475,-63.5906
2020-11,Nova Scotia,Public administration [91],35166,B,44.6475,-63.5906
2020-12,Nova Scotia,Public administration [91],34677,B,44.6475,-63.5906
2021-01,Nova Scotia,Public administration [91],34570,B,44.6475,-63.5906
2021-02,Nova Scotia,Public administration [91],35248,B,44.6475,-63.5906
2021-03,Nova Scotia,Public administration [91],35462,B,44.6475,-63.5906
2021-04,Nova Scotia,Public administration [91],35662,B,44.6475,-63.5906
2021-05,Nova Scotia,Public administration [91],36328,B,44.6475,-63.5906
2021-06,Nova Scotia,Public administration [91],35974,B,44.6475,-63.5906
2021-07,Nova Scotia,Public administration [91],36818,B,44.6475,-63.5906
2021-08,Nova Scotia,Public administration [91],36105,A,44.6475,-63.5906
2021-09,Nova Scotia,Public administration [91],35781,A,44.6475,-63.5906
2021-10,Nova Scotia,Public administration [91],35936,A,44.6475,-63.5906
2021-11,Nova Scotia,Public administration [91],35899,B,44.6475,-63.5906
2021-12,Nova Scotia,Public administration [91],35866,B,44.6475,-63.5906
2022-01,Nova Scotia,Public administration [91],35271,B,44.6475,-63.5906
2022-02,Nova Scotia,Public administration [91],35894,B,44.6475,-63.5906
2022-03,Nova Scotia,Public administration [91],36337,B,44.6475,-63.5906
2022-04,Nova Scotia,Public administration [91],36213,B,44.6475,-63.5906
2022-05,Nova Scotia,Public administration [91],36781,B,44.6475,-63.5906
2022-06,Nova Scotia,Public administration [91],37186,B,44.6475,-63.5906
2022-07,Nova Scotia,Public administration [91],37437,B,44.6475,-63.5906
2022-08,Nova Scotia,Public administration [91],37185,B,44.6475,-63.5906
2022-09,Nova Scotia,Public administration [91],36750,B,44.6475,-63.5906
2022-10,Nova Scotia,Public administration [91],37385,B,44.6475,-63.5906
2022-11,Nova Scotia,Public administration [91],37458,B,44.6475,-63.5906
2022-12,Nova Scotia,Public administration [91],37172,B,44.6475,-63.5906
2023-01,Nova Scotia,Public administration [91],37132,B,44.6475,-63.5906
2023-02,Nova Scotia,Public administration [91],37570,B,44.6475,-63.5906
2023-03,Nova Scotia,Public administration [91],38122,B,44.6475,-63.5906
2023-04,Nova Scotia,Public administration [91],33634,B,44.6475,-63.5906
2023-05,Nova Scotia,Public administration [91],38322,B,44.6475,-63.5906
2023-06,Nova Scotia,Public administration [91],39042,B,44.6475,-63.5906
2023-07,Nova Scotia,Public administration [91],39274,B,44.6475,-63.5906
2023-08,Nova Scotia,Public administration [91],39170,B,44.6475,-63.5906
2023-09,Nova Scotia,Public administration [91],38423,B,44.6475,-63.5906
2023-10,Nova Scotia,Public administration [91],38590,B,44.6475,-63.5906
2023-11,Nova Scotia,Public administration [91],38767,B,44.6475,-63.5906
2023-12,Nova Scotia,Public administration [91],38779,B,44.6475,-63.5906
2024-01,Nova Scotia,Public administration [91],38225,B,44.6475,-63.5906
2024-02,Nova Scotia,Public administration [91],38820,C,44.6475,-63.5906
2018-01,Nova Scotia,Unclassified businesses [00],6910,A,44.6475,-63.5906
2018-02,Nova Scotia,Unclassified businesses [00],6943,A,44.6475,-63.5906
2018-03,Nova Scotia,Unclassified businesses [00],6799,A,44.6475,-63.5906
2018-04,Nova Scotia,Unclassified businesses [00],7091,A,44.6475,-63.5906
2018-05,Nova Scotia,Unclassified businesses [00],7319,A,44.6475,-63.5906
2018-06,Nova Scotia,Unclassified businesses [00],7740,A,44.6475,-63.5906
2018-07,Nova Scotia,Unclassified businesses [00],8104,A,44.6475,-63.5906
2018-08,Nova Scotia,Unclassified businesses [00],7836,A,44.6475,-63.5906
2018-09,Nova Scotia,Unclassified businesses [00],7388,A,44.6475,-63.5906
2018-10,Nova Scotia,Unclassified businesses [00],7320,A,44.6475,-63.5906
2018-11,Nova Scotia,Unclassified businesses [00],6687,A,44.6475,-63.5906
2018-12,Nova Scotia,Unclassified businesses [00],6663,A,44.6475,-63.5906
2019-01,Nova Scotia,Unclassified businesses [00],6776,A,44.6475,-63.5906
2019-02,Nova Scotia,Unclassified businesses [00],7172,A,44.6475,-63.5906
2019-03,Nova Scotia,Unclassified businesses [00],7645,A,44.6475,-63.5906
2019-04,Nova Scotia,Unclassified businesses [00],7863,A,44.6475,-63.5906
2019-05,Nova Scotia,Unclassified businesses [00],8088,A,44.6475,-63.5906
2019-06,Nova Scotia,Unclassified businesses [00],8097,A,44.6475,-63.5906
2019-07,Nova Scotia,Unclassified businesses [00],8078,A,44.6475,-63.5906
2019-08,Nova Scotia,Unclassified businesses [00],8334,A,44.6475,-63.5906
2019-09,Nova Scotia,Unclassified businesses [00],6821,B,44.6475,-63.5906
2019-10,Nova Scotia,Unclassified businesses [00],6815,B,44.6475,-63.5906
2019-11,Nova Scotia,Unclassified businesses [00],6542,A,44.6475,-63.5906
2019-12,Nova Scotia,Unclassified businesses [00],6484,A,44.6475,-63.5906
2020-01,Nova Scotia,Unclassified businesses [00],6641,A,44.6475,-63.5906
2020-02,Nova Scotia,Unclassified businesses [00],6346,B,44.6475,-63.5906
2020-03,Nova Scotia,Unclassified businesses [00],6200,B,44.6475,-63.5906
2020-04,Nova Scotia,Unclassified businesses [00],4953,B,44.6475,-63.5906
2020-05,Nova Scotia,Unclassified businesses [00],4763,B,44.6475,-63.5906
2020-06,Nova Scotia,Unclassified businesses [00],5885,B,44.6475,-63.5906
2020-07,Nova Scotia,Unclassified businesses [00],6613,B,44.6475,-63.5906
2020-08,Nova Scotia,Unclassified businesses [00],7085,B,44.6475,-63.5906
2020-09,Nova Scotia,Unclassified businesses [00],6761,A,44.6475,-63.5906
2020-10,Nova Scotia,Unclassified businesses [00],6780,A,44.6475,-63.5906
2020-11,Nova Scotia,Unclassified businesses [00],6116,B,44.6475,-63.5906
2020-12,Nova Scotia,Unclassified businesses [00],6342,A,44.6475,-63.5906
2021-01,Nova Scotia,Unclassified businesses [00],6148,A,44.6475,-63.5906
2021-02,Nova Scotia,Unclassified businesses [00],5889,A,44.6475,-63.5906
2021-03,Nova Scotia,Unclassified businesses [00],6021,A,44.6475,-63.5906
2021-04,Nova Scotia,Unclassified businesses [00],6240,A,44.6475,-63.5906
2021-05,Nova Scotia,Unclassified businesses [00],6389,A,44.6475,-63.5906
2021-06,Nova Scotia,Unclassified businesses [00],6395,B,44.6475,-63.5906
2021-07,Nova Scotia,Unclassified businesses [00],6565,B,44.6475,-63.5906
2021-08,Nova Scotia,Unclassified businesses [00],6727,B,44.6475,-63.5906
2021-09,Nova Scotia,Unclassified businesses [00],6420,B,44.6475,-63.5906
2021-10,Nova Scotia,Unclassified businesses [00],6607,B,44.6475,-63.5906
2021-11,Nova Scotia,Unclassified businesses [00],6715,B,44.6475,-63.5906
2021-12,Nova Scotia,Unclassified businesses [00],6202,B,44.6475,-63.5906
2022-01,Nova Scotia,Unclassified businesses [00],7109,B,44.6475,-63.5906
2022-02,Nova Scotia,Unclassified businesses [00],7289,B,44.6475,-63.5906
2022-03,Nova Scotia,Unclassified businesses [00],7611,B,44.6475,-63.5906
2022-04,Nova Scotia,Unclassified businesses [00],8028,B,44.6475,-63.5906
2022-05,Nova Scotia,Unclassified businesses [00],8765,B,44.6475,-63.5906
2022-06,Nova Scotia,Unclassified businesses [00],9257,B,44.6475,-63.5906
2022-07,Nova Scotia,Unclassified businesses [00],8734,B,44.6475,-63.5906
2022-08,Nova Scotia,Unclassified businesses [00],8747,B,44.6475,-63.5906
2022-09,Nova Scotia,Unclassified businesses [00],8719,B,44.6475,-63.5906
2022-10,Nova Scotia,Unclassified businesses [00],7035,B,44.6475,-63.5906
2022-11,Nova Scotia,Unclassified businesses [00],7205,B,44.6475,-63.5906
2022-12,Nova Scotia,Unclassified businesses [00],7535,B,44.6475,-63.5906
2023-01,Nova Scotia,Unclassified businesses [00],7858,B,44.6475,-63.5906
2023-02,Nova Scotia,Unclassified businesses [00],7542,B,44.6475,-63.5906
2023-03,Nova Scotia,Unclassified businesses [00],7678,B,44.6475,-63.5906
2023-04,Nova Scotia,Unclassified businesses [00],7666,B,44.6475,-63.5906
2023-05,Nova Scotia,Unclassified businesses [00],7677,B,44.6475,-63.5906
2023-06,Nova Scotia,Unclassified businesses [00],7901,B,44.6475,-63.5906
2023-07,Nova Scotia,Unclassified businesses [00],8559,B,44.6475,-63.5906
2023-08,Nova Scotia,Unclassified businesses [00],8569,B,44.6475,-63.5906
2023-09,Nova Scotia,Unclassified businesses [00],8211,B,44.6475,-63.5906
2023-10,Nova Scotia,Unclassified businesses [00],8017,B,44.6475,-63.5906
2023-11,Nova Scotia,Unclassified businesses [00],7684,B,44.6475,-63.5906
2023-12,Nova Scotia,Unclassified businesses [00],7735,B,44.6475,-63.5906
2024-01,Nova Scotia,Unclassified businesses [00],7655,B,44.6475,-63.5906
2024-02,Nova Scotia,Unclassified businesses [00],7575,B,44.6475,-63.5906
2018-01,New Brunswick,Goods producing industries [11-33N],49161,A,46.1328,-64.7714
2018-02,New Brunswick,Goods producing industries [11-33N],47827,A,46.1328,-64.7714
2018-03,New Brunswick,Goods producing industries [11-33N],48699,A,46.1328,-64.7714
2018-04,New Brunswick,Goods producing industries [11-33N],48984,A,46.1328,-64.7714
2018-05,New Brunswick,Goods producing industries [11-33N],56422,A,46.1328,-64.7714
2018-06,New Brunswick,Goods producing industries [11-33N],61571,A,46.1328,-64.7714
2018-07,New Brunswick,Goods producing industries [11-33N],61322,A,46.1328,-64.7714
2018-08,New Brunswick,Goods producing industries [11-33N],62474,A,46.1328,-64.7714
2018-09,New Brunswick,Goods producing industries [11-33N],61804,A,46.1328,-64.7714
2018-10,New Brunswick,Goods producing industries [11-33N],61070,A,46.1328,-64.7714
2018-11,New Brunswick,Goods producing industries [11-33N],58418,A,46.1328,-64.7714
2018-12,New Brunswick,Goods producing industries [11-33N],54273,A,46.1328,-64.7714
2019-01,New Brunswick,Goods producing industries [11-33N],50234,A,46.1328,-64.7714
2019-02,New Brunswick,Goods producing industries [11-33N],49823,A,46.1328,-64.7714
2019-03,New Brunswick,Goods producing industries [11-33N],50219,A,46.1328,-64.7714
2019-04,New Brunswick,Goods producing industries [11-33N],51441,A,46.1328,-64.7714
2019-05,New Brunswick,Goods producing industries [11-33N],59628,A,46.1328,-64.7714
2019-06,New Brunswick,Goods producing industries [11-33N],63243,A,46.1328,-64.7714
2019-07,New Brunswick,Goods producing industries [11-33N],63076,A,46.1328,-64.7714
2019-08,New Brunswick,Goods producing industries [11-33N],63375,A,46.1328,-64.7714
2019-09,New Brunswick,Goods producing industries [11-33N],63323,B,46.1328,-64.7714
2019-10,New Brunswick,Goods producing industries [11-33N],61492,A,46.1328,-64.7714
2019-11,New Brunswick,Goods producing industries [11-33N],58271,A,46.1328,-64.7714
2019-12,New Brunswick,Goods producing industries [11-33N],55134,A,46.1328,-64.7714
2020-01,New Brunswick,Goods producing industries [11-33N],51046,A,46.1328,-64.7714
2020-02,New Brunswick,Goods producing industries [11-33N],49924,B,46.1328,-64.7714
2020-03,New Brunswick,Goods producing industries [11-33N],46500,B,46.1328,-64.7714
2020-04,New Brunswick,Goods producing industries [11-33N],42395,B,46.1328,-64.7714
2020-05,New Brunswick,Goods producing industries [11-33N],49187,B,46.1328,-64.7714
2020-06,New Brunswick,Goods producing industries [11-33N],56982,B,46.1328,-64.7714
2020-07,New Brunswick,Goods producing industries [11-33N],58651,B,46.1328,-64.7714
2020-08,New Brunswick,Goods producing industries [11-33N],59315,B,46.1328,-64.7714
2020-09,New Brunswick,Goods producing industries [11-33N],58686,B,46.1328,-64.7714
2020-10,New Brunswick,Goods producing industries [11-33N],58177,B,46.1328,-64.7714
2020-11,New Brunswick,Goods producing industries [11-33N],55565,B,46.1328,-64.7714
2020-12,New Brunswick,Goods producing industries [11-33N],54121,B,46.1328,-64.7714
2021-01,New Brunswick,Goods producing industries [11-33N],49828,B,46.1328,-64.7714
2021-02,New Brunswick,Goods producing industries [11-33N],48828,B,46.1328,-64.7714
2021-03,New Brunswick,Goods producing industries [11-33N],49328,B,46.1328,-64.7714
2021-04,New Brunswick,Goods producing industries [11-33N],53387,B,46.1328,-64.7714
2021-05,New Brunswick,Goods producing industries [11-33N],57860,B,46.1328,-64.7714
2021-06,New Brunswick,Goods producing industries [11-33N],61356,B,46.1328,-64.7714
2021-07,New Brunswick,Goods producing industries [11-33N],61725,B,46.1328,-64.7714
2021-08,New Brunswick,Goods producing industries [11-33N],61337,B,46.1328,-64.7714
2021-09,New Brunswick,Goods producing industries [11-33N],61206,B,46.1328,-64.7714
2021-10,New Brunswick,Goods producing industries [11-33N],59261,B,46.1328,-64.7714
2021-11,New Brunswick,Goods producing industries [11-33N],57112,B,46.1328,-64.7714
2021-12,New Brunswick,Goods producing industries [11-33N],55979,B,46.1328,-64.7714
2022-01,New Brunswick,Goods producing industries [11-33N],50977,B,46.1328,-64.7714
2022-02,New Brunswick,Goods producing industries [11-33N],51045,B,46.1328,-64.7714
2022-03,New Brunswick,Goods producing industries [11-33N],51138,B,46.1328,-64.7714
2022-04,New Brunswick,Goods producing industries [11-33N],53209,B,46.1328,-64.7714
2022-05,New Brunswick,Goods producing industries [11-33N],60109,B,46.1328,-64.7714
2022-06,New Brunswick,Goods producing industries [11-33N],63802,B,46.1328,-64.7714
2022-07,New Brunswick,Goods producing industries [11-33N],63845,B,46.1328,-64.7714
2022-08,New Brunswick,Goods producing industries [11-33N],62704,B,46.1328,-64.7714
2022-09,New Brunswick,Goods producing industries [11-33N],63150,B,46.1328,-64.7714
2022-10,New Brunswick,Goods producing industries [11-33N],62452,B,46.1328,-64.7714
2022-11,New Brunswick,Goods producing industries [11-33N],60007,B,46.1328,-64.7714
2022-12,New Brunswick,Goods producing industries [11-33N],58173,B,46.1328,-64.7714
2023-01,New Brunswick,Goods producing industries [11-33N],53444,B,46.1328,-64.7714
2023-02,New Brunswick,Goods producing industries [11-33N],53008,B,46.1328,-64.7714
2023-03,New Brunswick,Goods producing industries [11-33N],53450,B,46.1328,-64.7714
2023-04,New Brunswick,Goods producing industries [11-33N],55118,B,46.1328,-64.7714
2023-05,New Brunswick,Goods producing industries [11-33N],60843,B,46.1328,-64.7714
2023-06,New Brunswick,Goods producing industries [11-33N],64866,B,46.1328,-64.7714
2023-07,New Brunswick,Goods producing industries [11-33N],64459,B,46.1328,-64.7714
2023-08,New Brunswick,Goods producing industries [11-33N],63520,B,46.1328,-64.7714
2023-09,New Brunswick,Goods producing industries [11-33N],63482,B,46.1328,-64.7714
2023-10,New Brunswick,Goods producing industries [11-33N],62218,B,46.1328,-64.7714
2023-11,New Brunswick,Goods producing industries [11-33N],60665,B,46.1328,-64.7714
2023-12,New Brunswick,Goods producing industries [11-33N],58105,B,46.1328,-64.7714
2024-01,New Brunswick,Goods producing industries [11-33N],54639,B,46.1328,-64.7714
2024-02,New Brunswick,Goods producing industries [11-33N],54013,B,46.1328,-64.7714
2018-01,New Brunswick,"Forestry, logging and support [11N]",2283,A,46.1328,-64.7714
2018-02,New Brunswick,"Forestry, logging and support [11N]",2166,A,46.1328,-64.7714
2018-03,New Brunswick,"Forestry, logging and support [11N]",1883,A,46.1328,-64.7714
2018-04,New Brunswick,"Forestry, logging and support [11N]",1511,A,46.1328,-64.7714
2018-05,New Brunswick,"Forestry, logging and support [11N]",1814,A,46.1328,-64.7714
2018-06,New Brunswick,"Forestry, logging and support [11N]",2812,A,46.1328,-64.7714
2018-07,New Brunswick,"Forestry, logging and support [11N]",2906,A,46.1328,-64.7714
2018-08,New Brunswick,"Forestry, logging and support [11N]",2931,A,46.1328,-64.7714
2018-09,New Brunswick,"Forestry, logging and support [11N]",2858,A,46.1328,-64.7714
2018-10,New Brunswick,"Forestry, logging and support [11N]",2701,A,46.1328,-64.7714
2018-11,New Brunswick,"Forestry, logging and support [11N]",2639,A,46.1328,-64.7714
2018-12,New Brunswick,"Forestry, logging and support [11N]",2275,A,46.1328,-64.7714
2019-01,New Brunswick,"Forestry, logging and support [11N]",2205,A,46.1328,-64.7714
2019-02,New Brunswick,"Forestry, logging and support [11N]",2210,A,46.1328,-64.7714
2019-03,New Brunswick,"Forestry, logging and support [11N]",2077,A,46.1328,-64.7714
2019-04,New Brunswick,"Forestry, logging and support [11N]",1814,A,46.1328,-64.7714
2019-05,New Brunswick,"Forestry, logging and support [11N]",2078,A,46.1328,-64.7714
2019-06,New Brunswick,"Forestry, logging and support [11N]",2944,A,46.1328,-64.7714
2019-07,New Brunswick,"Forestry, logging and support [11N]",3082,A,46.1328,-64.7714
2019-08,New Brunswick,"Forestry, logging and support [11N]",3134,A,46.1328,-64.7714
2019-09,New Brunswick,"Forestry, logging and support [11N]",3052,B,46.1328,-64.7714
2019-10,New Brunswick,"Forestry, logging and support [11N]",2871,B,46.1328,-64.7714
2019-11,New Brunswick,"Forestry, logging and support [11N]",2532,B,46.1328,-64.7714
2019-12,New Brunswick,"Forestry, logging and support [11N]",2379,B,46.1328,-64.7714
2020-01,New Brunswick,"Forestry, logging and support [11N]",2253,C,46.1328,-64.7714
2020-02,New Brunswick,"Forestry, logging and support [11N]",2179,C,46.1328,-64.7714
2020-03,New Brunswick,"Forestry, logging and support [11N]",2067,C,46.1328,-64.7714
2020-04,New Brunswick,"Forestry, logging and support [11N]",1527,C,46.1328,-64.7714
2020-05,New Brunswick,"Forestry, logging and support [11N]",1859,B,46.1328,-64.7714
2020-06,New Brunswick,"Forestry, logging and support [11N]",2716,B,46.1328,-64.7714
2020-07,New Brunswick,"Forestry, logging and support [11N]",3039,B,46.1328,-64.7714
2020-08,New Brunswick,"Forestry, logging and support [11N]",3098,B,46.1328,-64.7714
2020-09,New Brunswick,"Forestry, logging and support [11N]",3102,B,46.1328,-64.7714
2020-10,New Brunswick,"Forestry, logging and support [11N]",2982,B,46.1328,-64.7714
2020-11,New Brunswick,"Forestry, logging and support [11N]",2627,B,46.1328,-64.7714
2020-12,New Brunswick,"Forestry, logging and support [11N]",2481,A,46.1328,-64.7714
2021-01,New Brunswick,"Forestry, logging and support [11N]",2452,B,46.1328,-64.7714
2021-02,New Brunswick,"Forestry, logging and support [11N]",2400,A,46.1328,-64.7714
2021-03,New Brunswick,"Forestry, logging and support [11N]",2164,B,46.1328,-64.7714
2021-04,New Brunswick,"Forestry, logging and support [11N]",1864,B,46.1328,-64.7714
2021-05,New Brunswick,"Forestry, logging and support [11N]",1485,B,46.1328,-64.7714
2021-06,New Brunswick,"Forestry, logging and support [11N]",2252,B,46.1328,-64.7714
2021-07,New Brunswick,"Forestry, logging and support [11N]",2349,B,46.1328,-64.7714
2021-08,New Brunswick,"Forestry, logging and support [11N]",2742,B,46.1328,-64.7714
2021-09,New Brunswick,"Forestry, logging and support [11N]",2737,B,46.1328,-64.7714
2021-10,New Brunswick,"Forestry, logging and support [11N]",2459,B,46.1328,-64.7714
2021-11,New Brunswick,"Forestry, logging and support [11N]",2197,A,46.1328,-64.7714
2021-12,New Brunswick,"Forestry, logging and support [11N]",2124,B,46.1328,-64.7714
2022-01,New Brunswick,"Forestry, logging and support [11N]",2129,B,46.1328,-64.7714
2022-02,New Brunswick,"Forestry, logging and support [11N]",1985,A,46.1328,-64.7714
2022-03,New Brunswick,"Forestry, logging and support [11N]",1830,A,46.1328,-64.7714
2022-04,New Brunswick,"Forestry, logging and support [11N]",1311,A,46.1328,-64.7714
2022-05,New Brunswick,"Forestry, logging and support [11N]",1559,B,46.1328,-64.7714
2022-06,New Brunswick,"Forestry, logging and support [11N]",2338,B,46.1328,-64.7714
2022-07,New Brunswick,"Forestry, logging and support [11N]",2546,B,46.1328,-64.7714
2022-08,New Brunswick,"Forestry, logging and support [11N]",2488,B,46.1328,-64.7714
2022-09,New Brunswick,"Forestry, logging and support [11N]",2517,B,46.1328,-64.7714
2022-10,New Brunswick,"Forestry, logging and support [11N]",2491,A,46.1328,-64.7714
2022-11,New Brunswick,"Forestry, logging and support [11N]",2250,B,46.1328,-64.7714
2022-12,New Brunswick,"Forestry, logging and support [11N]",2112,B,46.1328,-64.7714
2023-01,New Brunswick,"Forestry, logging and support [11N]",1987,B,46.1328,-64.7714
2023-02,New Brunswick,"Forestry, logging and support [11N]",1970,B,46.1328,-64.7714
2023-03,New Brunswick,"Forestry, logging and support [11N]",1813,A,46.1328,-64.7714
2023-04,New Brunswick,"Forestry, logging and support [11N]",1669,A,46.1328,-64.7714
2023-05,New Brunswick,"Forestry, logging and support [11N]",1858,B,46.1328,-64.7714
2023-06,New Brunswick,"Forestry, logging and support [11N]",2495,B,46.1328,-64.7714
2023-07,New Brunswick,"Forestry, logging and support [11N]",2579,B,46.1328,-64.7714
2023-08,New Brunswick,"Forestry, logging and support [11N]",2544,B,46.1328,-64.7714
2023-09,New Brunswick,"Forestry, logging and support [11N]",2469,B,46.1328,-64.7714
2023-10,New Brunswick,"Forestry, logging and support [11N]",2396,B,46.1328,-64.7714
2023-11,New Brunswick,"Forestry, logging and support [11N]",2236,B,46.1328,-64.7714
2023-12,New Brunswick,"Forestry, logging and support [11N]",2043,B,46.1328,-64.7714
2024-01,New Brunswick,"Forestry, logging and support [11N]",1944,C,46.1328,-64.7714
2024-02,New Brunswick,"Forestry, logging and support [11N]",1887,B,46.1328,-64.7714
2018-01,New Brunswick,"Mining, quarrying, and oil and gas extraction [21]",1017,A,46.1328,-64.7714
2018-02,New Brunswick,"Mining, quarrying, and oil and gas extraction [21]",1044,A,46.1328,-64.7714
2018-03,New Brunswick,"Mining, quarrying, and oil and gas extraction [21]",1108,A,46.1328,-64.7714
2018-04,New Brunswick,"Mining, quarrying, and oil and gas extraction [21]",1255,A,46.1328,-64.7714
2018-05,New Brunswick,"Mining, quarrying, and oil and gas extraction [21]",1435,B,46.1328,-64.7714
2018-06,New Brunswick,"Mining, quarrying, and oil and gas extraction [21]",1554,D,46.1328,-64.7714
2018-07,New Brunswick,"Mining, quarrying, and oil and gas extraction [21]",1615,A,46.1328,-64.7714
2018-08,New Brunswick,"Mining, quarrying, and oil and gas extraction [21]",1456,A,46.1328,-64.7714
2018-09,New Brunswick,"Mining, quarrying, and oil and gas extraction [21]",1366,A,46.1328,-64.7714
2018-10,New Brunswick,"Mining, quarrying, and oil and gas extraction [21]",1329,A,46.1328,-64.7714
2018-11,New Brunswick,"Mining, quarrying, and oil and gas extraction [21]",1111,A,46.1328,-64.7714
2018-12,New Brunswick,"Mining, quarrying, and oil and gas extraction [21]",880,A,46.1328,-64.7714
2019-01,New Brunswick,"Mining, quarrying, and oil and gas extraction [21]",729,A,46.1328,-64.7714
2019-02,New Brunswick,"Mining, quarrying, and oil and gas extraction [21]",726,A,46.1328,-64.7714
2019-03,New Brunswick,"Mining, quarrying, and oil and gas extraction [21]",813,B,46.1328,-64.7714
2019-04,New Brunswick,"Mining, quarrying, and oil and gas extraction [21]",836,A,46.1328,-64.7714
2019-05,New Brunswick,"Mining, quarrying, and oil and gas extraction [21]",949,A,46.1328,-64.7714
2019-06,New Brunswick,"Mining, quarrying, and oil and gas extraction [21]",1025,A,46.1328,-64.7714
2019-07,New Brunswick,"Mining, quarrying, and oil and gas extraction [21]",1059,A,46.1328,-64.7714
2019-08,New Brunswick,"Mining, quarrying, and oil and gas extraction [21]",1108,A,46.1328,-64.7714
2019-09,New Brunswick,"Mining, quarrying, and oil and gas extraction [21]",1135,A,46.1328,-64.7714
2019-10,New Brunswick,"Mining, quarrying, and oil and gas extraction [21]",1044,A,46.1328,-64.7714
2019-11,New Brunswick,"Mining, quarrying, and oil and gas extraction [21]",947,A,46.1328,-64.7714
2019-12,New Brunswick,"Mining, quarrying, and oil and gas extraction [21]",854,A,46.1328,-64.7714
2020-01,New Brunswick,"Mining, quarrying, and oil and gas extraction [21]",,x,46.1328,-64.7714
2020-02,New Brunswick,"Mining, quarrying, and oil and gas extraction [21]",,x,46.1328,-64.7714
2020-03,New Brunswick,"Mining, quarrying, and oil and gas extraction [21]",,x,46.1328,-64.7714
2020-04,New Brunswick,"Mining, quarrying, and oil and gas extraction [21]",,x,46.1328,-64.7714
2020-05,New Brunswick,"Mining, quarrying, and oil and gas extraction [21]",,x,46.1328,-64.7714
2020-06,New Brunswick,"Mining, quarrying, and oil and gas extraction [21]",,x,46.1328,-64.7714
2020-07,New Brunswick,"Mining, quarrying, and oil and gas extraction [21]",,x,46.1328,-64.7714
2020-08,New Brunswick,"Mining, quarrying, and oil and gas extraction [21]",,x,46.1328,-64.7714
2020-09,New Brunswick,"Mining, quarrying, and oil and gas extraction [21]",,x,46.1328,-64.7714
2020-10,New Brunswick,"Mining, quarrying, and oil and gas extraction [21]",,x,46.1328,-64.7714
2020-11,New Brunswick,"Mining, quarrying, and oil and gas extraction [21]",,x,46.1328,-64.7714
2020-12,New Brunswick,"Mining, quarrying, and oil and gas extraction [21]",,x,46.1328,-64.7714
2021-01,New Brunswick,"Mining, quarrying, and oil and gas extraction [21]",,x,46.1328,-64.7714
2021-02,New Brunswick,"Mining, quarrying, and oil and gas extraction [21]",,x,46.1328,-64.7714
2021-03,New Brunswick,"Mining, quarrying, and oil and gas extraction [21]",,x,46.1328,-64.7714
2021-04,New Brunswick,"Mining, quarrying, and oil and gas extraction [21]",,x,46.1328,-64.7714
2021-05,New Brunswick,"Mining, quarrying, and oil and gas extraction [21]",,x,46.1328,-64.7714
2021-06,New Brunswick,"Mining, quarrying, and oil and gas extraction [21]",,x,46.1328,-64.7714
2021-07,New Brunswick,"Mining, quarrying, and oil and gas extraction [21]",,x,46.1328,-64.7714
2021-08,New Brunswick,"Mining, quarrying, and oil and gas extraction [21]",,x,46.1328,-64.7714
2021-09,New Brunswick,"Mining, quarrying, and oil and gas extraction [21]",,x,46.1328,-64.7714
2021-10,New Brunswick,"Mining, quarrying, and oil and gas extraction [21]",,x,46.1328,-64.7714
2021-11,New Brunswick,"Mining, quarrying, and oil and gas extraction [21]",,x,46.1328,-64.7714
2021-12,New Brunswick,"Mining, quarrying, and oil and gas extraction [21]",,x,46.1328,-64.7714
2022-01,New Brunswick,"Mining, quarrying, and oil and gas extraction [21]",,x,46.1328,-64.7714
2022-02,New Brunswick,"Mining, quarrying, and oil and gas extraction [21]",,x,46.1328,-64.7714
2022-03,New Brunswick,"Mining, quarrying, and oil and gas extraction [21]",,x,46.1328,-64.7714
2022-04,New Brunswick,"Mining, quarrying, and oil and gas extraction [21]",,x,46.1328,-64.7714
2022-05,New Brunswick,"Mining, quarrying, and oil and gas extraction [21]",,x,46.1328,-64.7714
2022-06,New Brunswick,"Mining, quarrying, and oil and gas extraction [21]",,x,46.1328,-64.7714
2022-07,New Brunswick,"Mining, quarrying, and oil and gas extraction [21]",,x,46.1328,-64.7714
2022-08,New Brunswick,"Mining, quarrying, and oil and gas extraction [21]",,x,46.1328,-64.7714
2022-09,New Brunswick,"Mining, quarrying, and oil and gas extraction [21]",,x,46.1328,-64.7714
2022-10,New Brunswick,"Mining, quarrying, and oil and gas extraction [21]",,x,46.1328,-64.7714
2022-11,New Brunswick,"Mining, quarrying, and oil and gas extraction [21]",,x,46.1328,-64.7714
2022-12,New Brunswick,"Mining, quarrying, and oil and gas extraction [21]",,x,46.1328,-64.7714
2023-01,New Brunswick,"Mining, quarrying, and oil and gas extraction [21]",,x,46.1328,-64.7714
2023-02,New Brunswick,"Mining, quarrying, and oil and gas extraction [21]",,x,46.1328,-64.7714
2023-03,New Brunswick,"Mining, quarrying, and oil and gas extraction [21]",,x,46.1328,-64.7714
2023-04,New Brunswick,"Mining, quarrying, and oil and gas extraction [21]",,x,46.1328,-64.7714
2023-05,New Brunswick,"Mining, quarrying, and oil and gas extraction [21]",,x,46.1328,-64.7714
2023-06,New Brunswick,"Mining, quarrying, and oil and gas extraction [21]",,x,46.1328,-64.7714
2023-07,New Brunswick,"Mining, quarrying, and oil and gas extraction [21]",,x,46.1328,-64.7714
2023-08,New Brunswick,"Mining, quarrying, and oil and gas extraction [21]",,x,46.1328,-64.7714
2023-09,New Brunswick,"Mining, quarrying, and oil and gas extraction [21]",,x,46.1328,-64.7714
2023-10,New Brunswick,"Mining, quarrying, and oil and gas extraction [21]",,x,46.1328,-64.7714
2023-11,New Brunswick,"Mining, quarrying, and oil and gas extraction [21]",,x,46.1328,-64.7714
2023-12,New Brunswick,"Mining, quarrying, and oil and gas extraction [21]",,x,46.1328,-64.7714
2024-01,New Brunswick,"Mining, quarrying, and oil and gas extraction [21]",,x,46.1328,-64.7714
2024-02,New Brunswick,"Mining, quarrying, and oil and gas extraction [21]",,x,46.1328,-64.7714
2018-01,New Brunswick,"Utilities [22,221]",2863,A,46.1328,-64.7714
2018-02,New Brunswick,"Utilities [22,221]",2848,A,46.1328,-64.7714
2018-03,New Brunswick,"Utilities [22,221]",3116,A,46.1328,-64.7714
2018-04,New Brunswick,"Utilities [22,221]",3127,A,46.1328,-64.7714
2018-05,New Brunswick,"Utilities [22,221]",2820,B,46.1328,-64.7714
2018-06,New Brunswick,"Utilities [22,221]",2892,A,46.1328,-64.7714
2018-07,New Brunswick,"Utilities [22,221]",2934,A,46.1328,-64.7714
2018-08,New Brunswick,"Utilities [22,221]",3194,A,46.1328,-64.7714
2018-09,New Brunswick,"Utilities [22,221]",3097,A,46.1328,-64.7714
2018-10,New Brunswick,"Utilities [22,221]",3087,A,46.1328,-64.7714
2018-11,New Brunswick,"Utilities [22,221]",3037,A,46.1328,-64.7714
2018-12,New Brunswick,"Utilities [22,221]",2884,A,46.1328,-64.7714
2019-01,New Brunswick,"Utilities [22,221]",2844,A,46.1328,-64.7714
2019-02,New Brunswick,"Utilities [22,221]",2857,A,46.1328,-64.7714
2019-03,New Brunswick,"Utilities [22,221]",2933,A,46.1328,-64.7714
2019-04,New Brunswick,"Utilities [22,221]",2948,A,46.1328,-64.7714
2019-05,New Brunswick,"Utilities [22,221]",3130,A,46.1328,-64.7714
2019-06,New Brunswick,"Utilities [22,221]",3154,A,46.1328,-64.7714
2019-07,New Brunswick,"Utilities [22,221]",3179,A,46.1328,-64.7714
2019-08,New Brunswick,"Utilities [22,221]",3107,A,46.1328,-64.7714
2019-09,New Brunswick,"Utilities [22,221]",3151,C,46.1328,-64.7714
2019-10,New Brunswick,"Utilities [22,221]",3118,A,46.1328,-64.7714
2019-11,New Brunswick,"Utilities [22,221]",3029,A,46.1328,-64.7714
2019-12,New Brunswick,"Utilities [22,221]",3064,A,46.1328,-64.7714
2020-01,New Brunswick,"Utilities [22,221]",,x,46.1328,-64.7714
2020-02,New Brunswick,"Utilities [22,221]",,x,46.1328,-64.7714
2020-03,New Brunswick,"Utilities [22,221]",,x,46.1328,-64.7714
2020-04,New Brunswick,"Utilities [22,221]",,x,46.1328,-64.7714
2020-05,New Brunswick,"Utilities [22,221]",,x,46.1328,-64.7714
2020-06,New Brunswick,"Utilities [22,221]",,x,46.1328,-64.7714
2020-07,New Brunswick,"Utilities [22,221]",,x,46.1328,-64.7714
2020-08,New Brunswick,"Utilities [22,221]",,x,46.1328,-64.7714
2020-09,New Brunswick,"Utilities [22,221]",,x,46.1328,-64.7714
2020-10,New Brunswick,"Utilities [22,221]",,x,46.1328,-64.7714
2020-11,New Brunswick,"Utilities [22,221]",,x,46.1328,-64.7714
2020-12,New Brunswick,"Utilities [22,221]",,x,46.1328,-64.7714
2021-01,New Brunswick,"Utilities [22,221]",,x,46.1328,-64.7714
2021-02,New Brunswick,"Utilities [22,221]",,x,46.1328,-64.7714
2021-03,New Brunswick,"Utilities [22,221]",,x,46.1328,-64.7714
2021-04,New Brunswick,"Utilities [22,221]",,x,46.1328,-64.7714
2021-05,New Brunswick,"Utilities [22,221]",,x,46.1328,-64.7714
2021-06,New Brunswick,"Utilities [22,221]",,x,46.1328,-64.7714
2021-07,New Brunswick,"Utilities [22,221]",,x,46.1328,-64.7714
2021-08,New Brunswick,"Utilities [22,221]",,x,46.1328,-64.7714
2021-09,New Brunswick,"Utilities [22,221]",,x,46.1328,-64.7714
2021-10,New Brunswick,"Utilities [22,221]",,x,46.1328,-64.7714
2021-11,New Brunswick,"Utilities [22,221]",,x,46.1328,-64.7714
2021-12,New Brunswick,"Utilities [22,221]",,x,46.1328,-64.7714
2022-01,New Brunswick,"Utilities [22,221]",,x,46.1328,-64.7714
2022-02,New Brunswick,"Utilities [22,221]",,x,46.1328,-64.7714
2022-03,New Brunswick,"Utilities [22,221]",,x,46.1328,-64.7714
2022-04,New Brunswick,"Utilities [22,221]",,x,46.1328,-64.7714
2022-05,New Brunswick,"Utilities [22,221]",,x,46.1328,-64.7714
2022-06,New Brunswick,"Utilities [22,221]",,x,46.1328,-64.7714
2022-07,New Brunswick,"Utilities [22,221]",,x,46.1328,-64.7714
2022-08,New Brunswick,"Utilities [22,221]",,x,46.1328,-64.7714
2022-09,New Brunswick,"Utilities [22,221]",,x,46.1328,-64.7714
2022-10,New Brunswick,"Utilities [22,221]",,x,46.1328,-64.7714
2022-11,New Brunswick,"Utilities [22,221]",,x,46.1328,-64.7714
2022-12,New Brunswick,"Utilities [22,221]",,x,46.1328,-64.7714
2023-01,New Brunswick,"Utilities [22,221]",,x,46.1328,-64.7714
2023-02,New Brunswick,"Utilities [22,221]",,x,46.1328,-64.7714
2023-03,New Brunswick,"Utilities [22,221]",,x,46.1328,-64.7714
2023-04,New Brunswick,"Utilities [22,221]",,x,46.1328,-64.7714
2023-05,New Brunswick,"Utilities [22,221]",,x,46.1328,-64.7714
2023-06,New Brunswick,"Utilities [22,221]",,x,46.1328,-64.7714
2023-07,New Brunswick,"Utilities [22,221]",,x,46.1328,-64.7714
2023-08,New Brunswick,"Utilities [22,221]",,x,46.1328,-64.7714
2023-09,New Brunswick,"Utilities [22,221]",,x,46.1328,-64.7714
2023-10,New Brunswick,"Utilities [22,221]",,x,46.1328,-64.7714
2023-11,New Brunswick,"Utilities [22,221]",,x,46.1328,-64.7714
2023-12,New Brunswick,"Utilities [22,221]",,x,46.1328,-64.7714
2024-01,New Brunswick,"Utilities [22,221]",,x,46.1328,-64.7714
2024-02,New Brunswick,"Utilities [22,221]",,x,46.1328,-64.7714
2018-01,New Brunswick,Construction [23],15803,A,46.1328,-64.7714
2018-02,New Brunswick,Construction [23],15452,A,46.1328,-64.7714
2018-03,New Brunswick,Construction [23],15878,A,46.1328,-64.7714
2018-04,New Brunswick,Construction [23],16038,A,46.1328,-64.7714
2018-05,New Brunswick,Construction [23],18831,A,46.1328,-64.7714
2018-06,New Brunswick,Construction [23],21484,A,46.1328,-64.7714
2018-07,New Brunswick,Construction [23],22060,A,46.1328,-64.7714
2018-08,New Brunswick,Construction [23],22382,A,46.1328,-64.7714
2018-09,New Brunswick,Construction [23],22391,A,46.1328,-64.7714
2018-10,New Brunswick,Construction [23],22560,A,46.1328,-64.7714
2018-11,New Brunswick,Construction [23],21309,A,46.1328,-64.7714
2018-12,New Brunswick,Construction [23],18484,A,46.1328,-64.7714
2019-01,New Brunswick,Construction [23],15922,A,46.1328,-64.7714
2019-02,New Brunswick,Construction [23],16045,A,46.1328,-64.7714
2019-03,New Brunswick,Construction [23],16580,A,46.1328,-64.7714
2019-04,New Brunswick,Construction [23],17102,A,46.1328,-64.7714
2019-05,New Brunswick,Construction [23],19390,A,46.1328,-64.7714
2019-06,New Brunswick,Construction [23],21582,A,46.1328,-64.7714
2019-07,New Brunswick,Construction [23],21773,A,46.1328,-64.7714
2019-08,New Brunswick,Construction [23],22311,A,46.1328,-64.7714
2019-09,New Brunswick,Construction [23],22364,A,46.1328,-64.7714
2019-10,New Brunswick,Construction [23],21668,A,46.1328,-64.7714
2019-11,New Brunswick,Construction [23],20717,A,46.1328,-64.7714
2019-12,New Brunswick,Construction [23],18307,A,46.1328,-64.7714
2020-01,New Brunswick,Construction [23],16184,A,46.1328,-64.7714
2020-02,New Brunswick,Construction [23],16106,B,46.1328,-64.7714
2020-03,New Brunswick,Construction [23],14315,B,46.1328,-64.7714
2020-04,New Brunswick,Construction [23],12032,A,46.1328,-64.7714
2020-05,New Brunswick,Construction [23],15065,B,46.1328,-64.7714
2020-06,New Brunswick,Construction [23],18464,B,46.1328,-64.7714
2020-07,New Brunswick,Construction [23],19699,A,46.1328,-64.7714
2020-08,New Brunswick,Construction [23],20202,A,46.1328,-64.7714
2020-09,New Brunswick,Construction [23],20489,A,46.1328,-64.7714
2020-10,New Brunswick,Construction [23],20509,B,46.1328,-64.7714
2020-11,New Brunswick,Construction [23],19243,B,46.1328,-64.7714
2020-12,New Brunswick,Construction [23],18116,B,46.1328,-64.7714
2021-01,New Brunswick,Construction [23],16083,A,46.1328,-64.7714
2021-02,New Brunswick,Construction [23],15489,A,46.1328,-64.7714
2021-03,New Brunswick,Construction [23],15759,A,46.1328,-64.7714
2021-04,New Brunswick,Construction [23],16781,B,46.1328,-64.7714
2021-05,New Brunswick,Construction [23],18772,A,46.1328,-64.7714
2021-06,New Brunswick,Construction [23],20544,A,46.1328,-64.7714
2021-07,New Brunswick,Construction [23],22245,A,46.1328,-64.7714
2021-08,New Brunswick,Construction [23],22013,A,46.1328,-64.7714
2021-09,New Brunswick,Construction [23],22472,A,46.1328,-64.7714
2021-10,New Brunswick,Construction [23],21538,A,46.1328,-64.7714
2021-11,New Brunswick,Construction [23],20844,A,46.1328,-64.7714
2021-12,New Brunswick,Construction [23],19839,A,46.1328,-64.7714
2022-01,New Brunswick,Construction [23],17131,A,46.1328,-64.7714
2022-02,New Brunswick,Construction [23],17544,A,46.1328,-64.7714
2022-03,New Brunswick,Construction [23],17544,A,46.1328,-64.7714
2022-04,New Brunswick,Construction [23],18110,A,46.1328,-64.7714
2022-05,New Brunswick,Construction [23],20728,A,46.1328,-64.7714
2022-06,New Brunswick,Construction [23],22785,B,46.1328,-64.7714
2022-07,New Brunswick,Construction [23],23175,B,46.1328,-64.7714
2022-08,New Brunswick,Construction [23],22853,B,46.1328,-64.7714
2022-09,New Brunswick,Construction [23],23342,A,46.1328,-64.7714
2022-10,New Brunswick,Construction [23],23495,B,46.1328,-64.7714
2022-11,New Brunswick,Construction [23],22361,B,46.1328,-64.7714
2022-12,New Brunswick,Construction [23],20968,B,46.1328,-64.7714
2023-01,New Brunswick,Construction [23],18656,B,46.1328,-64.7714
2023-02,New Brunswick,Construction [23],18814,B,46.1328,-64.7714
2023-03,New Brunswick,Construction [23],19058,B,46.1328,-64.7714
2023-04,New Brunswick,Construction [23],19221,B,46.1328,-64.7714
2023-05,New Brunswick,Construction [23],21348,B,46.1328,-64.7714
2023-06,New Brunswick,Construction [23],23147,B,46.1328,-64.7714
2023-07,New Brunswick,Construction [23],24014,B,46.1328,-64.7714
2023-08,New Brunswick,Construction [23],24257,B,46.1328,-64.7714
2023-09,New Brunswick,Construction [23],24488,B,46.1328,-64.7714
2023-10,New Brunswick,Construction [23],23920,B,46.1328,-64.7714
2023-11,New Brunswick,Construction [23],23094,B,46.1328,-64.7714
2023-12,New Brunswick,Construction [23],21635,A,46.1328,-64.7714
2024-01,New Brunswick,Construction [23],19549,A,46.1328,-64.7714
2024-02,New Brunswick,Construction [23],18959,B,46.1328,-64.7714
2018-01,New Brunswick,Manufacturing [31-33],27195,A,46.1328,-64.7714
2018-02,New Brunswick,Manufacturing [31-33],26317,A,46.1328,-64.7714
2018-03,New Brunswick,Manufacturing [31-33],26713,A,46.1328,-64.7714
2018-04,New Brunswick,Manufacturing [31-33],27052,A,46.1328,-64.7714
2018-05,New Brunswick,Manufacturing [31-33],31521,A,46.1328,-64.7714
2018-06,New Brunswick,Manufacturing [31-33],32829,A,46.1328,-64.7714
2018-07,New Brunswick,Manufacturing [31-33],31807,A,46.1328,-64.7714
2018-08,New Brunswick,Manufacturing [31-33],32511,A,46.1328,-64.7714
2018-09,New Brunswick,Manufacturing [31-33],32093,A,46.1328,-64.7714
2018-10,New Brunswick,Manufacturing [31-33],31394,A,46.1328,-64.7714
2018-11,New Brunswick,Manufacturing [31-33],30323,A,46.1328,-64.7714
2018-12,New Brunswick,Manufacturing [31-33],29751,A,46.1328,-64.7714
2019-01,New Brunswick,Manufacturing [31-33],28534,A,46.1328,-64.7714
2019-02,New Brunswick,Manufacturing [31-33],27986,A,46.1328,-64.7714
2019-03,New Brunswick,Manufacturing [31-33],27816,A,46.1328,-64.7714
2019-04,New Brunswick,Manufacturing [31-33],28740,A,46.1328,-64.7714
2019-05,New Brunswick,Manufacturing [31-33],34082,A,46.1328,-64.7714
2019-06,New Brunswick,Manufacturing [31-33],34539,A,46.1328,-64.7714
2019-07,New Brunswick,Manufacturing [31-33],33984,A,46.1328,-64.7714
2019-08,New Brunswick,Manufacturing [31-33],33715,A,46.1328,-64.7714
2019-09,New Brunswick,Manufacturing [31-33],33621,B,46.1328,-64.7714
2019-10,New Brunswick,Manufacturing [31-33],32791,A,46.1328,-64.7714
2019-11,New Brunswick,Manufacturing [31-33],31045,A,46.1328,-64.7714
2019-12,New Brunswick,Manufacturing [31-33],30530,A,46.1328,-64.7714
2020-01,New Brunswick,Manufacturing [31-33],28846,A,46.1328,-64.7714
2020-02,New Brunswick,Manufacturing [31-33],27811,B,46.1328,-64.7714
2020-03,New Brunswick,Manufacturing [31-33],26343,B,46.1328,-64.7714
2020-04,New Brunswick,Manufacturing [31-33],25062,B,46.1328,-64.7714
2020-05,New Brunswick,Manufacturing [31-33],28405,B,46.1328,-64.7714
2020-06,New Brunswick,Manufacturing [31-33],31675,B,46.1328,-64.7714
2020-07,New Brunswick,Manufacturing [31-33],31649,B,46.1328,-64.7714
2020-08,New Brunswick,Manufacturing [31-33],31642,B,46.1328,-64.7714
2020-09,New Brunswick,Manufacturing [31-33],30765,B,46.1328,-64.7714
2020-10,New Brunswick,Manufacturing [31-33],30453,B,46.1328,-64.7714
2020-11,New Brunswick,Manufacturing [31-33],29624,B,46.1328,-64.7714
2020-12,New Brunswick,Manufacturing [31-33],29544,B,46.1328,-64.7714
2021-01,New Brunswick,Manufacturing [31-33],27502,B,46.1328,-64.7714
2021-02,New Brunswick,Manufacturing [31-33],27089,B,46.1328,-64.7714
2021-03,New Brunswick,Manufacturing [31-33],27483,B,46.1328,-64.7714
2021-04,New Brunswick,Manufacturing [31-33],30701,B,46.1328,-64.7714
2021-05,New Brunswick,Manufacturing [31-33],33416,B,46.1328,-64.7714
2021-06,New Brunswick,Manufacturing [31-33],34115,B,46.1328,-64.7714
2021-07,New Brunswick,Manufacturing [31-33],32657,A,46.1328,-64.7714
2021-08,New Brunswick,Manufacturing [31-33],32087,A,46.1328,-64.7714
2021-09,New Brunswick,Manufacturing [31-33],31581,B,46.1328,-64.7714
2021-10,New Brunswick,Manufacturing [31-33],30984,B,46.1328,-64.7714
2021-11,New Brunswick,Manufacturing [31-33],29849,B,46.1328,-64.7714
2021-12,New Brunswick,Manufacturing [31-33],29833,B,46.1328,-64.7714
2022-01,New Brunswick,Manufacturing [31-33],27703,B,46.1328,-64.7714
2022-02,New Brunswick,Manufacturing [31-33],27446,B,46.1328,-64.7714
2022-03,New Brunswick,Manufacturing [31-33],27638,B,46.1328,-64.7714
2022-04,New Brunswick,Manufacturing [31-33],29584,B,46.1328,-64.7714
2022-05,New Brunswick,Manufacturing [31-33],33234,B,46.1328,-64.7714
2022-06,New Brunswick,Manufacturing [31-33],33891,B,46.1328,-64.7714
2022-07,New Brunswick,Manufacturing [31-33],33249,B,46.1328,-64.7714
2022-08,New Brunswick,Manufacturing [31-33],32556,B,46.1328,-64.7714
2022-09,New Brunswick,Manufacturing [31-33],32489,B,46.1328,-64.7714
2022-10,New Brunswick,Manufacturing [31-33],31939,B,46.1328,-64.7714
2022-11,New Brunswick,Manufacturing [31-33],30841,B,46.1328,-64.7714
2022-12,New Brunswick,Manufacturing [31-33],30730,B,46.1328,-64.7714
2023-01,New Brunswick,Manufacturing [31-33],28572,B,46.1328,-64.7714
2023-02,New Brunswick,Manufacturing [31-33],27999,B,46.1328,-64.7714
2023-03,New Brunswick,Manufacturing [31-33],28379,B,46.1328,-64.7714
2023-04,New Brunswick,Manufacturing [31-33],29920,A,46.1328,-64.7714
2023-05,New Brunswick,Manufacturing [31-33],33211,B,46.1328,-64.7714
2023-06,New Brunswick,Manufacturing [31-33],34603,B,46.1328,-64.7714
2023-07,New Brunswick,Manufacturing [31-33],33171,B,46.1328,-64.7714
2023-08,New Brunswick,Manufacturing [31-33],31985,B,46.1328,-64.7714
2023-09,New Brunswick,Manufacturing [31-33],31775,B,46.1328,-64.7714
2023-10,New Brunswick,Manufacturing [31-33],31333,B,46.1328,-64.7714
2023-11,New Brunswick,Manufacturing [31-33],30922,B,46.1328,-64.7714
2023-12,New Brunswick,Manufacturing [31-33],30080,B,46.1328,-64.7714
2024-01,New Brunswick,Manufacturing [31-33],29001,B,46.1328,-64.7714
2024-02,New Brunswick,Manufacturing [31-33],29009,B,46.1328,-64.7714
2018-01,New Brunswick,Trade [41-45N],53058,A,46.1328,-64.7714
2018-02,New Brunswick,Trade [41-45N],52067,A,46.1328,-64.7714
2018-03,New Brunswick,Trade [41-45N],52395,A,46.1328,-64.7714
2018-04,New Brunswick,Trade [41-45N],51992,A,46.1328,-64.7714
2018-05,New Brunswick,Trade [41-45N],54978,A,46.1328,-64.7714
2018-06,New Brunswick,Trade [41-45N],55623,A,46.1328,-64.7714
2018-07,New Brunswick,Trade [41-45N],55211,A,46.1328,-64.7714
2018-08,New Brunswick,Trade [41-45N],55796,A,46.1328,-64.7714
2018-09,New Brunswick,Trade [41-45N],54924,A,46.1328,-64.7714
2018-10,New Brunswick,Trade [41-45N],54717,A,46.1328,-64.7714
2018-11,New Brunswick,Trade [41-45N],55812,A,46.1328,-64.7714
2018-12,New Brunswick,Trade [41-45N],55198,A,46.1328,-64.7714
2019-01,New Brunswick,Trade [41-45N],53644,A,46.1328,-64.7714
2019-02,New Brunswick,Trade [41-45N],53282,A,46.1328,-64.7714
2019-03,New Brunswick,Trade [41-45N],53292,A,46.1328,-64.7714
2019-04,New Brunswick,Trade [41-45N],53776,A,46.1328,-64.7714
2019-05,New Brunswick,Trade [41-45N],56622,A,46.1328,-64.7714
2019-06,New Brunswick,Trade [41-45N],57377,A,46.1328,-64.7714
2019-07,New Brunswick,Trade [41-45N],56879,A,46.1328,-64.7714
2019-08,New Brunswick,Trade [41-45N],56960,A,46.1328,-64.7714
2019-09,New Brunswick,Trade [41-45N],56066,B,46.1328,-64.7714
2019-10,New Brunswick,Trade [41-45N],55848,A,46.1328,-64.7714
2019-11,New Brunswick,Trade [41-45N],55937,A,46.1328,-64.7714
2019-12,New Brunswick,Trade [41-45N],56409,A,46.1328,-64.7714
2020-01,New Brunswick,Trade [41-45N],53886,A,46.1328,-64.7714
2020-02,New Brunswick,Trade [41-45N],52879,B,46.1328,-64.7714
2020-03,New Brunswick,Trade [41-45N],49261,B,46.1328,-64.7714
2020-04,New Brunswick,Trade [41-45N],43676,B,46.1328,-64.7714
2020-05,New Brunswick,Trade [41-45N],46577,B,46.1328,-64.7714
2020-06,New Brunswick,Trade [41-45N],51843,B,46.1328,-64.7714
2020-07,New Brunswick,Trade [41-45N],53844,B,46.1328,-64.7714
2020-08,New Brunswick,Trade [41-45N],53587,B,46.1328,-64.7714
2020-09,New Brunswick,Trade [41-45N],53792,B,46.1328,-64.7714
2020-10,New Brunswick,Trade [41-45N],54122,B,46.1328,-64.7714
2020-11,New Brunswick,Trade [41-45N],53750,B,46.1328,-64.7714
2020-12,New Brunswick,Trade [41-45N],54247,A,46.1328,-64.7714
2021-01,New Brunswick,Trade [41-45N],52086,B,46.1328,-64.7714
2021-02,New Brunswick,Trade [41-45N],50654,B,46.1328,-64.7714
2021-03,New Brunswick,Trade [41-45N],51759,B,46.1328,-64.7714
2021-04,New Brunswick,Trade [41-45N],53211,B,46.1328,-64.7714
2021-05,New Brunswick,Trade [41-45N],54093,B,46.1328,-64.7714
2021-06,New Brunswick,Trade [41-45N],55934,B,46.1328,-64.7714
2021-07,New Brunswick,Trade [41-45N],56245,B,46.1328,-64.7714
2021-08,New Brunswick,Trade [41-45N],56242,B,46.1328,-64.7714
2021-09,New Brunswick,Trade [41-45N],56289,A,46.1328,-64.7714
2021-10,New Brunswick,Trade [41-45N],55228,B,46.1328,-64.7714
2021-11,New Brunswick,Trade [41-45N],55415,B,46.1328,-64.7714
2021-12,New Brunswick,Trade [41-45N],56422,A,46.1328,-64.7714
2022-01,New Brunswick,Trade [41-45N],54091,A,46.1328,-64.7714
2022-02,New Brunswick,Trade [41-45N],53156,A,46.1328,-64.7714
2022-03,New Brunswick,Trade [41-45N],53727,A,46.1328,-64.7714
2022-04,New Brunswick,Trade [41-45N],54430,B,46.1328,-64.7714
2022-05,New Brunswick,Trade [41-45N],56012,B,46.1328,-64.7714
2022-06,New Brunswick,Trade [41-45N],57266,B,46.1328,-64.7714
2022-07,New Brunswick,Trade [41-45N],57372,B,46.1328,-64.7714
2022-08,New Brunswick,Trade [41-45N],56733,B,46.1328,-64.7714
2022-09,New Brunswick,Trade [41-45N],56848,B,46.1328,-64.7714
2022-10,New Brunswick,Trade [41-45N],55782,B,46.1328,-64.7714
2022-11,New Brunswick,Trade [41-45N],55448,B,46.1328,-64.7714
2022-12,New Brunswick,Trade [41-45N],56313,B,46.1328,-64.7714
2023-01,New Brunswick,Trade [41-45N],54939,B,46.1328,-64.7714
2023-02,New Brunswick,Trade [41-45N],53812,B,46.1328,-64.7714
2023-03,New Brunswick,Trade [41-45N],54513,B,46.1328,-64.7714
2023-04,New Brunswick,Trade [41-45N],54928,B,46.1328,-64.7714
2023-05,New Brunswick,Trade [41-45N],56068,B,46.1328,-64.7714
2023-06,New Brunswick,Trade [41-45N],57354,B,46.1328,-64.7714
2023-07,New Brunswick,Trade [41-45N],57182,B,46.1328,-64.7714
2023-08,New Brunswick,Trade [41-45N],56883,B,46.1328,-64.7714
2023-09,New Brunswick,Trade [41-45N],56245,B,46.1328,-64.7714
2023-10,New Brunswick,Trade [41-45N],55960,B,46.1328,-64.7714
2023-11,New Brunswick,Trade [41-45N],56031,B,46.1328,-64.7714
2023-12,New Brunswick,Trade [41-45N],56213,B,46.1328,-64.7714
2024-01,New Brunswick,Trade [41-45N],55054,A,46.1328,-64.7714
2024-02,New Brunswick,Trade [41-45N],54285,B,46.1328,-64.7714
2018-01,New Brunswick,Transportation and warehousing [48-49],15768,A,46.1328,-64.7714
2018-02,New Brunswick,Transportation and warehousing [48-49],15816,A,46.1328,-64.7714
2018-03,New Brunswick,Transportation and warehousing [48-49],15802,A,46.1328,-64.7714
2018-04,New Brunswick,Transportation and warehousing [48-49],15937,A,46.1328,-64.7714
2018-05,New Brunswick,Transportation and warehousing [48-49],16117,A,46.1328,-64.7714
2018-06,New Brunswick,Transportation and warehousing [48-49],16861,A,46.1328,-64.7714
2018-07,New Brunswick,Transportation and warehousing [48-49],17112,A,46.1328,-64.7714
2018-08,New Brunswick,Transportation and warehousing [48-49],17171,A,46.1328,-64.7714
2018-09,New Brunswick,Transportation and warehousing [48-49],16846,A,46.1328,-64.7714
2018-10,New Brunswick,Transportation and warehousing [48-49],16687,A,46.1328,-64.7714
2018-11,New Brunswick,Transportation and warehousing [48-49],16731,A,46.1328,-64.7714
2018-12,New Brunswick,Transportation and warehousing [48-49],16421,A,46.1328,-64.7714
2019-01,New Brunswick,Transportation and warehousing [48-49],16010,A,46.1328,-64.7714
2019-02,New Brunswick,Transportation and warehousing [48-49],15920,A,46.1328,-64.7714
2019-03,New Brunswick,Transportation and warehousing [48-49],15936,A,46.1328,-64.7714
2019-04,New Brunswick,Transportation and warehousing [48-49],15865,A,46.1328,-64.7714
2019-05,New Brunswick,Transportation and warehousing [48-49],16249,A,46.1328,-64.7714
2019-06,New Brunswick,Transportation and warehousing [48-49],16607,A,46.1328,-64.7714
2019-07,New Brunswick,Transportation and warehousing [48-49],16916,A,46.1328,-64.7714
2019-08,New Brunswick,Transportation and warehousing [48-49],17026,A,46.1328,-64.7714
2019-09,New Brunswick,Transportation and warehousing [48-49],16758,B,46.1328,-64.7714
2019-10,New Brunswick,Transportation and warehousing [48-49],16954,B,46.1328,-64.7714
2019-11,New Brunswick,Transportation and warehousing [48-49],16657,A,46.1328,-64.7714
2019-12,New Brunswick,Transportation and warehousing [48-49],16466,B,46.1328,-64.7714
2020-01,New Brunswick,Transportation and warehousing [48-49],16207,B,46.1328,-64.7714
2020-02,New Brunswick,Transportation and warehousing [48-49],16147,B,46.1328,-64.7714
2020-03,New Brunswick,Transportation and warehousing [48-49],15722,B,46.1328,-64.7714
2020-04,New Brunswick,Transportation and warehousing [48-49],15045,B,46.1328,-64.7714
2020-05,New Brunswick,Transportation and warehousing [48-49],14437,B,46.1328,-64.7714
2020-06,New Brunswick,Transportation and warehousing [48-49],15756,B,46.1328,-64.7714
2020-07,New Brunswick,Transportation and warehousing [48-49],16033,B,46.1328,-64.7714
2020-08,New Brunswick,Transportation and warehousing [48-49],16232,B,46.1328,-64.7714
2020-09,New Brunswick,Transportation and warehousing [48-49],16445,B,46.1328,-64.7714
2020-10,New Brunswick,Transportation and warehousing [48-49],16726,B,46.1328,-64.7714
2020-11,New Brunswick,Transportation and warehousing [48-49],16191,B,46.1328,-64.7714
2020-12,New Brunswick,Transportation and warehousing [48-49],16475,B,46.1328,-64.7714
2021-01,New Brunswick,Transportation and warehousing [48-49],15885,B,46.1328,-64.7714
2021-02,New Brunswick,Transportation and warehousing [48-49],15790,B,46.1328,-64.7714
2021-03,New Brunswick,Transportation and warehousing [48-49],15785,B,46.1328,-64.7714
2021-04,New Brunswick,Transportation and warehousing [48-49],15845,B,46.1328,-64.7714
2021-05,New Brunswick,Transportation and warehousing [48-49],15476,B,46.1328,-64.7714
2021-06,New Brunswick,Transportation and warehousing [48-49],16267,B,46.1328,-64.7714
2021-07,New Brunswick,Transportation and warehousing [48-49],16634,B,46.1328,-64.7714
2021-08,New Brunswick,Transportation and warehousing [48-49],16566,B,46.1328,-64.7714
2021-09,New Brunswick,Transportation and warehousing [48-49],16449,B,46.1328,-64.7714
2021-10,New Brunswick,Transportation and warehousing [48-49],16453,B,46.1328,-64.7714
2021-11,New Brunswick,Transportation and warehousing [48-49],16013,B,46.1328,-64.7714
2021-12,New Brunswick,Transportation and warehousing [48-49],16388,B,46.1328,-64.7714
2022-01,New Brunswick,Transportation and warehousing [48-49],15980,A,46.1328,-64.7714
2022-02,New Brunswick,Transportation and warehousing [48-49],15877,B,46.1328,-64.7714
2022-03,New Brunswick,Transportation and warehousing [48-49],16022,A,46.1328,-64.7714
2022-04,New Brunswick,Transportation and warehousing [48-49],15936,A,46.1328,-64.7714
2022-05,New Brunswick,Transportation and warehousing [48-49],16148,A,46.1328,-64.7714
2022-06,New Brunswick,Transportation and warehousing [48-49],16915,B,46.1328,-64.7714
2022-07,New Brunswick,Transportation and warehousing [48-49],17243,B,46.1328,-64.7714
2022-08,New Brunswick,Transportation and warehousing [48-49],17297,B,46.1328,-64.7714
2022-09,New Brunswick,Transportation and warehousing [48-49],17176,B,46.1328,-64.7714
2022-10,New Brunswick,Transportation and warehousing [48-49],17060,B,46.1328,-64.7714
2022-11,New Brunswick,Transportation and warehousing [48-49],17063,B,46.1328,-64.7714
2022-12,New Brunswick,Transportation and warehousing [48-49],16851,B,46.1328,-64.7714
2023-01,New Brunswick,Transportation and warehousing [48-49],16198,B,46.1328,-64.7714
2023-02,New Brunswick,Transportation and warehousing [48-49],16636,A,46.1328,-64.7714
2023-03,New Brunswick,Transportation and warehousing [48-49],16592,B,46.1328,-64.7714
2023-04,New Brunswick,Transportation and warehousing [48-49],16670,B,46.1328,-64.7714
2023-05,New Brunswick,Transportation and warehousing [48-49],16884,B,46.1328,-64.7714
2023-06,New Brunswick,Transportation and warehousing [48-49],17269,B,46.1328,-64.7714
2023-07,New Brunswick,Transportation and warehousing [48-49],17720,B,46.1328,-64.7714
2023-08,New Brunswick,Transportation and warehousing [48-49],17801,B,46.1328,-64.7714
2023-09,New Brunswick,Transportation and warehousing [48-49],17777,B,46.1328,-64.7714
2023-10,New Brunswick,Transportation and warehousing [48-49],17540,B,46.1328,-64.7714
2023-11,New Brunswick,Transportation and warehousing [48-49],17400,B,46.1328,-64.7714
2023-12,New Brunswick,Transportation and warehousing [48-49],17145,B,46.1328,-64.7714
2024-01,New Brunswick,Transportation and warehousing [48-49],16842,B,46.1328,-64.7714
2024-02,New Brunswick,Transportation and warehousing [48-49],16761,B,46.1328,-64.7714
2018-01,New Brunswick,Information and cultural industries [51],5555,A,46.1328,-64.7714
2018-02,New Brunswick,Information and cultural industries [51],5457,A,46.1328,-64.7714
2018-03,New Brunswick,Information and cultural industries [51],5597,A,46.1328,-64.7714
2018-04,New Brunswick,Information and cultural industries [51],5629,A,46.1328,-64.7714
2018-05,New Brunswick,Information and cultural industries [51],5663,A,46.1328,-64.7714
2018-06,New Brunswick,Information and cultural industries [51],6067,A,46.1328,-64.7714
2018-07,New Brunswick,Information and cultural industries [51],6019,A,46.1328,-64.7714
2018-08,New Brunswick,Information and cultural industries [51],6324,A,46.1328,-64.7714
2018-09,New Brunswick,Information and cultural industries [51],5950,A,46.1328,-64.7714
2018-10,New Brunswick,Information and cultural industries [51],5902,A,46.1328,-64.7714
2018-11,New Brunswick,Information and cultural industries [51],5946,A,46.1328,-64.7714
2018-12,New Brunswick,Information and cultural industries [51],5842,A,46.1328,-64.7714
2019-01,New Brunswick,Information and cultural industries [51],5736,A,46.1328,-64.7714
2019-02,New Brunswick,Information and cultural industries [51],5624,A,46.1328,-64.7714
2019-03,New Brunswick,Information and cultural industries [51],5589,A,46.1328,-64.7714
2019-04,New Brunswick,Information and cultural industries [51],5669,A,46.1328,-64.7714
2019-05,New Brunswick,Information and cultural industries [51],5869,B,46.1328,-64.7714
2019-06,New Brunswick,Information and cultural industries [51],6047,A,46.1328,-64.7714
2019-07,New Brunswick,Information and cultural industries [51],6018,A,46.1328,-64.7714
2019-08,New Brunswick,Information and cultural industries [51],5892,A,46.1328,-64.7714
2019-09,New Brunswick,Information and cultural industries [51],5939,A,46.1328,-64.7714
2019-10,New Brunswick,Information and cultural industries [51],5490,B,46.1328,-64.7714
2019-11,New Brunswick,Information and cultural industries [51],5512,B,46.1328,-64.7714
2019-12,New Brunswick,Information and cultural industries [51],5664,B,46.1328,-64.7714
2020-01,New Brunswick,Information and cultural industries [51],5605,B,46.1328,-64.7714
2020-02,New Brunswick,Information and cultural industries [51],5251,B,46.1328,-64.7714
2020-03,New Brunswick,Information and cultural industries [51],5331,B,46.1328,-64.7714
2020-04,New Brunswick,Information and cultural industries [51],5196,B,46.1328,-64.7714
2020-05,New Brunswick,Information and cultural industries [51],4992,B,46.1328,-64.7714
2020-06,New Brunswick,Information and cultural industries [51],5170,B,46.1328,-64.7714
2020-07,New Brunswick,Information and cultural industries [51],5218,A,46.1328,-64.7714
2020-08,New Brunswick,Information and cultural industries [51],5268,A,46.1328,-64.7714
2020-09,New Brunswick,Information and cultural industries [51],5249,A,46.1328,-64.7714
2020-10,New Brunswick,Information and cultural industries [51],5269,A,46.1328,-64.7714
2020-11,New Brunswick,Information and cultural industries [51],5151,C,46.1328,-64.7714
2020-12,New Brunswick,Information and cultural industries [51],5221,B,46.1328,-64.7714
2021-01,New Brunswick,Information and cultural industries [51],5696,B,46.1328,-64.7714
2021-02,New Brunswick,Information and cultural industries [51],5250,B,46.1328,-64.7714
2021-03,New Brunswick,Information and cultural industries [51],5100,A,46.1328,-64.7714
2021-04,New Brunswick,Information and cultural industries [51],5461,C,46.1328,-64.7714
2021-05,New Brunswick,Information and cultural industries [51],6109,A,46.1328,-64.7714
2021-06,New Brunswick,Information and cultural industries [51],6218,A,46.1328,-64.7714
2021-07,New Brunswick,Information and cultural industries [51],6346,A,46.1328,-64.7714
2021-08,New Brunswick,Information and cultural industries [51],6553,A,46.1328,-64.7714
2021-09,New Brunswick,Information and cultural industries [51],6293,B,46.1328,-64.7714
2021-10,New Brunswick,Information and cultural industries [51],6385,A,46.1328,-64.7714
2021-11,New Brunswick,Information and cultural industries [51],6369,A,46.1328,-64.7714
2021-12,New Brunswick,Information and cultural industries [51],6375,B,46.1328,-64.7714
2022-01,New Brunswick,Information and cultural industries [51],6342,B,46.1328,-64.7714
2022-02,New Brunswick,Information and cultural industries [51],6226,B,46.1328,-64.7714
2022-03,New Brunswick,Information and cultural industries [51],6214,A,46.1328,-64.7714
2022-04,New Brunswick,Information and cultural industries [51],6378,B,46.1328,-64.7714
2022-05,New Brunswick,Information and cultural industries [51],6232,B,46.1328,-64.7714
2022-06,New Brunswick,Information and cultural industries [51],6273,B,46.1328,-64.7714
2022-07,New Brunswick,Information and cultural industries [51],6261,C,46.1328,-64.7714
2022-08,New Brunswick,Information and cultural industries [51],6193,B,46.1328,-64.7714
2022-09,New Brunswick,Information and cultural industries [51],6172,B,46.1328,-64.7714
2022-10,New Brunswick,Information and cultural industries [51],6047,B,46.1328,-64.7714
2022-11,New Brunswick,Information and cultural industries [51],6100,D,46.1328,-64.7714
2022-12,New Brunswick,Information and cultural industries [51],6126,B,46.1328,-64.7714
2023-01,New Brunswick,Information and cultural industries [51],6216,D,46.1328,-64.7714
2023-02,New Brunswick,Information and cultural industries [51],6215,B,46.1328,-64.7714
2023-03,New Brunswick,Information and cultural industries [51],6003,B,46.1328,-64.7714
2023-04,New Brunswick,Information and cultural industries [51],5856,B,46.1328,-64.7714
2023-05,New Brunswick,Information and cultural industries [51],5940,B,46.1328,-64.7714
2023-06,New Brunswick,Information and cultural industries [51],5979,B,46.1328,-64.7714
2023-07,New Brunswick,Information and cultural industries [51],5573,A,46.1328,-64.7714
2023-08,New Brunswick,Information and cultural industries [51],5525,B,46.1328,-64.7714
2023-09,New Brunswick,Information and cultural industries [51],5585,A,46.1328,-64.7714
2023-10,New Brunswick,Information and cultural industries [51],5456,B,46.1328,-64.7714
2023-11,New Brunswick,Information and cultural industries [51],5322,B,46.1328,-64.7714
2023-12,New Brunswick,Information and cultural industries [51],5304,B,46.1328,-64.7714
2024-01,New Brunswick,Information and cultural industries [51],4635,B,46.1328,-64.7714
2024-02,New Brunswick,Information and cultural industries [51],4640,B,46.1328,-64.7714
2018-01,New Brunswick,Finance and insurance [52],15121,A,46.1328,-64.7714
2018-02,New Brunswick,Finance and insurance [52],14573,A,46.1328,-64.7714
2018-03,New Brunswick,Finance and insurance [52],14450,B,46.1328,-64.7714
2018-04,New Brunswick,Finance and insurance [52],14305,A,46.1328,-64.7714
2018-05,New Brunswick,Finance and insurance [52],15062,A,46.1328,-64.7714
2018-06,New Brunswick,Finance and insurance [52],15350,A,46.1328,-64.7714
2018-07,New Brunswick,Finance and insurance [52],15356,A,46.1328,-64.7714
2018-08,New Brunswick,Finance and insurance [52],15450,A,46.1328,-64.7714
2018-09,New Brunswick,Finance and insurance [52],15432,A,46.1328,-64.7714
2018-10,New Brunswick,Finance and insurance [52],15048,A,46.1328,-64.7714
2018-11,New Brunswick,Finance and insurance [52],15460,A,46.1328,-64.7714
2018-12,New Brunswick,Finance and insurance [52],15966,B,46.1328,-64.7714
2019-01,New Brunswick,Finance and insurance [52],15153,A,46.1328,-64.7714
2019-02,New Brunswick,Finance and insurance [52],14564,A,46.1328,-64.7714
2019-03,New Brunswick,Finance and insurance [52],15031,A,46.1328,-64.7714
2019-04,New Brunswick,Finance and insurance [52],15144,A,46.1328,-64.7714
2019-05,New Brunswick,Finance and insurance [52],15196,A,46.1328,-64.7714
2019-06,New Brunswick,Finance and insurance [52],15315,A,46.1328,-64.7714
2019-07,New Brunswick,Finance and insurance [52],15285,A,46.1328,-64.7714
2019-08,New Brunswick,Finance and insurance [52],15293,A,46.1328,-64.7714
2019-09,New Brunswick,Finance and insurance [52],14840,B,46.1328,-64.7714
2019-10,New Brunswick,Finance and insurance [52],14761,A,46.1328,-64.7714
2019-11,New Brunswick,Finance and insurance [52],14953,A,46.1328,-64.7714
2019-12,New Brunswick,Finance and insurance [52],14367,B,46.1328,-64.7714
2020-01,New Brunswick,Finance and insurance [52],14888,B,46.1328,-64.7714
2020-02,New Brunswick,Finance and insurance [52],14540,B,46.1328,-64.7714
2020-03,New Brunswick,Finance and insurance [52],14801,C,46.1328,-64.7714
2020-04,New Brunswick,Finance and insurance [52],14762,A,46.1328,-64.7714
2020-05,New Brunswick,Finance and insurance [52],15203,A,46.1328,-64.7714
2020-06,New Brunswick,Finance and insurance [52],15526,A,46.1328,-64.7714
2020-07,New Brunswick,Finance and insurance [52],15405,A,46.1328,-64.7714
2020-08,New Brunswick,Finance and insurance [52],15467,A,46.1328,-64.7714
2020-09,New Brunswick,Finance and insurance [52],15472,A,46.1328,-64.7714
2020-10,New Brunswick,Finance and insurance [52],15570,A,46.1328,-64.7714
2020-11,New Brunswick,Finance and insurance [52],15729,A,46.1328,-64.7714
2020-12,New Brunswick,Finance and insurance [52],16071,A,46.1328,-64.7714
2021-01,New Brunswick,Finance and insurance [52],15728,A,46.1328,-64.7714
2021-02,New Brunswick,Finance and insurance [52],15642,A,46.1328,-64.7714
2021-03,New Brunswick,Finance and insurance [52],15408,A,46.1328,-64.7714
2021-04,New Brunswick,Finance and insurance [52],15338,B,46.1328,-64.7714
2021-05,New Brunswick,Finance and insurance [52],15322,A,46.1328,-64.7714
2021-06,New Brunswick,Finance and insurance [52],16325,A,46.1328,-64.7714
2021-07,New Brunswick,Finance and insurance [52],15472,A,46.1328,-64.7714
2021-08,New Brunswick,Finance and insurance [52],15200,B,46.1328,-64.7714
2021-09,New Brunswick,Finance and insurance [52],14923,A,46.1328,-64.7714
2021-10,New Brunswick,Finance and insurance [52],15614,A,46.1328,-64.7714
2021-11,New Brunswick,Finance and insurance [52],15364,A,46.1328,-64.7714
2021-12,New Brunswick,Finance and insurance [52],15839,A,46.1328,-64.7714
2022-01,New Brunswick,Finance and insurance [52],15752,A,46.1328,-64.7714
2022-02,New Brunswick,Finance and insurance [52],15620,A,46.1328,-64.7714
2022-03,New Brunswick,Finance and insurance [52],15367,A,46.1328,-64.7714
2022-04,New Brunswick,Finance and insurance [52],15494,A,46.1328,-64.7714
2022-05,New Brunswick,Finance and insurance [52],15225,A,46.1328,-64.7714
2022-06,New Brunswick,Finance and insurance [52],16175,B,46.1328,-64.7714
2022-07,New Brunswick,Finance and insurance [52],16809,D,46.1328,-64.7714
2022-08,New Brunswick,Finance and insurance [52],16767,B,46.1328,-64.7714
2022-09,New Brunswick,Finance and insurance [52],17056,A,46.1328,-64.7714
2022-10,New Brunswick,Finance and insurance [52],16695,A,46.1328,-64.7714
2022-11,New Brunswick,Finance and insurance [52],16694,A,46.1328,-64.7714
2022-12,New Brunswick,Finance and insurance [52],16841,A,46.1328,-64.7714
2023-01,New Brunswick,Finance and insurance [52],16441,A,46.1328,-64.7714
2023-02,New Brunswick,Finance and insurance [52],16652,A,46.1328,-64.7714
2023-03,New Brunswick,Finance and insurance [52],16637,A,46.1328,-64.7714
2023-04,New Brunswick,Finance and insurance [52],16652,A,46.1328,-64.7714
2023-05,New Brunswick,Finance and insurance [52],16913,A,46.1328,-64.7714
2023-06,New Brunswick,Finance and insurance [52],17052,A,46.1328,-64.7714
2023-07,New Brunswick,Finance and insurance [52],17038,A,46.1328,-64.7714
2023-08,New Brunswick,Finance and insurance [52],16995,A,46.1328,-64.7714
2023-09,New Brunswick,Finance and insurance [52],16975,A,46.1328,-64.7714
2023-10,New Brunswick,Finance and insurance [52],16829,A,46.1328,-64.7714
2023-11,New Brunswick,Finance and insurance [52],16947,A,46.1328,-64.7714
2023-12,New Brunswick,Finance and insurance [52],17902,A,46.1328,-64.7714
2024-01,New Brunswick,Finance and insurance [52],16976,B,46.1328,-64.7714
2024-02,New Brunswick,Finance and insurance [52],16984,A,46.1328,-64.7714
2018-01,New Brunswick,Real estate and rental and leasing [53],4540,A,46.1328,-64.7714
2018-02,New Brunswick,Real estate and rental and leasing [53],4548,A,46.1328,-64.7714
2018-03,New Brunswick,Real estate and rental and leasing [53],4540,A,46.1328,-64.7714
2018-04,New Brunswick,Real estate and rental and leasing [53],4580,A,46.1328,-64.7714
2018-05,New Brunswick,Real estate and rental and leasing [53],4688,A,46.1328,-64.7714
2018-06,New Brunswick,Real estate and rental and leasing [53],4722,A,46.1328,-64.7714
2018-07,New Brunswick,Real estate and rental and leasing [53],4787,A,46.1328,-64.7714
2018-08,New Brunswick,Real estate and rental and leasing [53],4740,A,46.1328,-64.7714
2018-09,New Brunswick,Real estate and rental and leasing [53],4876,A,46.1328,-64.7714
2018-10,New Brunswick,Real estate and rental and leasing [53],5032,A,46.1328,-64.7714
2018-11,New Brunswick,Real estate and rental and leasing [53],4798,A,46.1328,-64.7714
2018-12,New Brunswick,Real estate and rental and leasing [53],4645,A,46.1328,-64.7714
2019-01,New Brunswick,Real estate and rental and leasing [53],4802,A,46.1328,-64.7714
2019-02,New Brunswick,Real estate and rental and leasing [53],4757,A,46.1328,-64.7714
2019-03,New Brunswick,Real estate and rental and leasing [53],4716,A,46.1328,-64.7714
2019-04,New Brunswick,Real estate and rental and leasing [53],4573,A,46.1328,-64.7714
2019-05,New Brunswick,Real estate and rental and leasing [53],4852,A,46.1328,-64.7714
2019-06,New Brunswick,Real estate and rental and leasing [53],4841,A,46.1328,-64.7714
2019-07,New Brunswick,Real estate and rental and leasing [53],4900,A,46.1328,-64.7714
2019-08,New Brunswick,Real estate and rental and leasing [53],4746,A,46.1328,-64.7714
2019-09,New Brunswick,Real estate and rental and leasing [53],4753,B,46.1328,-64.7714
2019-10,New Brunswick,Real estate and rental and leasing [53],4672,A,46.1328,-64.7714
2019-11,New Brunswick,Real estate and rental and leasing [53],4464,B,46.1328,-64.7714
2019-12,New Brunswick,Real estate and rental and leasing [53],4446,B,46.1328,-64.7714
2020-01,New Brunswick,Real estate and rental and leasing [53],4486,A,46.1328,-64.7714
2020-02,New Brunswick,Real estate and rental and leasing [53],4433,A,46.1328,-64.7714
2020-03,New Brunswick,Real estate and rental and leasing [53],4226,B,46.1328,-64.7714
2020-04,New Brunswick,Real estate and rental and leasing [53],3853,B,46.1328,-64.7714
2020-05,New Brunswick,Real estate and rental and leasing [53],3717,B,46.1328,-64.7714
2020-06,New Brunswick,Real estate and rental and leasing [53],4122,A,46.1328,-64.7714
2020-07,New Brunswick,Real estate and rental and leasing [53],4293,B,46.1328,-64.7714
2020-08,New Brunswick,Real estate and rental and leasing [53],4255,A,46.1328,-64.7714
2020-09,New Brunswick,Real estate and rental and leasing [53],4310,A,46.1328,-64.7714
2020-10,New Brunswick,Real estate and rental and leasing [53],4360,A,46.1328,-64.7714
2020-11,New Brunswick,Real estate and rental and leasing [53],4319,A,46.1328,-64.7714
2020-12,New Brunswick,Real estate and rental and leasing [53],3732,A,46.1328,-64.7714
2021-01,New Brunswick,Real estate and rental and leasing [53],3501,A,46.1328,-64.7714
2021-02,New Brunswick,Real estate and rental and leasing [53],3536,B,46.1328,-64.7714
2021-03,New Brunswick,Real estate and rental and leasing [53],3604,A,46.1328,-64.7714
2021-04,New Brunswick,Real estate and rental and leasing [53],3678,A,46.1328,-64.7714
2021-05,New Brunswick,Real estate and rental and leasing [53],3815,A,46.1328,-64.7714
2021-06,New Brunswick,Real estate and rental and leasing [53],3887,A,46.1328,-64.7714
2021-07,New Brunswick,Real estate and rental and leasing [53],3909,A,46.1328,-64.7714
2021-08,New Brunswick,Real estate and rental and leasing [53],3984,A,46.1328,-64.7714
2021-09,New Brunswick,Real estate and rental and leasing [53],4241,A,46.1328,-64.7714
2021-10,New Brunswick,Real estate and rental and leasing [53],4007,A,46.1328,-64.7714
2021-11,New Brunswick,Real estate and rental and leasing [53],3808,A,46.1328,-64.7714
2021-12,New Brunswick,Real estate and rental and leasing [53],3981,B,46.1328,-64.7714
2022-01,New Brunswick,Real estate and rental and leasing [53],3691,A,46.1328,-64.7714
2022-02,New Brunswick,Real estate and rental and leasing [53],3657,B,46.1328,-64.7714
2022-03,New Brunswick,Real estate and rental and leasing [53],3696,A,46.1328,-64.7714
2022-04,New Brunswick,Real estate and rental and leasing [53],3780,A,46.1328,-64.7714
2022-05,New Brunswick,Real estate and rental and leasing [53],3859,A,46.1328,-64.7714
2022-06,New Brunswick,Real estate and rental and leasing [53],4018,B,46.1328,-64.7714
2022-07,New Brunswick,Real estate and rental and leasing [53],4144,B,46.1328,-64.7714
2022-08,New Brunswick,Real estate and rental and leasing [53],4199,B,46.1328,-64.7714
2022-09,New Brunswick,Real estate and rental and leasing [53],4071,B,46.1328,-64.7714
2022-10,New Brunswick,Real estate and rental and leasing [53],3909,B,46.1328,-64.7714
2022-11,New Brunswick,Real estate and rental and leasing [53],3949,A,46.1328,-64.7714
2022-12,New Brunswick,Real estate and rental and leasing [53],3954,A,46.1328,-64.7714
2023-01,New Brunswick,Real estate and rental and leasing [53],3916,B,46.1328,-64.7714
2023-02,New Brunswick,Real estate and rental and leasing [53],3915,B,46.1328,-64.7714
2023-03,New Brunswick,Real estate and rental and leasing [53],3838,B,46.1328,-64.7714
2023-04,New Brunswick,Real estate and rental and leasing [53],3968,B,46.1328,-64.7714
2023-05,New Brunswick,Real estate and rental and leasing [53],4064,B,46.1328,-64.7714
2023-06,New Brunswick,Real estate and rental and leasing [53],4254,B,46.1328,-64.7714
2023-07,New Brunswick,Real estate and rental and leasing [53],4248,B,46.1328,-64.7714
2023-08,New Brunswick,Real estate and rental and leasing [53],4231,B,46.1328,-64.7714
2023-09,New Brunswick,Real estate and rental and leasing [53],4285,B,46.1328,-64.7714
2023-10,New Brunswick,Real estate and rental and leasing [53],4146,B,46.1328,-64.7714
2023-11,New Brunswick,Real estate and rental and leasing [53],4075,B,46.1328,-64.7714
2023-12,New Brunswick,Real estate and rental and leasing [53],4110,B,46.1328,-64.7714
2024-01,New Brunswick,Real estate and rental and leasing [53],4036,A,46.1328,-64.7714
2024-02,New Brunswick,Real estate and rental and leasing [53],3984,B,46.1328,-64.7714
2018-01,New Brunswick,"Professional, scientific and technical services [54,541]",10918,A,46.1328,-64.7714
2018-02,New Brunswick,"Professional, scientific and technical services [54,541]",11117,A,46.1328,-64.7714
2018-03,New Brunswick,"Professional, scientific and technical services [54,541]",11237,A,46.1328,-64.7714
2018-04,New Brunswick,"Professional, scientific and technical services [54,541]",11358,A,46.1328,-64.7714
2018-05,New Brunswick,"Professional, scientific and technical services [54,541]",11700,A,46.1328,-64.7714
2018-06,New Brunswick,"Professional, scientific and technical services [54,541]",11751,A,46.1328,-64.7714
2018-07,New Brunswick,"Professional, scientific and technical services [54,541]",11704,A,46.1328,-64.7714
2018-08,New Brunswick,"Professional, scientific and technical services [54,541]",11905,A,46.1328,-64.7714
2018-09,New Brunswick,"Professional, scientific and technical services [54,541]",11770,A,46.1328,-64.7714
2018-10,New Brunswick,"Professional, scientific and technical services [54,541]",11874,A,46.1328,-64.7714
2018-11,New Brunswick,"Professional, scientific and technical services [54,541]",11970,A,46.1328,-64.7714
2018-12,New Brunswick,"Professional, scientific and technical services [54,541]",11915,A,46.1328,-64.7714
2019-01,New Brunswick,"Professional, scientific and technical services [54,541]",11814,A,46.1328,-64.7714
2019-02,New Brunswick,"Professional, scientific and technical services [54,541]",11788,A,46.1328,-64.7714
2019-03,New Brunswick,"Professional, scientific and technical services [54,541]",11855,A,46.1328,-64.7714
2019-04,New Brunswick,"Professional, scientific and technical services [54,541]",11866,A,46.1328,-64.7714
2019-05,New Brunswick,"Professional, scientific and technical services [54,541]",12241,A,46.1328,-64.7714
2019-06,New Brunswick,"Professional, scientific and technical services [54,541]",12161,A,46.1328,-64.7714
2019-07,New Brunswick,"Professional, scientific and technical services [54,541]",12114,A,46.1328,-64.7714
2019-08,New Brunswick,"Professional, scientific and technical services [54,541]",12129,A,46.1328,-64.7714
2019-09,New Brunswick,"Professional, scientific and technical services [54,541]",12246,A,46.1328,-64.7714
2019-10,New Brunswick,"Professional, scientific and technical services [54,541]",12471,A,46.1328,-64.7714
2019-11,New Brunswick,"Professional, scientific and technical services [54,541]",12120,A,46.1328,-64.7714
2019-12,New Brunswick,"Professional, scientific and technical services [54,541]",12227,A,46.1328,-64.7714
2020-01,New Brunswick,"Professional, scientific and technical services [54,541]",12134,A,46.1328,-64.7714
2020-02,New Brunswick,"Professional, scientific and technical services [54,541]",12195,B,46.1328,-64.7714
2020-03,New Brunswick,"Professional, scientific and technical services [54,541]",12122,B,46.1328,-64.7714
2020-04,New Brunswick,"Professional, scientific and technical services [54,541]",11618,B,46.1328,-64.7714
2020-05,New Brunswick,"Professional, scientific and technical services [54,541]",11479,B,46.1328,-64.7714
2020-06,New Brunswick,"Professional, scientific and technical services [54,541]",11814,B,46.1328,-64.7714
2020-07,New Brunswick,"Professional, scientific and technical services [54,541]",11997,B,46.1328,-64.7714
2020-08,New Brunswick,"Professional, scientific and technical services [54,541]",11810,B,46.1328,-64.7714
2020-09,New Brunswick,"Professional, scientific and technical services [54,541]",12104,A,46.1328,-64.7714
2020-10,New Brunswick,"Professional, scientific and technical services [54,541]",12104,A,46.1328,-64.7714
2020-11,New Brunswick,"Professional, scientific and technical services [54,541]",12308,A,46.1328,-64.7714
2020-12,New Brunswick,"Professional, scientific and technical services [54,541]",12392,A,46.1328,-64.7714
2021-01,New Brunswick,"Professional, scientific and technical services [54,541]",12357,A,46.1328,-64.7714
2021-02,New Brunswick,"Professional, scientific and technical services [54,541]",12415,B,46.1328,-64.7714
2021-03,New Brunswick,"Professional, scientific and technical services [54,541]",12708,B,46.1328,-64.7714
2021-04,New Brunswick,"Professional, scientific and technical services [54,541]",12792,B,46.1328,-64.7714
2021-05,New Brunswick,"Professional, scientific and technical services [54,541]",13057,A,46.1328,-64.7714
2021-06,New Brunswick,"Professional, scientific and technical services [54,541]",13232,A,46.1328,-64.7714
2021-07,New Brunswick,"Professional, scientific and technical services [54,541]",13688,A,46.1328,-64.7714
2021-08,New Brunswick,"Professional, scientific and technical services [54,541]",13729,B,46.1328,-64.7714
2021-09,New Brunswick,"Professional, scientific and technical services [54,541]",13464,A,46.1328,-64.7714
2021-10,New Brunswick,"Professional, scientific and technical services [54,541]",13533,B,46.1328,-64.7714
2021-11,New Brunswick,"Professional, scientific and technical services [54,541]",13728,A,46.1328,-64.7714
2021-12,New Brunswick,"Professional, scientific and technical services [54,541]",13904,A,46.1328,-64.7714
2022-01,New Brunswick,"Professional, scientific and technical services [54,541]",13499,B,46.1328,-64.7714
2022-02,New Brunswick,"Professional, scientific and technical services [54,541]",13501,B,46.1328,-64.7714
2022-03,New Brunswick,"Professional, scientific and technical services [54,541]",13858,B,46.1328,-64.7714
2022-04,New Brunswick,"Professional, scientific and technical services [54,541]",14211,B,46.1328,-64.7714
2022-05,New Brunswick,"Professional, scientific and technical services [54,541]",14440,B,46.1328,-64.7714
2022-06,New Brunswick,"Professional, scientific and technical services [54,541]",14848,B,46.1328,-64.7714
2022-07,New Brunswick,"Professional, scientific and technical services [54,541]",14757,B,46.1328,-64.7714
2022-08,New Brunswick,"Professional, scientific and technical services [54,541]",14716,B,46.1328,-64.7714
2022-09,New Brunswick,"Professional, scientific and technical services [54,541]",14611,B,46.1328,-64.7714
2022-10,New Brunswick,"Professional, scientific and technical services [54,541]",14472,B,46.1328,-64.7714
2022-11,New Brunswick,"Professional, scientific and technical services [54,541]",14529,B,46.1328,-64.7714
2022-12,New Brunswick,"Professional, scientific and technical services [54,541]",14637,B,46.1328,-64.7714
2023-01,New Brunswick,"Professional, scientific and technical services [54,541]",14561,B,46.1328,-64.7714
2023-02,New Brunswick,"Professional, scientific and technical services [54,541]",14517,B,46.1328,-64.7714
2023-03,New Brunswick,"Professional, scientific and technical services [54,541]",14644,A,46.1328,-64.7714
2023-04,New Brunswick,"Professional, scientific and technical services [54,541]",14611,A,46.1328,-64.7714
2023-05,New Brunswick,"Professional, scientific and technical services [54,541]",15041,B,46.1328,-64.7714
2023-06,New Brunswick,"Professional, scientific and technical services [54,541]",15099,B,46.1328,-64.7714
2023-07,New Brunswick,"Professional, scientific and technical services [54,541]",15114,A,46.1328,-64.7714
2023-08,New Brunswick,"Professional, scientific and technical services [54,541]",14918,A,46.1328,-64.7714
2023-09,New Brunswick,"Professional, scientific and technical services [54,541]",14769,A,46.1328,-64.7714
2023-10,New Brunswick,"Professional, scientific and technical services [54,541]",14715,A,46.1328,-64.7714
2023-11,New Brunswick,"Professional, scientific and technical services [54,541]",14723,A,46.1328,-64.7714
2023-12,New Brunswick,"Professional, scientific and technical services [54,541]",14459,A,46.1328,-64.7714
2024-01,New Brunswick,"Professional, scientific and technical services [54,541]",14207,A,46.1328,-64.7714
2024-02,New Brunswick,"Professional, scientific and technical services [54,541]",14234,B,46.1328,-64.7714
2018-01,New Brunswick,"Management of companies and enterprises [55,551,5511]",958,A,46.1328,-64.7714
2018-02,New Brunswick,"Management of companies and enterprises [55,551,5511]",969,A,46.1328,-64.7714
2018-03,New Brunswick,"Management of companies and enterprises [55,551,5511]",701,A,46.1328,-64.7714
2018-04,New Brunswick,"Management of companies and enterprises [55,551,5511]",715,A,46.1328,-64.7714
2018-05,New Brunswick,"Management of companies and enterprises [55,551,5511]",976,A,46.1328,-64.7714
2018-06,New Brunswick,"Management of companies and enterprises [55,551,5511]",1134,A,46.1328,-64.7714
2018-07,New Brunswick,"Management of companies and enterprises [55,551,5511]",1071,A,46.1328,-64.7714
2018-08,New Brunswick,"Management of companies and enterprises [55,551,5511]",1023,C,46.1328,-64.7714
2018-09,New Brunswick,"Management of companies and enterprises [55,551,5511]",927,A,46.1328,-64.7714
2018-10,New Brunswick,"Management of companies and enterprises [55,551,5511]",877,B,46.1328,-64.7714
2018-11,New Brunswick,"Management of companies and enterprises [55,551,5511]",859,B,46.1328,-64.7714
2018-12,New Brunswick,"Management of companies and enterprises [55,551,5511]",767,A,46.1328,-64.7714
2019-01,New Brunswick,"Management of companies and enterprises [55,551,5511]",862,C,46.1328,-64.7714
2019-02,New Brunswick,"Management of companies and enterprises [55,551,5511]",845,A,46.1328,-64.7714
2019-03,New Brunswick,"Management of companies and enterprises [55,551,5511]",736,A,46.1328,-64.7714
2019-04,New Brunswick,"Management of companies and enterprises [55,551,5511]",933,A,46.1328,-64.7714
2019-05,New Brunswick,"Management of companies and enterprises [55,551,5511]",968,A,46.1328,-64.7714
2019-06,New Brunswick,"Management of companies and enterprises [55,551,5511]",995,A,46.1328,-64.7714
2019-07,New Brunswick,"Management of companies and enterprises [55,551,5511]",841,A,46.1328,-64.7714
2019-08,New Brunswick,"Management of companies and enterprises [55,551,5511]",824,A,46.1328,-64.7714
2019-09,New Brunswick,"Management of companies and enterprises [55,551,5511]",846,A,46.1328,-64.7714
2019-10,New Brunswick,"Management of companies and enterprises [55,551,5511]",835,A,46.1328,-64.7714
2019-11,New Brunswick,"Management of companies and enterprises [55,551,5511]",836,B,46.1328,-64.7714
2019-12,New Brunswick,"Management of companies and enterprises [55,551,5511]",799,C,46.1328,-64.7714
2020-01,New Brunswick,"Management of companies and enterprises [55,551,5511]",817,A,46.1328,-64.7714
2020-02,New Brunswick,"Management of companies and enterprises [55,551,5511]",762,B,46.1328,-64.7714
2020-03,New Brunswick,"Management of companies and enterprises [55,551,5511]",729,D,46.1328,-64.7714
2020-04,New Brunswick,"Management of companies and enterprises [55,551,5511]",669,B,46.1328,-64.7714
2020-05,New Brunswick,"Management of companies and enterprises [55,551,5511]",710,B,46.1328,-64.7714
2020-06,New Brunswick,"Management of companies and enterprises [55,551,5511]",830,B,46.1328,-64.7714
2020-07,New Brunswick,"Management of companies and enterprises [55,551,5511]",787,B,46.1328,-64.7714
2020-08,New Brunswick,"Management of companies and enterprises [55,551,5511]",827,B,46.1328,-64.7714
2020-09,New Brunswick,"Management of companies and enterprises [55,551,5511]",825,B,46.1328,-64.7714
2020-10,New Brunswick,"Management of companies and enterprises [55,551,5511]",973,C,46.1328,-64.7714
2020-11,New Brunswick,"Management of companies and enterprises [55,551,5511]",966,B,46.1328,-64.7714
2020-12,New Brunswick,"Management of companies and enterprises [55,551,5511]",1101,B,46.1328,-64.7714
2021-01,New Brunswick,"Management of companies and enterprises [55,551,5511]",1212,B,46.1328,-64.7714
2021-02,New Brunswick,"Management of companies and enterprises [55,551,5511]",1312,A,46.1328,-64.7714
2021-03,New Brunswick,"Management of companies and enterprises [55,551,5511]",1352,A,46.1328,-64.7714
2021-04,New Brunswick,"Management of companies and enterprises [55,551,5511]",1352,A,46.1328,-64.7714
2021-05,New Brunswick,"Management of companies and enterprises [55,551,5511]",1299,B,46.1328,-64.7714
2021-06,New Brunswick,"Management of companies and enterprises [55,551,5511]",1216,A,46.1328,-64.7714
2021-07,New Brunswick,"Management of companies and enterprises [55,551,5511]",1273,A,46.1328,-64.7714
2021-08,New Brunswick,"Management of companies and enterprises [55,551,5511]",1279,A,46.1328,-64.7714
2021-09,New Brunswick,"Management of companies and enterprises [55,551,5511]",1297,A,46.1328,-64.7714
2021-10,New Brunswick,"Management of companies and enterprises [55,551,5511]",1368,A,46.1328,-64.7714
2021-11,New Brunswick,"Management of companies and enterprises [55,551,5511]",1381,A,46.1328,-64.7714
2021-12,New Brunswick,"Management of companies and enterprises [55,551,5511]",1522,A,46.1328,-64.7714
2022-01,New Brunswick,"Management of companies and enterprises [55,551,5511]",1437,B,46.1328,-64.7714
2022-02,New Brunswick,"Management of companies and enterprises [55,551,5511]",1447,B,46.1328,-64.7714
2022-03,New Brunswick,"Management of companies and enterprises [55,551,5511]",988,B,46.1328,-64.7714
2022-04,New Brunswick,"Management of companies and enterprises [55,551,5511]",997,A,46.1328,-64.7714
2022-05,New Brunswick,"Management of companies and enterprises [55,551,5511]",1025,A,46.1328,-64.7714
2022-06,New Brunswick,"Management of companies and enterprises [55,551,5511]",1024,C,46.1328,-64.7714
2022-07,New Brunswick,"Management of companies and enterprises [55,551,5511]",1052,B,46.1328,-64.7714
2022-08,New Brunswick,"Management of companies and enterprises [55,551,5511]",1082,B,46.1328,-64.7714
2022-09,New Brunswick,"Management of companies and enterprises [55,551,5511]",1027,A,46.1328,-64.7714
2022-10,New Brunswick,"Management of companies and enterprises [55,551,5511]",1069,A,46.1328,-64.7714
2022-11,New Brunswick,"Management of companies and enterprises [55,551,5511]",1076,A,46.1328,-64.7714
2022-12,New Brunswick,"Management of companies and enterprises [55,551,5511]",1095,B,46.1328,-64.7714
2023-01,New Brunswick,"Management of companies and enterprises [55,551,5511]",1126,B,46.1328,-64.7714
2023-02,New Brunswick,"Management of companies and enterprises [55,551,5511]",1158,B,46.1328,-64.7714
2023-03,New Brunswick,"Management of companies and enterprises [55,551,5511]",1165,B,46.1328,-64.7714
2023-04,New Brunswick,"Management of companies and enterprises [55,551,5511]",1192,B,46.1328,-64.7714
2023-05,New Brunswick,"Management of companies and enterprises [55,551,5511]",1148,A,46.1328,-64.7714
2023-06,New Brunswick,"Management of companies and enterprises [55,551,5511]",1180,B,46.1328,-64.7714
2023-07,New Brunswick,"Management of companies and enterprises [55,551,5511]",1233,B,46.1328,-64.7714
2023-08,New Brunswick,"Management of companies and enterprises [55,551,5511]",1256,A,46.1328,-64.7714
2023-09,New Brunswick,"Management of companies and enterprises [55,551,5511]",1277,A,46.1328,-64.7714
2023-10,New Brunswick,"Management of companies and enterprises [55,551,5511]",1318,B,46.1328,-64.7714
2023-11,New Brunswick,"Management of companies and enterprises [55,551,5511]",1339,B,46.1328,-64.7714
2023-12,New Brunswick,"Management of companies and enterprises [55,551,5511]",1320,B,46.1328,-64.7714
2024-01,New Brunswick,"Management of companies and enterprises [55,551,5511]",1299,A,46.1328,-64.7714
2024-02,New Brunswick,"Management of companies and enterprises [55,551,5511]",1262,A,46.1328,-64.7714
2018-01,New Brunswick,"Administrative and support, waste management and remediation services [56]",13499,A,46.1328,-64.7714
2018-02,New Brunswick,"Administrative and support, waste management and remediation services [56]",13395,A,46.1328,-64.7714
2018-03,New Brunswick,"Administrative and support, waste management and remediation services [56]",14380,A,46.1328,-64.7714
2018-04,New Brunswick,"Administrative and support, waste management and remediation services [56]",14352,A,46.1328,-64.7714
2018-05,New Brunswick,"Administrative and support, waste management and remediation services [56]",14968,A,46.1328,-64.7714
2018-06,New Brunswick,"Administrative and support, waste management and remediation services [56]",14891,A,46.1328,-64.7714
2018-07,New Brunswick,"Administrative and support, waste management and remediation services [56]",14723,A,46.1328,-64.7714
2018-08,New Brunswick,"Administrative and support, waste management and remediation services [56]",14987,A,46.1328,-64.7714
2018-09,New Brunswick,"Administrative and support, waste management and remediation services [56]",15029,A,46.1328,-64.7714
2018-10,New Brunswick,"Administrative and support, waste management and remediation services [56]",15007,A,46.1328,-64.7714
2018-11,New Brunswick,"Administrative and support, waste management and remediation services [56]",15510,A,46.1328,-64.7714
2018-12,New Brunswick,"Administrative and support, waste management and remediation services [56]",14894,A,46.1328,-64.7714
2019-01,New Brunswick,"Administrative and support, waste management and remediation services [56]",15304,A,46.1328,-64.7714
2019-02,New Brunswick,"Administrative and support, waste management and remediation services [56]",15380,A,46.1328,-64.7714
2019-03,New Brunswick,"Administrative and support, waste management and remediation services [56]",15539,A,46.1328,-64.7714
2019-04,New Brunswick,"Administrative and support, waste management and remediation services [56]",15134,A,46.1328,-64.7714
2019-05,New Brunswick,"Administrative and support, waste management and remediation services [56]",15718,A,46.1328,-64.7714
2019-06,New Brunswick,"Administrative and support, waste management and remediation services [56]",16216,A,46.1328,-64.7714
2019-07,New Brunswick,"Administrative and support, waste management and remediation services [56]",16871,A,46.1328,-64.7714
2019-08,New Brunswick,"Administrative and support, waste management and remediation services [56]",16850,A,46.1328,-64.7714
2019-09,New Brunswick,"Administrative and support, waste management and remediation services [56]",16269,A,46.1328,-64.7714
2019-10,New Brunswick,"Administrative and support, waste management and remediation services [56]",16177,A,46.1328,-64.7714
2019-11,New Brunswick,"Administrative and support, waste management and remediation services [56]",15828,B,46.1328,-64.7714
2019-12,New Brunswick,"Administrative and support, waste management and remediation services [56]",15591,A,46.1328,-64.7714
2020-01,New Brunswick,"Administrative and support, waste management and remediation services [56]",15385,A,46.1328,-64.7714
2020-02,New Brunswick,"Administrative and support, waste management and remediation services [56]",15168,A,46.1328,-64.7714
2020-03,New Brunswick,"Administrative and support, waste management and remediation services [56]",14798,B,46.1328,-64.7714
2020-04,New Brunswick,"Administrative and support, waste management and remediation services [56]",13136,B,46.1328,-64.7714
2020-05,New Brunswick,"Administrative and support, waste management and remediation services [56]",13576,B,46.1328,-64.7714
2020-06,New Brunswick,"Administrative and support, waste management and remediation services [56]",14031,B,46.1328,-64.7714
2020-07,New Brunswick,"Administrative and support, waste management and remediation services [56]",14928,B,46.1328,-64.7714
2020-08,New Brunswick,"Administrative and support, waste management and remediation services [56]",14994,B,46.1328,-64.7714
2020-09,New Brunswick,"Administrative and support, waste management and remediation services [56]",15140,A,46.1328,-64.7714
2020-10,New Brunswick,"Administrative and support, waste management and remediation services [56]",15078,A,46.1328,-64.7714
2020-11,New Brunswick,"Administrative and support, waste management and remediation services [56]",15150,B,46.1328,-64.7714
2020-12,New Brunswick,"Administrative and support, waste management and remediation services [56]",15033,B,46.1328,-64.7714
2021-01,New Brunswick,"Administrative and support, waste management and remediation services [56]",14718,A,46.1328,-64.7714
2021-02,New Brunswick,"Administrative and support, waste management and remediation services [56]",14405,A,46.1328,-64.7714
2021-03,New Brunswick,"Administrative and support, waste management and remediation services [56]",14614,B,46.1328,-64.7714
2021-04,New Brunswick,"Administrative and support, waste management and remediation services [56]",15007,B,46.1328,-64.7714
2021-05,New Brunswick,"Administrative and support, waste management and remediation services [56]",15672,B,46.1328,-64.7714
2021-06,New Brunswick,"Administrative and support, waste management and remediation services [56]",16278,B,46.1328,-64.7714
2021-07,New Brunswick,"Administrative and support, waste management and remediation services [56]",16066,B,46.1328,-64.7714
2021-08,New Brunswick,"Administrative and support, waste management and remediation services [56]",15494,B,46.1328,-64.7714
2021-09,New Brunswick,"Administrative and support, waste management and remediation services [56]",15323,B,46.1328,-64.7714
2021-10,New Brunswick,"Administrative and support, waste management and remediation services [56]",14922,B,46.1328,-64.7714
2021-11,New Brunswick,"Administrative and support, waste management and remediation services [56]",15095,B,46.1328,-64.7714
2021-12,New Brunswick,"Administrative and support, waste management and remediation services [56]",15144,A,46.1328,-64.7714
2022-01,New Brunswick,"Administrative and support, waste management and remediation services [56]",14652,B,46.1328,-64.7714
2022-02,New Brunswick,"Administrative and support, waste management and remediation services [56]",14617,B,46.1328,-64.7714
2022-03,New Brunswick,"Administrative and support, waste management and remediation services [56]",13824,B,46.1328,-64.7714
2022-04,New Brunswick,"Administrative and support, waste management and remediation services [56]",14181,A,46.1328,-64.7714
2022-05,New Brunswick,"Administrative and support, waste management and remediation services [56]",14538,B,46.1328,-64.7714
2022-06,New Brunswick,"Administrative and support, waste management and remediation services [56]",15469,B,46.1328,-64.7714
2022-07,New Brunswick,"Administrative and support, waste management and remediation services [56]",15251,B,46.1328,-64.7714
2022-08,New Brunswick,"Administrative and support, waste management and remediation services [56]",15197,B,46.1328,-64.7714
2022-09,New Brunswick,"Administrative and support, waste management and remediation services [56]",15217,B,46.1328,-64.7714
2022-10,New Brunswick,"Administrative and support, waste management and remediation services [56]",15048,B,46.1328,-64.7714
2022-11,New Brunswick,"Administrative and support, waste management and remediation services [56]",14665,B,46.1328,-64.7714
2022-12,New Brunswick,"Administrative and support, waste management and remediation services [56]",14469,B,46.1328,-64.7714
2023-01,New Brunswick,"Administrative and support, waste management and remediation services [56]",14274,B,46.1328,-64.7714
2023-02,New Brunswick,"Administrative and support, waste management and remediation services [56]",14359,A,46.1328,-64.7714
2023-03,New Brunswick,"Administrative and support, waste management and remediation services [56]",14275,B,46.1328,-64.7714
2023-04,New Brunswick,"Administrative and support, waste management and remediation services [56]",14398,B,46.1328,-64.7714
2023-05,New Brunswick,"Administrative and support, waste management and remediation services [56]",14998,A,46.1328,-64.7714
2023-06,New Brunswick,"Administrative and support, waste management and remediation services [56]",15179,B,46.1328,-64.7714
2023-07,New Brunswick,"Administrative and support, waste management and remediation services [56]",15031,B,46.1328,-64.7714
2023-08,New Brunswick,"Administrative and support, waste management and remediation services [56]",15057,B,46.1328,-64.7714
2023-09,New Brunswick,"Administrative and support, waste management and remediation services [56]",14986,B,46.1328,-64.7714
2023-10,New Brunswick,"Administrative and support, waste management and remediation services [56]",14820,B,46.1328,-64.7714
2023-11,New Brunswick,"Administrative and support, waste management and remediation services [56]",14429,B,46.1328,-64.7714
2023-12,New Brunswick,"Administrative and support, waste management and remediation services [56]",13878,B,46.1328,-64.7714
2024-01,New Brunswick,"Administrative and support, waste management and remediation services [56]",12719,B,46.1328,-64.7714
2024-02,New Brunswick,"Administrative and support, waste management and remediation services [56]",11884,B,46.1328,-64.7714
2018-01,New Brunswick,"Educational services [61,611]",20446,A,46.1328,-64.7714
2018-02,New Brunswick,"Educational services [61,611]",22294,A,46.1328,-64.7714
2018-03,New Brunswick,"Educational services [61,611]",21586,A,46.1328,-64.7714
2018-04,New Brunswick,"Educational services [61,611]",21384,A,46.1328,-64.7714
2018-05,New Brunswick,"Educational services [61,611]",20437,A,46.1328,-64.7714
2018-06,New Brunswick,"Educational services [61,611]",20107,A,46.1328,-64.7714
2018-07,New Brunswick,"Educational services [61,611]",17283,A,46.1328,-64.7714
2018-08,New Brunswick,"Educational services [61,611]",17274,A,46.1328,-64.7714
2018-09,New Brunswick,"Educational services [61,611]",19594,A,46.1328,-64.7714
2018-10,New Brunswick,"Educational services [61,611]",21249,A,46.1328,-64.7714
2018-11,New Brunswick,"Educational services [61,611]",22182,A,46.1328,-64.7714
2018-12,New Brunswick,"Educational services [61,611]",21970,A,46.1328,-64.7714
2019-01,New Brunswick,"Educational services [61,611]",20571,A,46.1328,-64.7714
2019-02,New Brunswick,"Educational services [61,611]",21730,A,46.1328,-64.7714
2019-03,New Brunswick,"Educational services [61,611]",21776,A,46.1328,-64.7714
2019-04,New Brunswick,"Educational services [61,611]",21358,A,46.1328,-64.7714
2019-05,New Brunswick,"Educational services [61,611]",20403,A,46.1328,-64.7714
2019-06,New Brunswick,"Educational services [61,611]",20447,A,46.1328,-64.7714
2019-07,New Brunswick,"Educational services [61,611]",17557,A,46.1328,-64.7714
2019-08,New Brunswick,"Educational services [61,611]",17389,A,46.1328,-64.7714
2019-09,New Brunswick,"Educational services [61,611]",20724,B,46.1328,-64.7714
2019-10,New Brunswick,"Educational services [61,611]",21989,A,46.1328,-64.7714
2019-11,New Brunswick,"Educational services [61,611]",22527,A,46.1328,-64.7714
2019-12,New Brunswick,"Educational services [61,611]",22568,A,46.1328,-64.7714
2020-01,New Brunswick,"Educational services [61,611]",21566,A,46.1328,-64.7714
2020-02,New Brunswick,"Educational services [61,611]",22629,B,46.1328,-64.7714
2020-03,New Brunswick,"Educational services [61,611]",22378,A,46.1328,-64.7714
2020-04,New Brunswick,"Educational services [61,611]",20356,A,46.1328,-64.7714
2020-05,New Brunswick,"Educational services [61,611]",19390,A,46.1328,-64.7714
2020-06,New Brunswick,"Educational services [61,611]",20416,A,46.1328,-64.7714
2020-07,New Brunswick,"Educational services [61,611]",17838,B,46.1328,-64.7714
2020-08,New Brunswick,"Educational services [61,611]",15659,A,46.1328,-64.7714
2020-09,New Brunswick,"Educational services [61,611]",21145,B,46.1328,-64.7714
2020-10,New Brunswick,"Educational services [61,611]",21712,A,46.1328,-64.7714
2020-11,New Brunswick,"Educational services [61,611]",22307,A,46.1328,-64.7714
2020-12,New Brunswick,"Educational services [61,611]",22557,A,46.1328,-64.7714
2021-01,New Brunswick,"Educational services [61,611]",21552,A,46.1328,-64.7714
2021-02,New Brunswick,"Educational services [61,611]",22837,A,46.1328,-64.7714
2021-03,New Brunswick,"Educational services [61,611]",21871,A,46.1328,-64.7714
2021-04,New Brunswick,"Educational services [61,611]",21845,A,46.1328,-64.7714
2021-05,New Brunswick,"Educational services [61,611]",20463,A,46.1328,-64.7714
2021-06,New Brunswick,"Educational services [61,611]",20390,A,46.1328,-64.7714
2021-07,New Brunswick,"Educational services [61,611]",17977,C,46.1328,-64.7714
2021-08,New Brunswick,"Educational services [61,611]",16413,B,46.1328,-64.7714
2021-09,New Brunswick,"Educational services [61,611]",19673,C,46.1328,-64.7714
2021-10,New Brunswick,"Educational services [61,611]",21944,B,46.1328,-64.7714
2021-11,New Brunswick,"Educational services [61,611]",22560,B,46.1328,-64.7714
2021-12,New Brunswick,"Educational services [61,611]",23394,B,46.1328,-64.7714
2022-01,New Brunswick,"Educational services [61,611]",20981,B,46.1328,-64.7714
2022-02,New Brunswick,"Educational services [61,611]",23114,A,46.1328,-64.7714
2022-03,New Brunswick,"Educational services [61,611]",23545,A,46.1328,-64.7714
2022-04,New Brunswick,"Educational services [61,611]",23647,A,46.1328,-64.7714
2022-05,New Brunswick,"Educational services [61,611]",22242,A,46.1328,-64.7714
2022-06,New Brunswick,"Educational services [61,611]",22473,B,46.1328,-64.7714
2022-07,New Brunswick,"Educational services [61,611]",19208,B,46.1328,-64.7714
2022-08,New Brunswick,"Educational services [61,611]",19041,A,46.1328,-64.7714
2022-09,New Brunswick,"Educational services [61,611]",21870,B,46.1328,-64.7714
2022-10,New Brunswick,"Educational services [61,611]",24286,B,46.1328,-64.7714
2022-11,New Brunswick,"Educational services [61,611]",24672,B,46.1328,-64.7714
2022-12,New Brunswick,"Educational services [61,611]",25203,A,46.1328,-64.7714
2023-01,New Brunswick,"Educational services [61,611]",23212,B,46.1328,-64.7714
2023-02,New Brunswick,"Educational services [61,611]",25558,B,46.1328,-64.7714
2023-03,New Brunswick,"Educational services [61,611]",24568,A,46.1328,-64.7714
2023-04,New Brunswick,"Educational services [61,611]",24502,A,46.1328,-64.7714
2023-05,New Brunswick,"Educational services [61,611]",22872,A,46.1328,-64.7714
2023-06,New Brunswick,"Educational services [61,611]",22914,A,46.1328,-64.7714
2023-07,New Brunswick,"Educational services [61,611]",19982,A,46.1328,-64.7714
2023-08,New Brunswick,"Educational services [61,611]",19693,A,46.1328,-64.7714
2023-09,New Brunswick,"Educational services [61,611]",22618,B,46.1328,-64.7714
2023-10,New Brunswick,"Educational services [61,611]",25114,A,46.1328,-64.7714
2023-11,New Brunswick,"Educational services [61,611]",25358,A,46.1328,-64.7714
2023-12,New Brunswick,"Educational services [61,611]",25467,A,46.1328,-64.7714
2024-01,New Brunswick,"Educational services [61,611]",23923,A,46.1328,-64.7714
2024-02,New Brunswick,"Educational services [61,611]",24478,A,46.1328,-64.7714
2018-01,New Brunswick,Health care and social assistance [62],44736,A,46.1328,-64.7714
2018-02,New Brunswick,Health care and social assistance [62],45525,A,46.1328,-64.7714
2018-03,New Brunswick,Health care and social assistance [62],45599,A,46.1328,-64.7714
2018-04,New Brunswick,Health care and social assistance [62],45763,A,46.1328,-64.7714
2018-05,New Brunswick,Health care and social assistance [62],46223,A,46.1328,-64.7714
2018-06,New Brunswick,Health care and social assistance [62],47146,A,46.1328,-64.7714
2018-07,New Brunswick,Health care and social assistance [62],47637,A,46.1328,-64.7714
2018-08,New Brunswick,Health care and social assistance [62],48177,A,46.1328,-64.7714
2018-09,New Brunswick,Health care and social assistance [62],47621,A,46.1328,-64.7714
2018-10,New Brunswick,Health care and social assistance [62],47385,A,46.1328,-64.7714
2018-11,New Brunswick,Health care and social assistance [62],47196,A,46.1328,-64.7714
2018-12,New Brunswick,Health care and social assistance [62],48253,A,46.1328,-64.7714
2019-01,New Brunswick,Health care and social assistance [62],47873,A,46.1328,-64.7714
2019-02,New Brunswick,Health care and social assistance [62],47909,A,46.1328,-64.7714
2019-03,New Brunswick,Health care and social assistance [62],47955,A,46.1328,-64.7714
2019-04,New Brunswick,Health care and social assistance [62],47988,A,46.1328,-64.7714
2019-05,New Brunswick,Health care and social assistance [62],49279,A,46.1328,-64.7714
2019-06,New Brunswick,Health care and social assistance [62],49943,A,46.1328,-64.7714
2019-07,New Brunswick,Health care and social assistance [62],51070,A,46.1328,-64.7714
2019-08,New Brunswick,Health care and social assistance [62],50611,A,46.1328,-64.7714
2019-09,New Brunswick,Health care and social assistance [62],50544,A,46.1328,-64.7714
2019-10,New Brunswick,Health care and social assistance [62],50107,B,46.1328,-64.7714
2019-11,New Brunswick,Health care and social assistance [62],49242,A,46.1328,-64.7714
2019-12,New Brunswick,Health care and social assistance [62],49355,A,46.1328,-64.7714
2020-01,New Brunswick,Health care and social assistance [62],49108,A,46.1328,-64.7714
2020-02,New Brunswick,Health care and social assistance [62],49136,B,46.1328,-64.7714
2020-03,New Brunswick,Health care and social assistance [62],48448,B,46.1328,-64.7714
2020-04,New Brunswick,Health care and social assistance [62],44518,B,46.1328,-64.7714
2020-05,New Brunswick,Health care and social assistance [62],48224,B,46.1328,-64.7714
2020-06,New Brunswick,Health care and social assistance [62],51501,A,46.1328,-64.7714
2020-07,New Brunswick,Health care and social assistance [62],53386,A,46.1328,-64.7714
2020-08,New Brunswick,Health care and social assistance [62],54249,A,46.1328,-64.7714
2020-09,New Brunswick,Health care and social assistance [62],55187,B,46.1328,-64.7714
2020-10,New Brunswick,Health care and social assistance [62],54040,A,46.1328,-64.7714
2020-11,New Brunswick,Health care and social assistance [62],54417,B,46.1328,-64.7714
2020-12,New Brunswick,Health care and social assistance [62],54535,B,46.1328,-64.7714
2021-01,New Brunswick,Health care and social assistance [62],54365,B,46.1328,-64.7714
2021-02,New Brunswick,Health care and social assistance [62],54122,B,46.1328,-64.7714
2021-03,New Brunswick,Health care and social assistance [62],55526,A,46.1328,-64.7714
2021-04,New Brunswick,Health care and social assistance [62],56021,A,46.1328,-64.7714
2021-05,New Brunswick,Health care and social assistance [62],56217,B,46.1328,-64.7714
2021-06,New Brunswick,Health care and social assistance [62],57304,B,46.1328,-64.7714
2021-07,New Brunswick,Health care and social assistance [62],57907,A,46.1328,-64.7714
2021-08,New Brunswick,Health care and social assistance [62],56945,B,46.1328,-64.7714
2021-09,New Brunswick,Health care and social assistance [62],57139,A,46.1328,-64.7714
2021-10,New Brunswick,Health care and social assistance [62],56554,A,46.1328,-64.7714
2021-11,New Brunswick,Health care and social assistance [62],56035,A,46.1328,-64.7714
2021-12,New Brunswick,Health care and social assistance [62],56198,A,46.1328,-64.7714
2022-01,New Brunswick,Health care and social assistance [62],55654,B,46.1328,-64.7714
2022-02,New Brunswick,Health care and social assistance [62],56339,B,46.1328,-64.7714
2022-03,New Brunswick,Health care and social assistance [62],56507,B,46.1328,-64.7714
2022-04,New Brunswick,Health care and social assistance [62],57367,B,46.1328,-64.7714
2022-05,New Brunswick,Health care and social assistance [62],57563,A,46.1328,-64.7714
2022-06,New Brunswick,Health care and social assistance [62],56784,B,46.1328,-64.7714
2022-07,New Brunswick,Health care and social assistance [62],57695,B,46.1328,-64.7714
2022-08,New Brunswick,Health care and social assistance [62],57182,B,46.1328,-64.7714
2022-09,New Brunswick,Health care and social assistance [62],56986,A,46.1328,-64.7714
2022-10,New Brunswick,Health care and social assistance [62],56325,A,46.1328,-64.7714
2022-11,New Brunswick,Health care and social assistance [62],56898,B,46.1328,-64.7714
2022-12,New Brunswick,Health care and social assistance [62],57313,B,46.1328,-64.7714
2023-01,New Brunswick,Health care and social assistance [62],57722,B,46.1328,-64.7714
2023-02,New Brunswick,Health care and social assistance [62],57980,A,46.1328,-64.7714
2023-03,New Brunswick,Health care and social assistance [62],57889,B,46.1328,-64.7714
2023-04,New Brunswick,Health care and social assistance [62],58254,A,46.1328,-64.7714
2023-05,New Brunswick,Health care and social assistance [62],59120,B,46.1328,-64.7714
2023-06,New Brunswick,Health care and social assistance [62],60275,B,46.1328,-64.7714
2023-07,New Brunswick,Health care and social assistance [62],60769,B,46.1328,-64.7714
2023-08,New Brunswick,Health care and social assistance [62],60906,B,46.1328,-64.7714
2023-09,New Brunswick,Health care and social assistance [62],59750,B,46.1328,-64.7714
2023-10,New Brunswick,Health care and social assistance [62],59345,B,46.1328,-64.7714
2023-11,New Brunswick,Health care and social assistance [62],59996,B,46.1328,-64.7714
2023-12,New Brunswick,Health care and social assistance [62],60425,B,46.1328,-64.7714
2024-01,New Brunswick,Health care and social assistance [62],60465,B,46.1328,-64.7714
2024-02,New Brunswick,Health care and social assistance [62],61020,B,46.1328,-64.7714
2018-01,New Brunswick,"Arts, entertainment and recreation [71]",3559,A,46.1328,-64.7714
2018-02,New Brunswick,"Arts, entertainment and recreation [71]",3593,A,46.1328,-64.7714
2018-03,New Brunswick,"Arts, entertainment and recreation [71]",3645,A,46.1328,-64.7714
2018-04,New Brunswick,"Arts, entertainment and recreation [71]",3700,A,46.1328,-64.7714
2018-05,New Brunswick,"Arts, entertainment and recreation [71]",4452,A,46.1328,-64.7714
2018-06,New Brunswick,"Arts, entertainment and recreation [71]",5086,A,46.1328,-64.7714
2018-07,New Brunswick,"Arts, entertainment and recreation [71]",5477,A,46.1328,-64.7714
2018-08,New Brunswick,"Arts, entertainment and recreation [71]",5491,A,46.1328,-64.7714
2018-09,New Brunswick,"Arts, entertainment and recreation [71]",5105,A,46.1328,-64.7714
2018-10,New Brunswick,"Arts, entertainment and recreation [71]",4445,A,46.1328,-64.7714
2018-11,New Brunswick,"Arts, entertainment and recreation [71]",3867,A,46.1328,-64.7714
2018-12,New Brunswick,"Arts, entertainment and recreation [71]",3736,A,46.1328,-64.7714
2019-01,New Brunswick,"Arts, entertainment and recreation [71]",3716,A,46.1328,-64.7714
2019-02,New Brunswick,"Arts, entertainment and recreation [71]",3618,A,46.1328,-64.7714
2019-03,New Brunswick,"Arts, entertainment and recreation [71]",3708,A,46.1328,-64.7714
2019-04,New Brunswick,"Arts, entertainment and recreation [71]",3755,A,46.1328,-64.7714
2019-05,New Brunswick,"Arts, entertainment and recreation [71]",4316,A,46.1328,-64.7714
2019-06,New Brunswick,"Arts, entertainment and recreation [71]",5208,A,46.1328,-64.7714
2019-07,New Brunswick,"Arts, entertainment and recreation [71]",5571,A,46.1328,-64.7714
2019-08,New Brunswick,"Arts, entertainment and recreation [71]",5417,A,46.1328,-64.7714
2019-09,New Brunswick,"Arts, entertainment and recreation [71]",5031,B,46.1328,-64.7714
2019-10,New Brunswick,"Arts, entertainment and recreation [71]",4409,B,46.1328,-64.7714
2019-11,New Brunswick,"Arts, entertainment and recreation [71]",3805,A,46.1328,-64.7714
2019-12,New Brunswick,"Arts, entertainment and recreation [71]",3743,B,46.1328,-64.7714
2020-01,New Brunswick,"Arts, entertainment and recreation [71]",3718,B,46.1328,-64.7714
2020-02,New Brunswick,"Arts, entertainment and recreation [71]",3699,B,46.1328,-64.7714
2020-03,New Brunswick,"Arts, entertainment and recreation [71]",3436,B,46.1328,-64.7714
2020-04,New Brunswick,"Arts, entertainment and recreation [71]",1888,B,46.1328,-64.7714
2020-05,New Brunswick,"Arts, entertainment and recreation [71]",2316,C,46.1328,-64.7714
2020-06,New Brunswick,"Arts, entertainment and recreation [71]",3463,D,46.1328,-64.7714
2020-07,New Brunswick,"Arts, entertainment and recreation [71]",4124,B,46.1328,-64.7714
2020-08,New Brunswick,"Arts, entertainment and recreation [71]",4292,A,46.1328,-64.7714
2020-09,New Brunswick,"Arts, entertainment and recreation [71]",4253,B,46.1328,-64.7714
2020-10,New Brunswick,"Arts, entertainment and recreation [71]",3836,A,46.1328,-64.7714
2020-11,New Brunswick,"Arts, entertainment and recreation [71]",3159,B,46.1328,-64.7714
2020-12,New Brunswick,"Arts, entertainment and recreation [71]",3006,A,46.1328,-64.7714
2021-01,New Brunswick,"Arts, entertainment and recreation [71]",3037,B,46.1328,-64.7714
2021-02,New Brunswick,"Arts, entertainment and recreation [71]",2765,B,46.1328,-64.7714
2021-03,New Brunswick,"Arts, entertainment and recreation [71]",2982,B,46.1328,-64.7714
2021-04,New Brunswick,"Arts, entertainment and recreation [71]",3079,A,46.1328,-64.7714
2021-05,New Brunswick,"Arts, entertainment and recreation [71]",3678,B,46.1328,-64.7714
2021-06,New Brunswick,"Arts, entertainment and recreation [71]",4182,B,46.1328,-64.7714
2021-07,New Brunswick,"Arts, entertainment and recreation [71]",5285,B,46.1328,-64.7714
2021-08,New Brunswick,"Arts, entertainment and recreation [71]",5320,B,46.1328,-64.7714
2021-09,New Brunswick,"Arts, entertainment and recreation [71]",5169,B,46.1328,-64.7714
2021-10,New Brunswick,"Arts, entertainment and recreation [71]",4394,A,46.1328,-64.7714
2021-11,New Brunswick,"Arts, entertainment and recreation [71]",3930,B,46.1328,-64.7714
2021-12,New Brunswick,"Arts, entertainment and recreation [71]",3883,B,46.1328,-64.7714
2022-01,New Brunswick,"Arts, entertainment and recreation [71]",3523,B,46.1328,-64.7714
2022-02,New Brunswick,"Arts, entertainment and recreation [71]",3584,B,46.1328,-64.7714
2022-03,New Brunswick,"Arts, entertainment and recreation [71]",3767,B,46.1328,-64.7714
2022-04,New Brunswick,"Arts, entertainment and recreation [71]",3821,B,46.1328,-64.7714
2022-05,New Brunswick,"Arts, entertainment and recreation [71]",4441,A,46.1328,-64.7714
2022-06,New Brunswick,"Arts, entertainment and recreation [71]",5325,B,46.1328,-64.7714
2022-07,New Brunswick,"Arts, entertainment and recreation [71]",5795,B,46.1328,-64.7714
2022-08,New Brunswick,"Arts, entertainment and recreation [71]",5800,B,46.1328,-64.7714
2022-09,New Brunswick,"Arts, entertainment and recreation [71]",5735,A,46.1328,-64.7714
2022-10,New Brunswick,"Arts, entertainment and recreation [71]",4787,B,46.1328,-64.7714
2022-11,New Brunswick,"Arts, entertainment and recreation [71]",4151,C,46.1328,-64.7714
2022-12,New Brunswick,"Arts, entertainment and recreation [71]",4261,B,46.1328,-64.7714
2023-01,New Brunswick,"Arts, entertainment and recreation [71]",3996,B,46.1328,-64.7714
2023-02,New Brunswick,"Arts, entertainment and recreation [71]",4116,B,46.1328,-64.7714
2023-03,New Brunswick,"Arts, entertainment and recreation [71]",4131,B,46.1328,-64.7714
2023-04,New Brunswick,"Arts, entertainment and recreation [71]",4279,A,46.1328,-64.7714
2023-05,New Brunswick,"Arts, entertainment and recreation [71]",4804,A,46.1328,-64.7714
2023-06,New Brunswick,"Arts, entertainment and recreation [71]",5726,B,46.1328,-64.7714
2023-07,New Brunswick,"Arts, entertainment and recreation [71]",5995,A,46.1328,-64.7714
2023-08,New Brunswick,"Arts, entertainment and recreation [71]",5966,A,46.1328,-64.7714
2023-09,New Brunswick,"Arts, entertainment and recreation [71]",5719,B,46.1328,-64.7714
2023-10,New Brunswick,"Arts, entertainment and recreation [71]",5022,A,46.1328,-64.7714
2023-11,New Brunswick,"Arts, entertainment and recreation [71]",4559,B,46.1328,-64.7714
2023-12,New Brunswick,"Arts, entertainment and recreation [71]",4382,A,46.1328,-64.7714
2024-01,New Brunswick,"Arts, entertainment and recreation [71]",4349,B,46.1328,-64.7714
2024-02,New Brunswick,"Arts, entertainment and recreation [71]",4336,A,46.1328,-64.7714
2018-01,New Brunswick,Accommodation and food services [72],21995,A,46.1328,-64.7714
2018-02,New Brunswick,Accommodation and food services [72],21983,A,46.1328,-64.7714
2018-03,New Brunswick,Accommodation and food services [72],22035,A,46.1328,-64.7714
2018-04,New Brunswick,Accommodation and food services [72],22639,A,46.1328,-64.7714
2018-05,New Brunswick,Accommodation and food services [72],23845,A,46.1328,-64.7714
2018-06,New Brunswick,Accommodation and food services [72],24882,A,46.1328,-64.7714
2018-07,New Brunswick,Accommodation and food services [72],25199,A,46.1328,-64.7714
2018-08,New Brunswick,Accommodation and food services [72],25429,A,46.1328,-64.7714
2018-09,New Brunswick,Accommodation and food services [72],24724,A,46.1328,-64.7714
2018-10,New Brunswick,Accommodation and food services [72],23964,A,46.1328,-64.7714
2018-11,New Brunswick,Accommodation and food services [72],23730,A,46.1328,-64.7714
2018-12,New Brunswick,Accommodation and food services [72],23422,A,46.1328,-64.7714
2019-01,New Brunswick,Accommodation and food services [72],22605,A,46.1328,-64.7714
2019-02,New Brunswick,Accommodation and food services [72],22330,A,46.1328,-64.7714
2019-03,New Brunswick,Accommodation and food services [72],22127,A,46.1328,-64.7714
2019-04,New Brunswick,Accommodation and food services [72],22961,A,46.1328,-64.7714
2019-05,New Brunswick,Accommodation and food services [72],23986,A,46.1328,-64.7714
2019-06,New Brunswick,Accommodation and food services [72],25733,A,46.1328,-64.7714
2019-07,New Brunswick,Accommodation and food services [72],26191,A,46.1328,-64.7714
2019-08,New Brunswick,Accommodation and food services [72],26140,A,46.1328,-64.7714
2019-09,New Brunswick,Accommodation and food services [72],25491,B,46.1328,-64.7714
2019-10,New Brunswick,Accommodation and food services [72],24493,B,46.1328,-64.7714
2019-11,New Brunswick,Accommodation and food services [72],23736,B,46.1328,-64.7714
2019-12,New Brunswick,Accommodation and food services [72],23454,B,46.1328,-64.7714
2020-01,New Brunswick,Accommodation and food services [72],22668,B,46.1328,-64.7714
2020-02,New Brunswick,Accommodation and food services [72],22639,B,46.1328,-64.7714
2020-03,New Brunswick,Accommodation and food services [72],19844,B,46.1328,-64.7714
2020-04,New Brunswick,Accommodation and food services [72],12690,C,46.1328,-64.7714
2020-05,New Brunswick,Accommodation and food services [72],13330,C,46.1328,-64.7714
2020-06,New Brunswick,Accommodation and food services [72],17539,C,46.1328,-64.7714
2020-07,New Brunswick,Accommodation and food services [72],19996,B,46.1328,-64.7714
2020-08,New Brunswick,Accommodation and food services [72],20806,B,46.1328,-64.7714
2020-09,New Brunswick,Accommodation and food services [72],21285,A,46.1328,-64.7714
2020-10,New Brunswick,Accommodation and food services [72],21136,B,46.1328,-64.7714
2020-11,New Brunswick,Accommodation and food services [72],20092,B,46.1328,-64.7714
2020-12,New Brunswick,Accommodation and food services [72],19244,B,46.1328,-64.7714
2021-01,New Brunswick,Accommodation and food services [72],18505,B,46.1328,-64.7714
2021-02,New Brunswick,Accommodation and food services [72],17939,A,46.1328,-64.7714
2021-03,New Brunswick,Accommodation and food services [72],18568,A,46.1328,-64.7714
2021-04,New Brunswick,Accommodation and food services [72],19384,A,46.1328,-64.7714
2021-05,New Brunswick,Accommodation and food services [72],20381,B,46.1328,-64.7714
2021-06,New Brunswick,Accommodation and food services [72],21694,A,46.1328,-64.7714
2021-07,New Brunswick,Accommodation and food services [72],23121,A,46.1328,-64.7714
2021-08,New Brunswick,Accommodation and food services [72],23746,B,46.1328,-64.7714
2021-09,New Brunswick,Accommodation and food services [72],23776,A,46.1328,-64.7714
2021-10,New Brunswick,Accommodation and food services [72],22485,B,46.1328,-64.7714
2021-11,New Brunswick,Accommodation and food services [72],21803,A,46.1328,-64.7714
2021-12,New Brunswick,Accommodation and food services [72],21295,A,46.1328,-64.7714
2022-01,New Brunswick,Accommodation and food services [72],19840,B,46.1328,-64.7714
2022-02,New Brunswick,Accommodation and food services [72],19377,B,46.1328,-64.7714
2022-03,New Brunswick,Accommodation and food services [72],20835,B,46.1328,-64.7714
2022-04,New Brunswick,Accommodation and food services [72],21875,B,46.1328,-64.7714
2022-05,New Brunswick,Accommodation and food services [72],23197,B,46.1328,-64.7714
2022-06,New Brunswick,Accommodation and food services [72],24894,B,46.1328,-64.7714
2022-07,New Brunswick,Accommodation and food services [72],25572,B,46.1328,-64.7714
2022-08,New Brunswick,Accommodation and food services [72],25754,B,46.1328,-64.7714
2022-09,New Brunswick,Accommodation and food services [72],25830,B,46.1328,-64.7714
2022-10,New Brunswick,Accommodation and food services [72],24369,B,46.1328,-64.7714
2022-11,New Brunswick,Accommodation and food services [72],23767,B,46.1328,-64.7714
2022-12,New Brunswick,Accommodation and food services [72],23665,B,46.1328,-64.7714
2023-01,New Brunswick,Accommodation and food services [72],22909,B,46.1328,-64.7714
2023-02,New Brunswick,Accommodation and food services [72],22560,A,46.1328,-64.7714
2023-03,New Brunswick,Accommodation and food services [72],22971,B,46.1328,-64.7714
2023-04,New Brunswick,Accommodation and food services [72],23480,B,46.1328,-64.7714
2023-05,New Brunswick,Accommodation and food services [72],24603,B,46.1328,-64.7714
2023-06,New Brunswick,Accommodation and food services [72],25696,B,46.1328,-64.7714
2023-07,New Brunswick,Accommodation and food services [72],25846,B,46.1328,-64.7714
2023-08,New Brunswick,Accommodation and food services [72],25931,B,46.1328,-64.7714
2023-09,New Brunswick,Accommodation and food services [72],25411,B,46.1328,-64.7714
2023-10,New Brunswick,Accommodation and food services [72],24096,B,46.1328,-64.7714
2023-11,New Brunswick,Accommodation and food services [72],23366,B,46.1328,-64.7714
2023-12,New Brunswick,Accommodation and food services [72],22931,B,46.1328,-64.7714
2024-01,New Brunswick,Accommodation and food services [72],22663,B,46.1328,-64.7714
2024-02,New Brunswick,Accommodation and food services [72],22027,B,46.1328,-64.7714
2018-01,New Brunswick,Other services (except public administration) [81],8362,A,46.1328,-64.7714
2018-02,New Brunswick,Other services (except public administration) [81],8591,A,46.1328,-64.7714
2018-03,New Brunswick,Other services (except public administration) [81],8788,A,46.1328,-64.7714
2018-04,New Brunswick,Other services (except public administration) [81],8761,A,46.1328,-64.7714
2018-05,New Brunswick,Other services (except public administration) [81],9226,A,46.1328,-64.7714
2018-06,New Brunswick,Other services (except public administration) [81],9689,A,46.1328,-64.7714
2018-07,New Brunswick,Other services (except public administration) [81],9684,A,46.1328,-64.7714
2018-08,New Brunswick,Other services (except public administration) [81],9744,A,46.1328,-64.7714
2018-09,New Brunswick,Other services (except public administration) [81],9559,A,46.1328,-64.7714
2018-10,New Brunswick,Other services (except public administration) [81],9236,A,46.1328,-64.7714
2018-11,New Brunswick,Other services (except public administration) [81],9284,A,46.1328,-64.7714
2018-12,New Brunswick,Other services (except public administration) [81],9059,A,46.1328,-64.7714
2019-01,New Brunswick,Other services (except public administration) [81],8728,A,46.1328,-64.7714
2019-02,New Brunswick,Other services (except public administration) [81],8810,A,46.1328,-64.7714
2019-03,New Brunswick,Other services (except public administration) [81],9000,A,46.1328,-64.7714
2019-04,New Brunswick,Other services (except public administration) [81],9020,A,46.1328,-64.7714
2019-05,New Brunswick,Other services (except public administration) [81],9245,A,46.1328,-64.7714
2019-06,New Brunswick,Other services (except public administration) [81],9488,A,46.1328,-64.7714
2019-07,New Brunswick,Other services (except public administration) [81],9623,A,46.1328,-64.7714
2019-08,New Brunswick,Other services (except public administration) [81],9771,A,46.1328,-64.7714
2019-09,New Brunswick,Other services (except public administration) [81],9291,C,46.1328,-64.7714
2019-10,New Brunswick,Other services (except public administration) [81],9203,B,46.1328,-64.7714
2019-11,New Brunswick,Other services (except public administration) [81],9210,B,46.1328,-64.7714
2019-12,New Brunswick,Other services (except public administration) [81],8995,B,46.1328,-64.7714
2020-01,New Brunswick,Other services (except public administration) [81],8806,B,46.1328,-64.7714
2020-02,New Brunswick,Other services (except public administration) [81],8767,B,46.1328,-64.7714
2020-03,New Brunswick,Other services (except public administration) [81],7972,B,46.1328,-64.7714
2020-04,New Brunswick,Other services (except public administration) [81],6114,B,46.1328,-64.7714
2020-05,New Brunswick,Other services (except public administration) [81],6303,B,46.1328,-64.7714
2020-06,New Brunswick,Other services (except public administration) [81],7649,B,46.1328,-64.7714
2020-07,New Brunswick,Other services (except public administration) [81],8265,B,46.1328,-64.7714
2020-08,New Brunswick,Other services (except public administration) [81],8309,B,46.1328,-64.7714
2020-09,New Brunswick,Other services (except public administration) [81],8282,A,46.1328,-64.7714
2020-10,New Brunswick,Other services (except public administration) [81],8230,A,46.1328,-64.7714
2020-11,New Brunswick,Other services (except public administration) [81],8365,A,46.1328,-64.7714
2020-12,New Brunswick,Other services (except public administration) [81],8294,A,46.1328,-64.7714
2021-01,New Brunswick,Other services (except public administration) [81],8140,A,46.1328,-64.7714
2021-02,New Brunswick,Other services (except public administration) [81],7926,A,46.1328,-64.7714
2021-03,New Brunswick,Other services (except public administration) [81],8021,A,46.1328,-64.7714
2021-04,New Brunswick,Other services (except public administration) [81],8127,A,46.1328,-64.7714
2021-05,New Brunswick,Other services (except public administration) [81],8244,A,46.1328,-64.7714
2021-06,New Brunswick,Other services (except public administration) [81],8679,B,46.1328,-64.7714
2021-07,New Brunswick,Other services (except public administration) [81],8862,B,46.1328,-64.7714
2021-08,New Brunswick,Other services (except public administration) [81],8794,B,46.1328,-64.7714
2021-09,New Brunswick,Other services (except public administration) [81],8824,A,46.1328,-64.7714
2021-10,New Brunswick,Other services (except public administration) [81],8614,B,46.1328,-64.7714
2021-11,New Brunswick,Other services (except public administration) [81],8559,A,46.1328,-64.7714
2021-12,New Brunswick,Other services (except public administration) [81],8450,B,46.1328,-64.7714
2022-01,New Brunswick,Other services (except public administration) [81],8175,B,46.1328,-64.7714
2022-02,New Brunswick,Other services (except public administration) [81],8181,B,46.1328,-64.7714
2022-03,New Brunswick,Other services (except public administration) [81],8252,B,46.1328,-64.7714
2022-04,New Brunswick,Other services (except public administration) [81],8369,B,46.1328,-64.7714
2022-05,New Brunswick,Other services (except public administration) [81],8616,B,46.1328,-64.7714
2022-06,New Brunswick,Other services (except public administration) [81],9074,B,46.1328,-64.7714
2022-07,New Brunswick,Other services (except public administration) [81],9179,B,46.1328,-64.7714
2022-08,New Brunswick,Other services (except public administration) [81],9189,B,46.1328,-64.7714
2022-09,New Brunswick,Other services (except public administration) [81],9169,B,46.1328,-64.7714
2022-10,New Brunswick,Other services (except public administration) [81],8994,A,46.1328,-64.7714
2022-11,New Brunswick,Other services (except public administration) [81],9130,A,46.1328,-64.7714
2022-12,New Brunswick,Other services (except public administration) [81],8900,B,46.1328,-64.7714
2023-01,New Brunswick,Other services (except public administration) [81],8683,B,46.1328,-64.7714
2023-02,New Brunswick,Other services (except public administration) [81],8883,B,46.1328,-64.7714
2023-03,New Brunswick,Other services (except public administration) [81],9041,A,46.1328,-64.7714
2023-04,New Brunswick,Other services (except public administration) [81],9017,B,46.1328,-64.7714
2023-05,New Brunswick,Other services (except public administration) [81],9352,B,46.1328,-64.7714
2023-06,New Brunswick,Other services (except public administration) [81],9613,B,46.1328,-64.7714
2023-07,New Brunswick,Other services (except public administration) [81],9679,B,46.1328,-64.7714
2023-08,New Brunswick,Other services (except public administration) [81],9757,B,46.1328,-64.7714
2023-09,New Brunswick,Other services (except public administration) [81],9674,B,46.1328,-64.7714
2023-10,New Brunswick,Other services (except public administration) [81],9201,A,46.1328,-64.7714
2023-11,New Brunswick,Other services (except public administration) [81],9351,B,46.1328,-64.7714
2023-12,New Brunswick,Other services (except public administration) [81],9411,A,46.1328,-64.7714
2024-01,New Brunswick,Other services (except public administration) [81],9011,B,46.1328,-64.7714
2024-02,New Brunswick,Other services (except public administration) [81],8985,A,46.1328,-64.7714
2018-01,New Brunswick,Public administration [91],26703,A,46.1328,-64.7714
2018-02,New Brunswick,Public administration [91],26731,A,46.1328,-64.7714
2018-03,New Brunswick,Public administration [91],26831,A,46.1328,-64.7714
2018-04,New Brunswick,Public administration [91],26961,A,46.1328,-64.7714
2018-05,New Brunswick,Public administration [91],28754,A,46.1328,-64.7714
2018-06,New Brunswick,Public administration [91],29955,A,46.1328,-64.7714
2018-07,New Brunswick,Public administration [91],29949,A,46.1328,-64.7714
2018-08,New Brunswick,Public administration [91],30072,A,46.1328,-64.7714
2018-09,New Brunswick,Public administration [91],28950,A,46.1328,-64.7714
2018-10,New Brunswick,Public administration [91],28747,A,46.1328,-64.7714
2018-11,New Brunswick,Public administration [91],27967,A,46.1328,-64.7714
2018-12,New Brunswick,Public administration [91],27736,A,46.1328,-64.7714
2019-01,New Brunswick,Public administration [91],27353,A,46.1328,-64.7714
2019-02,New Brunswick,Public administration [91],27457,A,46.1328,-64.7714
2019-03,New Brunswick,Public administration [91],27345,A,46.1328,-64.7714
2019-04,New Brunswick,Public administration [91],27589,A,46.1328,-64.7714
2019-05,New Brunswick,Public administration [91],28974,A,46.1328,-64.7714
2019-06,New Brunswick,Public administration [91],30471,A,46.1328,-64.7714
2019-07,New Brunswick,Public administration [91],31501,A,46.1328,-64.7714
2019-08,New Brunswick,Public administration [91],30873,A,46.1328,-64.7714
2019-09,New Brunswick,Public administration [91],29791,B,46.1328,-64.7714
2019-10,New Brunswick,Public administration [91],28421,A,46.1328,-64.7714
2019-11,New Brunswick,Public administration [91],28248,A,46.1328,-64.7714
2019-12,New Brunswick,Public administration [91],28255,A,46.1328,-64.7714
2020-01,New Brunswick,Public administration [91],28049,B,46.1328,-64.7714
2020-02,New Brunswick,Public administration [91],27844,B,46.1328,-64.7714
2020-03,New Brunswick,Public administration [91],28055,B,46.1328,-64.7714
2020-04,New Brunswick,Public administration [91],27024,B,46.1328,-64.7714
2020-05,New Brunswick,Public administration [91],27723,B,46.1328,-64.7714
2020-06,New Brunswick,Public administration [91],29334,B,46.1328,-64.7714
2020-07,New Brunswick,Public administration [91],31169,B,46.1328,-64.7714
2020-08,New Brunswick,Public administration [91],31121,B,46.1328,-64.7714
2020-09,New Brunswick,Public administration [91],31618,B,46.1328,-64.7714
2020-10,New Brunswick,Public administration [91],30473,B,46.1328,-64.7714
2020-11,New Brunswick,Public administration [91],31084,B,46.1328,-64.7714
2020-12,New Brunswick,Public administration [91],31150,B,46.1328,-64.7714
2021-01,New Brunswick,Public administration [91],30534,B,46.1328,-64.7714
2021-02,New Brunswick,Public administration [91],30418,B,46.1328,-64.7714
2021-03,New Brunswick,Public administration [91],31135,A,46.1328,-64.7714
2021-04,New Brunswick,Public administration [91],31052,B,46.1328,-64.7714
2021-05,New Brunswick,Public administration [91],32913,B,46.1328,-64.7714
2021-06,New Brunswick,Public administration [91],34366,B,46.1328,-64.7714
2021-07,New Brunswick,Public administration [91],34752,B,46.1328,-64.7714
2021-08,New Brunswick,Public administration [91],33819,B,46.1328,-64.7714
2021-09,New Brunswick,Public administration [91],33086,B,46.1328,-64.7714
2021-10,New Brunswick,Public administration [91],32556,B,46.1328,-64.7714
2021-11,New Brunswick,Public administration [91],33179,B,46.1328,-64.7714
2021-12,New Brunswick,Public administration [91],33489,A,46.1328,-64.7714
2022-01,New Brunswick,Public administration [91],31858,A,46.1328,-64.7714
2022-02,New Brunswick,Public administration [91],32674,B,46.1328,-64.7714
2022-03,New Brunswick,Public administration [91],33093,B,46.1328,-64.7714
2022-04,New Brunswick,Public administration [91],33190,B,46.1328,-64.7714
2022-05,New Brunswick,Public administration [91],34365,B,46.1328,-64.7714
2022-06,New Brunswick,Public administration [91],35517,B,46.1328,-64.7714
2022-07,New Brunswick,Public administration [91],35835,C,46.1328,-64.7714
2022-08,New Brunswick,Public administration [91],35364,B,46.1328,-64.7714
2022-09,New Brunswick,Public administration [91],35001,B,46.1328,-64.7714
2022-10,New Brunswick,Public administration [91],34784,B,46.1328,-64.7714
2022-11,New Brunswick,Public administration [91],35743,B,46.1328,-64.7714
2022-12,New Brunswick,Public administration [91],34837,B,46.1328,-64.7714
2023-01,New Brunswick,Public administration [91],34256,A,46.1328,-64.7714
2023-02,New Brunswick,Public administration [91],33806,A,46.1328,-64.7714
2023-03,New Brunswick,Public administration [91],34479,A,46.1328,-64.7714
2023-04,New Brunswick,Public administration [91],28462,A,46.1328,-64.7714
2023-05,New Brunswick,Public administration [91],35908,B,46.1328,-64.7714
2023-06,New Brunswick,Public administration [91],36437,A,46.1328,-64.7714
2023-07,New Brunswick,Public administration [91],36582,B,46.1328,-64.7714
2023-08,New Brunswick,Public administration [91],36754,B,46.1328,-64.7714
2023-09,New Brunswick,Public administration [91],36267,B,46.1328,-64.7714
2023-10,New Brunswick,Public administration [91],36067,B,46.1328,-64.7714
2023-11,New Brunswick,Public administration [91],36535,B,46.1328,-64.7714
2023-12,New Brunswick,Public administration [91],36182,B,46.1328,-64.7714
2024-01,New Brunswick,Public administration [91],36509,B,46.1328,-64.7714
2024-02,New Brunswick,Public administration [91],36907,B,46.1328,-64.7714
2018-01,New Brunswick,Unclassified businesses [00],5858,A,46.1328,-64.7714
2018-02,New Brunswick,Unclassified businesses [00],5778,A,46.1328,-64.7714
2018-03,New Brunswick,Unclassified businesses [00],5891,A,46.1328,-64.7714
2018-04,New Brunswick,Unclassified businesses [00],5476,A,46.1328,-64.7714
2018-05,New Brunswick,Unclassified businesses [00],6131,A,46.1328,-64.7714
2018-06,New Brunswick,Unclassified businesses [00],6180,A,46.1328,-64.7714
2018-07,New Brunswick,Unclassified businesses [00],6468,A,46.1328,-64.7714
2018-08,New Brunswick,Unclassified businesses [00],6078,A,46.1328,-64.7714
2018-09,New Brunswick,Unclassified businesses [00],6089,A,46.1328,-64.7714
2018-10,New Brunswick,Unclassified businesses [00],6235,A,46.1328,-64.7714
2018-11,New Brunswick,Unclassified businesses [00],4785,A,46.1328,-64.7714
2018-12,New Brunswick,Unclassified businesses [00],4718,A,46.1328,-64.7714
2019-01,New Brunswick,Unclassified businesses [00],4256,A,46.1328,-64.7714
2019-02,New Brunswick,Unclassified businesses [00],3941,A,46.1328,-64.7714
2019-03,New Brunswick,Unclassified businesses [00],4180,A,46.1328,-64.7714
2019-04,New Brunswick,Unclassified businesses [00],4190,A,46.1328,-64.7714
2019-05,New Brunswick,Unclassified businesses [00],4548,A,46.1328,-64.7714
2019-06,New Brunswick,Unclassified businesses [00],4802,A,46.1328,-64.7714
2019-07,New Brunswick,Unclassified businesses [00],5216,A,46.1328,-64.7714
2019-08,New Brunswick,Unclassified businesses [00],5451,A,46.1328,-64.7714
2019-09,New Brunswick,Unclassified businesses [00],5064,B,46.1328,-64.7714
2019-10,New Brunswick,Unclassified businesses [00],4881,A,46.1328,-64.7714
2019-11,New Brunswick,Unclassified businesses [00],4989,A,46.1328,-64.7714
2019-12,New Brunswick,Unclassified businesses [00],4523,A,46.1328,-64.7714
2020-01,New Brunswick,Unclassified businesses [00],4764,B,46.1328,-64.7714
2020-02,New Brunswick,Unclassified businesses [00],4732,B,46.1328,-64.7714
2020-03,New Brunswick,Unclassified businesses [00],4444,B,46.1328,-64.7714
2020-04,New Brunswick,Unclassified businesses [00],3376,B,46.1328,-64.7714
2020-05,New Brunswick,Unclassified businesses [00],3723,B,46.1328,-64.7714
2020-06,New Brunswick,Unclassified businesses [00],4423,B,46.1328,-64.7714
2020-07,New Brunswick,Unclassified businesses [00],4834,B,46.1328,-64.7714
2020-08,New Brunswick,Unclassified businesses [00],4935,B,46.1328,-64.7714
2020-09,New Brunswick,Unclassified businesses [00],5149,B,46.1328,-64.7714
2020-10,New Brunswick,Unclassified businesses [00],5358,A,46.1328,-64.7714
2020-11,New Brunswick,Unclassified businesses [00],4829,B,46.1328,-64.7714
2020-12,New Brunswick,Unclassified businesses [00],5044,B,46.1328,-64.7714
2021-01,New Brunswick,Unclassified businesses [00],5300,B,46.1328,-64.7714
2021-02,New Brunswick,Unclassified businesses [00],5199,B,46.1328,-64.7714
2021-03,New Brunswick,Unclassified businesses [00],5333,B,46.1328,-64.7714
2021-04,New Brunswick,Unclassified businesses [00],5352,A,46.1328,-64.7714
2021-05,New Brunswick,Unclassified businesses [00],5629,B,46.1328,-64.7714
2021-06,New Brunswick,Unclassified businesses [00],5857,B,46.1328,-64.7714
2021-07,New Brunswick,Unclassified businesses [00],5723,B,46.1328,-64.7714
2021-08,New Brunswick,Unclassified businesses [00],5780,B,46.1328,-64.7714
2021-09,New Brunswick,Unclassified businesses [00],5633,B,46.1328,-64.7714
2021-10,New Brunswick,Unclassified businesses [00],5598,B,46.1328,-64.7714
2021-11,New Brunswick,Unclassified businesses [00],5687,B,46.1328,-64.7714
2021-12,New Brunswick,Unclassified businesses [00],5085,B,46.1328,-64.7714
2022-01,New Brunswick,Unclassified businesses [00],5026,B,46.1328,-64.7714
2022-02,New Brunswick,Unclassified businesses [00],5093,B,46.1328,-64.7714
2022-03,New Brunswick,Unclassified businesses [00],5259,B,46.1328,-64.7714
2022-04,New Brunswick,Unclassified businesses [00],5494,B,46.1328,-64.7714
2022-05,New Brunswick,Unclassified businesses [00],6126,B,46.1328,-64.7714
2022-06,New Brunswick,Unclassified businesses [00],6595,B,46.1328,-64.7714
2022-07,New Brunswick,Unclassified businesses [00],6674,B,46.1328,-64.7714
2022-08,New Brunswick,Unclassified businesses [00],7069,B,46.1328,-64.7714
2022-09,New Brunswick,Unclassified businesses [00],7134,B,46.1328,-64.7714
2022-10,New Brunswick,Unclassified businesses [00],6780,B,46.1328,-64.7714
2022-11,New Brunswick,Unclassified businesses [00],6406,B,46.1328,-64.7714
2022-12,New Brunswick,Unclassified businesses [00],6376,B,46.1328,-64.7714
2023-01,New Brunswick,Unclassified businesses [00],5802,B,46.1328,-64.7714
2023-02,New Brunswick,Unclassified businesses [00],5684,B,46.1328,-64.7714
2023-03,New Brunswick,Unclassified businesses [00],5821,B,46.1328,-64.7714
2023-04,New Brunswick,Unclassified businesses [00],6367,B,46.1328,-64.7714
2023-05,New Brunswick,Unclassified businesses [00],6357,B,46.1328,-64.7714
2023-06,New Brunswick,Unclassified businesses [00],6906,B,46.1328,-64.7714
2023-07,New Brunswick,Unclassified businesses [00],7255,B,46.1328,-64.7714
2023-08,New Brunswick,Unclassified businesses [00],6967,B,46.1328,-64.7714
2023-09,New Brunswick,Unclassified businesses [00],6651,B,46.1328,-64.7714
2023-10,New Brunswick,Unclassified businesses [00],6511,B,46.1328,-64.7714
2023-11,New Brunswick,Unclassified businesses [00],6503,B,46.1328,-64.7714
2023-12,New Brunswick,Unclassified businesses [00],6503,B,46.1328,-64.7714
2024-01,New Brunswick,Unclassified businesses [00],6340,B,46.1328,-64.7714
2024-02,New Brunswick,Unclassified businesses [00],6126,B,46.1328,-64.7714
2018-01,Quebec,Goods producing industries [11-33N],631427,A,45.5089,-73.5617
2018-02,Quebec,Goods producing industries [11-33N],647811,A,45.5089,-73.5617
2018-03,Quebec,Goods producing industries [11-33N],653963,A,45.5089,-73.5617
2018-04,Quebec,Goods producing industries [11-33N],664321,A,45.5089,-73.5617
2018-05,Quebec,Goods producing industries [11-33N],694926,A,45.5089,-73.5617
2018-06,Quebec,Goods producing industries [11-33N],717931,A,45.5089,-73.5617
2018-07,Quebec,Goods producing industries [11-33N],710272,A,45.5089,-73.5617
2018-08,Quebec,Goods producing industries [11-33N],698001,A,45.5089,-73.5617
2018-09,Quebec,Goods producing industries [11-33N],715289,A,45.5089,-73.5617
2018-10,Quebec,Goods producing industries [11-33N],711873,A,45.5089,-73.5617
2018-11,Quebec,Goods producing industries [11-33N],715336,A,45.5089,-73.5617
2018-12,Quebec,Goods producing industries [11-33N],692162,A,45.5089,-73.5617
2019-01,Quebec,Goods producing industries [11-33N],660693,A,45.5089,-73.5617
2019-02,Quebec,Goods producing industries [11-33N],678423,A,45.5089,-73.5617
2019-03,Quebec,Goods producing industries [11-33N],678414,A,45.5089,-73.5617
2019-04,Quebec,Goods producing industries [11-33N],692324,A,45.5089,-73.5617
2019-05,Quebec,Goods producing industries [11-33N],721470,A,45.5089,-73.5617
2019-06,Quebec,Goods producing industries [11-33N],743458,A,45.5089,-73.5617
2019-07,Quebec,Goods producing industries [11-33N],738925,A,45.5089,-73.5617
2019-08,Quebec,Goods producing industries [11-33N],735460,A,45.5089,-73.5617
2019-09,Quebec,Goods producing industries [11-33N],745814,B,45.5089,-73.5617
2019-10,Quebec,Goods producing industries [11-33N],741261,A,45.5089,-73.5617
2019-11,Quebec,Goods producing industries [11-33N],729054,A,45.5089,-73.5617
2019-12,Quebec,Goods producing industries [11-33N],705141,B,45.5089,-73.5617
2020-01,Quebec,Goods producing industries [11-33N],668050,B,45.5089,-73.5617
2020-02,Quebec,Goods producing industries [11-33N],684278,B,45.5089,-73.5617
2020-03,Quebec,Goods producing industries [11-33N],612474,B,45.5089,-73.5617
2020-04,Quebec,Goods producing industries [11-33N],522160,B,45.5089,-73.5617
2020-05,Quebec,Goods producing industries [11-33N],609564,B,45.5089,-73.5617
2020-06,Quebec,Goods producing industries [11-33N],684632,B,45.5089,-73.5617
2020-07,Quebec,Goods producing industries [11-33N],694041,B,45.5089,-73.5617
2020-08,Quebec,Goods producing industries [11-33N],708833,B,45.5089,-73.5617
2020-09,Quebec,Goods producing industries [11-33N],726436,B,45.5089,-73.5617
2020-10,Quebec,Goods producing industries [11-33N],724368,B,45.5089,-73.5617
2020-11,Quebec,Goods producing industries [11-33N],713581,B,45.5089,-73.5617
2020-12,Quebec,Goods producing industries [11-33N],678611,B,45.5089,-73.5617
2021-01,Quebec,Goods producing industries [11-33N],654808,B,45.5089,-73.5617
2021-02,Quebec,Goods producing industries [11-33N],668412,A,45.5089,-73.5617
2021-03,Quebec,Goods producing industries [11-33N],675085,B,45.5089,-73.5617
2021-04,Quebec,Goods producing industries [11-33N],699409,B,45.5089,-73.5617
2021-05,Quebec,Goods producing industries [11-33N],720434,B,45.5089,-73.5617
2021-06,Quebec,Goods producing industries [11-33N],743757,B,45.5089,-73.5617
2021-07,Quebec,Goods producing industries [11-33N],729394,B,45.5089,-73.5617
2021-08,Quebec,Goods producing industries [11-33N],736513,B,45.5089,-73.5617
2021-09,Quebec,Goods producing industries [11-33N],755150,B,45.5089,-73.5617
2021-10,Quebec,Goods producing industries [11-33N],749444,B,45.5089,-73.5617
2021-11,Quebec,Goods producing industries [11-33N],744765,A,45.5089,-73.5617
2021-12,Quebec,Goods producing industries [11-33N],709226,B,45.5089,-73.5617
2022-01,Quebec,Goods producing industries [11-33N],684740,B,45.5089,-73.5617
2022-02,Quebec,Goods producing industries [11-33N],705598,B,45.5089,-73.5617
2022-03,Quebec,Goods producing industries [11-33N],710281,A,45.5089,-73.5617
2022-04,Quebec,Goods producing industries [11-33N],723437,B,45.5089,-73.5617
2022-05,Quebec,Goods producing industries [11-33N],747966,B,45.5089,-73.5617
2022-06,Quebec,Goods producing industries [11-33N],769989,B,45.5089,-73.5617
2022-07,Quebec,Goods producing industries [11-33N],767119,B,45.5089,-73.5617
2022-08,Quebec,Goods producing industries [11-33N],744091,B,45.5089,-73.5617
2022-09,Quebec,Goods producing industries [11-33N],771810,B,45.5089,-73.5617
2022-10,Quebec,Goods producing industries [11-33N],766738,B,45.5089,-73.5617
2022-11,Quebec,Goods producing industries [11-33N],761591,B,45.5089,-73.5617
2022-12,Quebec,Goods producing industries [11-33N],739864,B,45.5089,-73.5617
2023-01,Quebec,Goods producing industries [11-33N],686524,B,45.5089,-73.5617
2023-02,Quebec,Goods producing industries [11-33N],710305,B,45.5089,-73.5617
2023-03,Quebec,Goods producing industries [11-33N],709332,B,45.5089,-73.5617
2023-04,Quebec,Goods producing industries [11-33N],725530,B,45.5089,-73.5617
2023-05,Quebec,Goods producing industries [11-33N],749118,B,45.5089,-73.5617
2023-06,Quebec,Goods producing industries [11-33N],774629,B,45.5089,-73.5617
2023-07,Quebec,Goods producing industries [11-33N],767918,B,45.5089,-73.5617
2023-08,Quebec,Goods producing industries [11-33N],753337,B,45.5089,-73.5617
2023-09,Quebec,Goods producing industries [11-33N],773870,B,45.5089,-73.5617
2023-10,Quebec,Goods producing industries [11-33N],769537,B,45.5089,-73.5617
2023-11,Quebec,Goods producing industries [11-33N],762878,B,45.5089,-73.5617
2023-12,Quebec,Goods producing industries [11-33N],731652,B,45.5089,-73.5617
2024-01,Quebec,Goods producing industries [11-33N],687195,B,45.5089,-73.5617
2024-02,Quebec,Goods producing industries [11-33N],712705,B,45.5089,-73.5617
2018-01,Quebec,"Forestry, logging and support [11N]",7450,A,45.5089,-73.5617
2018-02,Quebec,"Forestry, logging and support [11N]",7583,A,45.5089,-73.5617
2018-03,Quebec,"Forestry, logging and support [11N]",7525,A,45.5089,-73.5617
2018-04,Quebec,"Forestry, logging and support [11N]",6604,A,45.5089,-73.5617
2018-05,Quebec,"Forestry, logging and support [11N]",7605,A,45.5089,-73.5617
2018-06,Quebec,"Forestry, logging and support [11N]",11246,A,45.5089,-73.5617
2018-07,Quebec,"Forestry, logging and support [11N]",11681,A,45.5089,-73.5617
2018-08,Quebec,"Forestry, logging and support [11N]",11662,A,45.5089,-73.5617
2018-09,Quebec,"Forestry, logging and support [11N]",11181,A,45.5089,-73.5617
2018-10,Quebec,"Forestry, logging and support [11N]",10204,A,45.5089,-73.5617
2018-11,Quebec,"Forestry, logging and support [11N]",9458,A,45.5089,-73.5617
2018-12,Quebec,"Forestry, logging and support [11N]",8130,A,45.5089,-73.5617
2019-01,Quebec,"Forestry, logging and support [11N]",7625,A,45.5089,-73.5617
2019-02,Quebec,"Forestry, logging and support [11N]",7593,A,45.5089,-73.5617
2019-03,Quebec,"Forestry, logging and support [11N]",7326,A,45.5089,-73.5617
2019-04,Quebec,"Forestry, logging and support [11N]",6759,A,45.5089,-73.5617
2019-05,Quebec,"Forestry, logging and support [11N]",7627,A,45.5089,-73.5617
2019-06,Quebec,"Forestry, logging and support [11N]",11242,A,45.5089,-73.5617
2019-07,Quebec,"Forestry, logging and support [11N]",12183,A,45.5089,-73.5617
2019-08,Quebec,"Forestry, logging and support [11N]",11800,A,45.5089,-73.5617
2019-09,Quebec,"Forestry, logging and support [11N]",11319,B,45.5089,-73.5617
2019-10,Quebec,"Forestry, logging and support [11N]",10404,A,45.5089,-73.5617
2019-11,Quebec,"Forestry, logging and support [11N]",9263,A,45.5089,-73.5617
2019-12,Quebec,"Forestry, logging and support [11N]",8160,A,45.5089,-73.5617
2020-01,Quebec,"Forestry, logging and support [11N]",7706,B,45.5089,-73.5617
2020-02,Quebec,"Forestry, logging and support [11N]",7588,B,45.5089,-73.5617
2020-03,Quebec,"Forestry, logging and support [11N]",6753,B,45.5089,-73.5617
2020-04,Quebec,"Forestry, logging and support [11N]",5449,B,45.5089,-73.5617
2020-05,Quebec,"Forestry, logging and support [11N]",6568,B,45.5089,-73.5617
2020-06,Quebec,"Forestry, logging and support [11N]",10169,B,45.5089,-73.5617
2020-07,Quebec,"Forestry, logging and support [11N]",11108,B,45.5089,-73.5617
2020-08,Quebec,"Forestry, logging and support [11N]",10929,A,45.5089,-73.5617
2020-09,Quebec,"Forestry, logging and support [11N]",10857,B,45.5089,-73.5617
2020-10,Quebec,"Forestry, logging and support [11N]",10051,B,45.5089,-73.5617
2020-11,Quebec,"Forestry, logging and support [11N]",9005,B,45.5089,-73.5617
2020-12,Quebec,"Forestry, logging and support [11N]",7691,B,45.5089,-73.5617
2021-01,Quebec,"Forestry, logging and support [11N]",7506,B,45.5089,-73.5617
2021-02,Quebec,"Forestry, logging and support [11N]",7561,A,45.5089,-73.5617
2021-03,Quebec,"Forestry, logging and support [11N]",7154,B,45.5089,-73.5617
2021-04,Quebec,"Forestry, logging and support [11N]",6867,B,45.5089,-73.5617
2021-05,Quebec,"Forestry, logging and support [11N]",8619,B,45.5089,-73.5617
2021-06,Quebec,"Forestry, logging and support [11N]",11180,C,45.5089,-73.5617
2021-07,Quebec,"Forestry, logging and support [11N]",11585,B,45.5089,-73.5617
2021-08,Quebec,"Forestry, logging and support [11N]",11279,B,45.5089,-73.5617
2021-09,Quebec,"Forestry, logging and support [11N]",10923,A,45.5089,-73.5617
2021-10,Quebec,"Forestry, logging and support [11N]",10000,A,45.5089,-73.5617
2021-11,Quebec,"Forestry, logging and support [11N]",9050,A,45.5089,-73.5617
2021-12,Quebec,"Forestry, logging and support [11N]",8248,A,45.5089,-73.5617
2022-01,Quebec,"Forestry, logging and support [11N]",7640,B,45.5089,-73.5617
2022-02,Quebec,"Forestry, logging and support [11N]",7758,A,45.5089,-73.5617
2022-03,Quebec,"Forestry, logging and support [11N]",7618,B,45.5089,-73.5617
2022-04,Quebec,"Forestry, logging and support [11N]",7134,A,45.5089,-73.5617
2022-05,Quebec,"Forestry, logging and support [11N]",8089,B,45.5089,-73.5617
2022-06,Quebec,"Forestry, logging and support [11N]",10668,C,45.5089,-73.5617
2022-07,Quebec,"Forestry, logging and support [11N]",11404,C,45.5089,-73.5617
2022-08,Quebec,"Forestry, logging and support [11N]",11112,B,45.5089,-73.5617
2022-09,Quebec,"Forestry, logging and support [11N]",11061,B,45.5089,-73.5617
2022-10,Quebec,"Forestry, logging and support [11N]",10239,B,45.5089,-73.5617
2022-11,Quebec,"Forestry, logging and support [11N]",9454,C,45.5089,-73.5617
2022-12,Quebec,"Forestry, logging and support [11N]",8681,C,45.5089,-73.5617
2023-01,Quebec,"Forestry, logging and support [11N]",7977,B,45.5089,-73.5617
2023-02,Quebec,"Forestry, logging and support [11N]",7989,B,45.5089,-73.5617
2023-03,Quebec,"Forestry, logging and support [11N]",7717,B,45.5089,-73.5617
2023-04,Quebec,"Forestry, logging and support [11N]",7258,B,45.5089,-73.5617
2023-05,Quebec,"Forestry, logging and support [11N]",8415,B,45.5089,-73.5617
2023-06,Quebec,"Forestry, logging and support [11N]",10916,B,45.5089,-73.5617
2023-07,Quebec,"Forestry, logging and support [11N]",11401,B,45.5089,-73.5617
2023-08,Quebec,"Forestry, logging and support [11N]",11324,B,45.5089,-73.5617
2023-09,Quebec,"Forestry, logging and support [11N]",11385,B,45.5089,-73.5617
2023-10,Quebec,"Forestry, logging and support [11N]",10746,B,45.5089,-73.5617
2023-11,Quebec,"Forestry, logging and support [11N]",9802,B,45.5089,-73.5617
2023-12,Quebec,"Forestry, logging and support [11N]",8637,B,45.5089,-73.5617
2024-01,Quebec,"Forestry, logging and support [11N]",8058,B,45.5089,-73.5617
2024-02,Quebec,"Forestry, logging and support [11N]",8195,B,45.5089,-73.5617
2018-01,Quebec,"Mining, quarrying, and oil and gas extraction [21]",17884,A,45.5089,-73.5617
2018-02,Quebec,"Mining, quarrying, and oil and gas extraction [21]",18504,A,45.5089,-73.5617
2018-03,Quebec,"Mining, quarrying, and oil and gas extraction [21]",18770,A,45.5089,-73.5617
2018-04,Quebec,"Mining, quarrying, and oil and gas extraction [21]",19678,A,45.5089,-73.5617
2018-05,Quebec,"Mining, quarrying, and oil and gas extraction [21]",20299,A,45.5089,-73.5617
2018-06,Quebec,"Mining, quarrying, and oil and gas extraction [21]",20289,A,45.5089,-73.5617
2018-07,Quebec,"Mining, quarrying, and oil and gas extraction [21]",20615,A,45.5089,-73.5617
2018-08,Quebec,"Mining, quarrying, and oil and gas extraction [21]",20609,A,45.5089,-73.5617
2018-09,Quebec,"Mining, quarrying, and oil and gas extraction [21]",19732,A,45.5089,-73.5617
2018-10,Quebec,"Mining, quarrying, and oil and gas extraction [21]",19816,A,45.5089,-73.5617
2018-11,Quebec,"Mining, quarrying, and oil and gas extraction [21]",20257,A,45.5089,-73.5617
2018-12,Quebec,"Mining, quarrying, and oil and gas extraction [21]",19642,A,45.5089,-73.5617
2019-01,Quebec,"Mining, quarrying, and oil and gas extraction [21]",19618,A,45.5089,-73.5617
2019-02,Quebec,"Mining, quarrying, and oil and gas extraction [21]",19385,A,45.5089,-73.5617
2019-03,Quebec,"Mining, quarrying, and oil and gas extraction [21]",18829,A,45.5089,-73.5617
2019-04,Quebec,"Mining, quarrying, and oil and gas extraction [21]",19366,A,45.5089,-73.5617
2019-05,Quebec,"Mining, quarrying, and oil and gas extraction [21]",19730,A,45.5089,-73.5617
2019-06,Quebec,"Mining, quarrying, and oil and gas extraction [21]",20228,A,45.5089,-73.5617
2019-07,Quebec,"Mining, quarrying, and oil and gas extraction [21]",20412,A,45.5089,-73.5617
2019-08,Quebec,"Mining, quarrying, and oil and gas extraction [21]",20873,A,45.5089,-73.5617
2019-09,Quebec,"Mining, quarrying, and oil and gas extraction [21]",19438,B,45.5089,-73.5617
2019-10,Quebec,"Mining, quarrying, and oil and gas extraction [21]",19127,A,45.5089,-73.5617
2019-11,Quebec,"Mining, quarrying, and oil and gas extraction [21]",19129,A,45.5089,-73.5617
2019-12,Quebec,"Mining, quarrying, and oil and gas extraction [21]",19222,A,45.5089,-73.5617
2020-01,Quebec,"Mining, quarrying, and oil and gas extraction [21]",18342,B,45.5089,-73.5617
2020-02,Quebec,"Mining, quarrying, and oil and gas extraction [21]",19252,B,45.5089,-73.5617
2020-03,Quebec,"Mining, quarrying, and oil and gas extraction [21]",18318,B,45.5089,-73.5617
2020-04,Quebec,"Mining, quarrying, and oil and gas extraction [21]",17613,B,45.5089,-73.5617
2020-05,Quebec,"Mining, quarrying, and oil and gas extraction [21]",17649,B,45.5089,-73.5617
2020-06,Quebec,"Mining, quarrying, and oil and gas extraction [21]",19503,B,45.5089,-73.5617
2020-07,Quebec,"Mining, quarrying, and oil and gas extraction [21]",20039,B,45.5089,-73.5617
2020-08,Quebec,"Mining, quarrying, and oil and gas extraction [21]",20349,B,45.5089,-73.5617
2020-09,Quebec,"Mining, quarrying, and oil and gas extraction [21]",20127,C,45.5089,-73.5617
2020-10,Quebec,"Mining, quarrying, and oil and gas extraction [21]",20260,B,45.5089,-73.5617
2020-11,Quebec,"Mining, quarrying, and oil and gas extraction [21]",20570,B,45.5089,-73.5617
2020-12,Quebec,"Mining, quarrying, and oil and gas extraction [21]",20058,B,45.5089,-73.5617
2021-01,Quebec,"Mining, quarrying, and oil and gas extraction [21]",18954,B,45.5089,-73.5617
2021-02,Quebec,"Mining, quarrying, and oil and gas extraction [21]",19333,A,45.5089,-73.5617
2021-03,Quebec,"Mining, quarrying, and oil and gas extraction [21]",19677,A,45.5089,-73.5617
2021-04,Quebec,"Mining, quarrying, and oil and gas extraction [21]",20207,B,45.5089,-73.5617
2021-05,Quebec,"Mining, quarrying, and oil and gas extraction [21]",20724,B,45.5089,-73.5617
2021-06,Quebec,"Mining, quarrying, and oil and gas extraction [21]",21628,A,45.5089,-73.5617
2021-07,Quebec,"Mining, quarrying, and oil and gas extraction [21]",22029,A,45.5089,-73.5617
2021-08,Quebec,"Mining, quarrying, and oil and gas extraction [21]",22333,A,45.5089,-73.5617
2021-09,Quebec,"Mining, quarrying, and oil and gas extraction [21]",21969,A,45.5089,-73.5617
2021-10,Quebec,"Mining, quarrying, and oil and gas extraction [21]",20927,A,45.5089,-73.5617
2021-11,Quebec,"Mining, quarrying, and oil and gas extraction [21]",19963,A,45.5089,-73.5617
2021-12,Quebec,"Mining, quarrying, and oil and gas extraction [21]",19592,A,45.5089,-73.5617
2022-01,Quebec,"Mining, quarrying, and oil and gas extraction [21]",18760,B,45.5089,-73.5617
2022-02,Quebec,"Mining, quarrying, and oil and gas extraction [21]",19248,B,45.5089,-73.5617
2022-03,Quebec,"Mining, quarrying, and oil and gas extraction [21]",20443,B,45.5089,-73.5617
2022-04,Quebec,"Mining, quarrying, and oil and gas extraction [21]",20620,B,45.5089,-73.5617
2022-05,Quebec,"Mining, quarrying, and oil and gas extraction [21]",21327,A,45.5089,-73.5617
2022-06,Quebec,"Mining, quarrying, and oil and gas extraction [21]",22495,C,45.5089,-73.5617
2022-07,Quebec,"Mining, quarrying, and oil and gas extraction [21]",22576,B,45.5089,-73.5617
2022-08,Quebec,"Mining, quarrying, and oil and gas extraction [21]",22286,A,45.5089,-73.5617
2022-09,Quebec,"Mining, quarrying, and oil and gas extraction [21]",22166,B,45.5089,-73.5617
2022-10,Quebec,"Mining, quarrying, and oil and gas extraction [21]",21603,B,45.5089,-73.5617
2022-11,Quebec,"Mining, quarrying, and oil and gas extraction [21]",20829,B,45.5089,-73.5617
2022-12,Quebec,"Mining, quarrying, and oil and gas extraction [21]",19986,A,45.5089,-73.5617
2023-01,Quebec,"Mining, quarrying, and oil and gas extraction [21]",19283,A,45.5089,-73.5617
2023-02,Quebec,"Mining, quarrying, and oil and gas extraction [21]",19742,B,45.5089,-73.5617
2023-03,Quebec,"Mining, quarrying, and oil and gas extraction [21]",19496,B,45.5089,-73.5617
2023-04,Quebec,"Mining, quarrying, and oil and gas extraction [21]",19714,A,45.5089,-73.5617
2023-05,Quebec,"Mining, quarrying, and oil and gas extraction [21]",20209,B,45.5089,-73.5617
2023-06,Quebec,"Mining, quarrying, and oil and gas extraction [21]",21213,B,45.5089,-73.5617
2023-07,Quebec,"Mining, quarrying, and oil and gas extraction [21]",21674,B,45.5089,-73.5617
2023-08,Quebec,"Mining, quarrying, and oil and gas extraction [21]",20945,B,45.5089,-73.5617
2023-09,Quebec,"Mining, quarrying, and oil and gas extraction [21]",21078,B,45.5089,-73.5617
2023-10,Quebec,"Mining, quarrying, and oil and gas extraction [21]",21025,B,45.5089,-73.5617
2023-11,Quebec,"Mining, quarrying, and oil and gas extraction [21]",20418,B,45.5089,-73.5617
2023-12,Quebec,"Mining, quarrying, and oil and gas extraction [21]",19543,B,45.5089,-73.5617
2024-01,Quebec,"Mining, quarrying, and oil and gas extraction [21]",18738,B,45.5089,-73.5617
2024-02,Quebec,"Mining, quarrying, and oil and gas extraction [21]",20005,C,45.5089,-73.5617
2018-01,Quebec,"Utilities [22,221]",28612,A,45.5089,-73.5617
2018-02,Quebec,"Utilities [22,221]",27838,A,45.5089,-73.5617
2018-03,Quebec,"Utilities [22,221]",27828,A,45.5089,-73.5617
2018-04,Quebec,"Utilities [22,221]",28192,A,45.5089,-73.5617
2018-05,Quebec,"Utilities [22,221]",27989,A,45.5089,-73.5617
2018-06,Quebec,"Utilities [22,221]",27348,A,45.5089,-73.5617
2018-07,Quebec,"Utilities [22,221]",27182,A,45.5089,-73.5617
2018-08,Quebec,"Utilities [22,221]",27510,A,45.5089,-73.5617
2018-09,Quebec,"Utilities [22,221]",27268,A,45.5089,-73.5617
2018-10,Quebec,"Utilities [22,221]",26903,A,45.5089,-73.5617
2018-11,Quebec,"Utilities [22,221]",26959,A,45.5089,-73.5617
2018-12,Quebec,"Utilities [22,221]",27326,A,45.5089,-73.5617
2019-01,Quebec,"Utilities [22,221]",28333,A,45.5089,-73.5617
2019-02,Quebec,"Utilities [22,221]",29070,A,45.5089,-73.5617
2019-03,Quebec,"Utilities [22,221]",28760,A,45.5089,-73.5617
2019-04,Quebec,"Utilities [22,221]",28479,A,45.5089,-73.5617
2019-05,Quebec,"Utilities [22,221]",27938,A,45.5089,-73.5617
2019-06,Quebec,"Utilities [22,221]",28692,A,45.5089,-73.5617
2019-07,Quebec,"Utilities [22,221]",29484,A,45.5089,-73.5617
2019-08,Quebec,"Utilities [22,221]",29068,A,45.5089,-73.5617
2019-09,Quebec,"Utilities [22,221]",28845,B,45.5089,-73.5617
2019-10,Quebec,"Utilities [22,221]",28744,A,45.5089,-73.5617
2019-11,Quebec,"Utilities [22,221]",28835,B,45.5089,-73.5617
2019-12,Quebec,"Utilities [22,221]",29061,B,45.5089,-73.5617
2020-01,Quebec,"Utilities [22,221]",28739,B,45.5089,-73.5617
2020-02,Quebec,"Utilities [22,221]",28073,B,45.5089,-73.5617
2020-03,Quebec,"Utilities [22,221]",28380,B,45.5089,-73.5617
2020-04,Quebec,"Utilities [22,221]",28215,B,45.5089,-73.5617
2020-05,Quebec,"Utilities [22,221]",28514,B,45.5089,-73.5617
2020-06,Quebec,"Utilities [22,221]",26857,D,45.5089,-73.5617
2020-07,Quebec,"Utilities [22,221]",27872,B,45.5089,-73.5617
2020-08,Quebec,"Utilities [22,221]",27373,A,45.5089,-73.5617
2020-09,Quebec,"Utilities [22,221]",26529,A,45.5089,-73.5617
2020-10,Quebec,"Utilities [22,221]",26281,A,45.5089,-73.5617
2020-11,Quebec,"Utilities [22,221]",26848,A,45.5089,-73.5617
2020-12,Quebec,"Utilities [22,221]",26965,A,45.5089,-73.5617
2021-01,Quebec,"Utilities [22,221]",26886,A,45.5089,-73.5617
2021-02,Quebec,"Utilities [22,221]",26745,A,45.5089,-73.5617
2021-03,Quebec,"Utilities [22,221]",26660,A,45.5089,-73.5617
2021-04,Quebec,"Utilities [22,221]",26972,A,45.5089,-73.5617
2021-05,Quebec,"Utilities [22,221]",27911,A,45.5089,-73.5617
2021-06,Quebec,"Utilities [22,221]",27990,A,45.5089,-73.5617
2021-07,Quebec,"Utilities [22,221]",29045,A,45.5089,-73.5617
2021-08,Quebec,"Utilities [22,221]",28980,A,45.5089,-73.5617
2021-09,Quebec,"Utilities [22,221]",28604,A,45.5089,-73.5617
2021-10,Quebec,"Utilities [22,221]",28847,A,45.5089,-73.5617
2021-11,Quebec,"Utilities [22,221]",28622,A,45.5089,-73.5617
2021-12,Quebec,"Utilities [22,221]",28994,A,45.5089,-73.5617
2022-01,Quebec,"Utilities [22,221]",28479,A,45.5089,-73.5617
2022-02,Quebec,"Utilities [22,221]",28056,A,45.5089,-73.5617
2022-03,Quebec,"Utilities [22,221]",27727,B,45.5089,-73.5617
2022-04,Quebec,"Utilities [22,221]",28095,A,45.5089,-73.5617
2022-05,Quebec,"Utilities [22,221]",28527,A,45.5089,-73.5617
2022-06,Quebec,"Utilities [22,221]",28450,B,45.5089,-73.5617
2022-07,Quebec,"Utilities [22,221]",29167,B,45.5089,-73.5617
2022-08,Quebec,"Utilities [22,221]",29693,B,45.5089,-73.5617
2022-09,Quebec,"Utilities [22,221]",29185,A,45.5089,-73.5617
2022-10,Quebec,"Utilities [22,221]",28666,B,45.5089,-73.5617
2022-11,Quebec,"Utilities [22,221]",28698,B,45.5089,-73.5617
2022-12,Quebec,"Utilities [22,221]",29657,B,45.5089,-73.5617
2023-01,Quebec,"Utilities [22,221]",28737,B,45.5089,-73.5617
2023-02,Quebec,"Utilities [22,221]",29173,B,45.5089,-73.5617
2023-03,Quebec,"Utilities [22,221]",28864,B,45.5089,-73.5617
2023-04,Quebec,"Utilities [22,221]",29868,A,45.5089,-73.5617
2023-05,Quebec,"Utilities [22,221]",30112,A,45.5089,-73.5617
2023-06,Quebec,"Utilities [22,221]",30364,A,45.5089,-73.5617
2023-07,Quebec,"Utilities [22,221]",31490,A,45.5089,-73.5617
2023-08,Quebec,"Utilities [22,221]",31398,B,45.5089,-73.5617
2023-09,Quebec,"Utilities [22,221]",31935,A,45.5089,-73.5617
2023-10,Quebec,"Utilities [22,221]",31407,A,45.5089,-73.5617
2023-11,Quebec,"Utilities [22,221]",31428,A,45.5089,-73.5617
2023-12,Quebec,"Utilities [22,221]",31459,B,45.5089,-73.5617
2024-01,Quebec,"Utilities [22,221]",32212,B,45.5089,-73.5617
2024-02,Quebec,"Utilities [22,221]",31640,B,45.5089,-73.5617
2018-01,Quebec,Construction [23],156591,A,45.5089,-73.5617
2018-02,Quebec,Construction [23],169041,A,45.5089,-73.5617
2018-03,Quebec,Construction [23],171349,A,45.5089,-73.5617
2018-04,Quebec,Construction [23],177899,A,45.5089,-73.5617
2018-05,Quebec,Construction [23],200468,A,45.5089,-73.5617
2018-06,Quebec,Construction [23],213218,A,45.5089,-73.5617
2018-07,Quebec,Construction [23],206568,A,45.5089,-73.5617
2018-08,Quebec,Construction [23],204629,A,45.5089,-73.5617
2018-09,Quebec,Construction [23],218518,A,45.5089,-73.5617
2018-10,Quebec,Construction [23],217373,A,45.5089,-73.5617
2018-11,Quebec,Construction [23],217222,A,45.5089,-73.5617
2018-12,Quebec,Construction [23],193915,A,45.5089,-73.5617
2019-01,Quebec,Construction [23],169031,A,45.5089,-73.5617
2019-02,Quebec,Construction [23],180475,A,45.5089,-73.5617
2019-03,Quebec,Construction [23],181640,A,45.5089,-73.5617
2019-04,Quebec,Construction [23],189883,A,45.5089,-73.5617
2019-05,Quebec,Construction [23],211565,A,45.5089,-73.5617
2019-06,Quebec,Construction [23],224447,A,45.5089,-73.5617
2019-07,Quebec,Construction [23],218315,A,45.5089,-73.5617
2019-08,Quebec,Construction [23],221377,A,45.5089,-73.5617
2019-09,Quebec,Construction [23],230030,A,45.5089,-73.5617
2019-10,Quebec,Construction [23],229203,A,45.5089,-73.5617
2019-11,Quebec,Construction [23],222964,A,45.5089,-73.5617
2019-12,Quebec,Construction [23],201070,B,45.5089,-73.5617
2020-01,Quebec,Construction [23],176056,A,45.5089,-73.5617
2020-02,Quebec,Construction [23],190248,B,45.5089,-73.5617
2020-03,Quebec,Construction [23],161731,B,45.5089,-73.5617
2020-04,Quebec,Construction [23],113490,B,45.5089,-73.5617
2020-05,Quebec,Construction [23],177053,B,45.5089,-73.5617
2020-06,Quebec,Construction [23],213134,B,45.5089,-73.5617
2020-07,Quebec,Construction [23],203927,B,45.5089,-73.5617
2020-08,Quebec,Construction [23],221447,B,45.5089,-73.5617
2020-09,Quebec,Construction [23],234540,A,45.5089,-73.5617
2020-10,Quebec,Construction [23],234132,B,45.5089,-73.5617
2020-11,Quebec,Construction [23],228549,A,45.5089,-73.5617
2020-12,Quebec,Construction [23],197463,A,45.5089,-73.5617
2021-01,Quebec,Construction [23],185146,A,45.5089,-73.5617
2021-02,Quebec,Construction [23],193435,A,45.5089,-73.5617
2021-03,Quebec,Construction [23],197118,A,45.5089,-73.5617
2021-04,Quebec,Construction [23],213361,A,45.5089,-73.5617
2021-05,Quebec,Construction [23],230670,B,45.5089,-73.5617
2021-06,Quebec,Construction [23],240812,B,45.5089,-73.5617
2021-07,Quebec,Construction [23],217818,B,45.5089,-73.5617
2021-08,Quebec,Construction [23],233606,B,45.5089,-73.5617
2021-09,Quebec,Construction [23],247412,B,45.5089,-73.5617
2021-10,Quebec,Construction [23],245142,A,45.5089,-73.5617
2021-11,Quebec,Construction [23],241431,A,45.5089,-73.5617
2021-12,Quebec,Construction [23],208484,A,45.5089,-73.5617
2022-01,Quebec,Construction [23],195931,A,45.5089,-73.5617
2022-02,Quebec,Construction [23],210983,A,45.5089,-73.5617
2022-03,Quebec,Construction [23],214540,A,45.5089,-73.5617
2022-04,Quebec,Construction [23],225097,A,45.5089,-73.5617
2022-05,Quebec,Construction [23],243905,A,45.5089,-73.5617
2022-06,Quebec,Construction [23],256210,B,45.5089,-73.5617
2022-07,Quebec,Construction [23],250308,B,45.5089,-73.5617
2022-08,Quebec,Construction [23],237180,A,45.5089,-73.5617
2022-09,Quebec,Construction [23],260160,A,45.5089,-73.5617
2022-10,Quebec,Construction [23],259302,B,45.5089,-73.5617
2022-11,Quebec,Construction [23],257033,B,45.5089,-73.5617
2022-12,Quebec,Construction [23],236353,B,45.5089,-73.5617
2023-01,Quebec,Construction [23],201161,A,45.5089,-73.5617
2023-02,Quebec,Construction [23],220992,A,45.5089,-73.5617
2023-03,Quebec,Construction [23],219967,B,45.5089,-73.5617
2023-04,Quebec,Construction [23],231475,A,45.5089,-73.5617
2023-05,Quebec,Construction [23],247747,B,45.5089,-73.5617
2023-06,Quebec,Construction [23],260390,B,45.5089,-73.5617
2023-07,Quebec,Construction [23],253557,B,45.5089,-73.5617
2023-08,Quebec,Construction [23],247073,B,45.5089,-73.5617
2023-09,Quebec,Construction [23],261961,B,45.5089,-73.5617
2023-10,Quebec,Construction [23],260625,B,45.5089,-73.5617
2023-11,Quebec,Construction [23],256842,B,45.5089,-73.5617
2023-12,Quebec,Construction [23],233124,B,45.5089,-73.5617
2024-01,Quebec,Construction [23],199629,A,45.5089,-73.5617
2024-02,Quebec,Construction [23],221230,B,45.5089,-73.5617
2018-01,Quebec,Manufacturing [31-33],420890,A,45.5089,-73.5617
2018-02,Quebec,Manufacturing [31-33],424845,A,45.5089,-73.5617
2018-03,Quebec,Manufacturing [31-33],428491,A,45.5089,-73.5617
2018-04,Quebec,Manufacturing [31-33],431948,A,45.5089,-73.5617
2018-05,Quebec,Manufacturing [31-33],438565,A,45.5089,-73.5617
2018-06,Quebec,Manufacturing [31-33],445829,A,45.5089,-73.5617
2018-07,Quebec,Manufacturing [31-33],444226,A,45.5089,-73.5617
2018-08,Quebec,Manufacturing [31-33],433590,A,45.5089,-73.5617
2018-09,Quebec,Manufacturing [31-33],438591,A,45.5089,-73.5617
2018-10,Quebec,Manufacturing [31-33],437578,A,45.5089,-73.5617
2018-11,Quebec,Manufacturing [31-33],441440,A,45.5089,-73.5617
2018-12,Quebec,Manufacturing [31-33],443148,A,45.5089,-73.5617
2019-01,Quebec,Manufacturing [31-33],436086,A,45.5089,-73.5617
2019-02,Quebec,Manufacturing [31-33],441901,A,45.5089,-73.5617
2019-03,Quebec,Manufacturing [31-33],441860,A,45.5089,-73.5617
2019-04,Quebec,Manufacturing [31-33],447837,A,45.5089,-73.5617
2019-05,Quebec,Manufacturing [31-33],454610,A,45.5089,-73.5617
2019-06,Quebec,Manufacturing [31-33],458850,A,45.5089,-73.5617
2019-07,Quebec,Manufacturing [31-33],458532,A,45.5089,-73.5617
2019-08,Quebec,Manufacturing [31-33],452342,A,45.5089,-73.5617
2019-09,Quebec,Manufacturing [31-33],456182,B,45.5089,-73.5617
2019-10,Quebec,Manufacturing [31-33],453783,A,45.5089,-73.5617
2019-11,Quebec,Manufacturing [31-33],448862,B,45.5089,-73.5617
2019-12,Quebec,Manufacturing [31-33],447627,B,45.5089,-73.5617
2020-01,Quebec,Manufacturing [31-33],437207,B,45.5089,-73.5617
2020-02,Quebec,Manufacturing [31-33],439117,B,45.5089,-73.5617
2020-03,Quebec,Manufacturing [31-33],397291,B,45.5089,-73.5617
2020-04,Quebec,Manufacturing [31-33],357393,B,45.5089,-73.5617
2020-05,Quebec,Manufacturing [31-33],379780,B,45.5089,-73.5617
2020-06,Quebec,Manufacturing [31-33],414970,B,45.5089,-73.5617
2020-07,Quebec,Manufacturing [31-33],431095,B,45.5089,-73.5617
2020-08,Quebec,Manufacturing [31-33],428734,B,45.5089,-73.5617
2020-09,Quebec,Manufacturing [31-33],434382,B,45.5089,-73.5617
2020-10,Quebec,Manufacturing [31-33],433645,B,45.5089,-73.5617
2020-11,Quebec,Manufacturing [31-33],428610,B,45.5089,-73.5617
2020-12,Quebec,Manufacturing [31-33],426435,B,45.5089,-73.5617
2021-01,Quebec,Manufacturing [31-33],416316,B,45.5089,-73.5617
2021-02,Quebec,Manufacturing [31-33],421338,B,45.5089,-73.5617
2021-03,Quebec,Manufacturing [31-33],424477,B,45.5089,-73.5617
2021-04,Quebec,Manufacturing [31-33],432002,B,45.5089,-73.5617
2021-05,Quebec,Manufacturing [31-33],432510,B,45.5089,-73.5617
2021-06,Quebec,Manufacturing [31-33],442147,B,45.5089,-73.5617
2021-07,Quebec,Manufacturing [31-33],448918,B,45.5089,-73.5617
2021-08,Quebec,Manufacturing [31-33],440315,B,45.5089,-73.5617
2021-09,Quebec,Manufacturing [31-33],446241,B,45.5089,-73.5617
2021-10,Quebec,Manufacturing [31-33],444527,B,45.5089,-73.5617
2021-11,Quebec,Manufacturing [31-33],445698,B,45.5089,-73.5617
2021-12,Quebec,Manufacturing [31-33],443908,B,45.5089,-73.5617
2022-01,Quebec,Manufacturing [31-33],433930,B,45.5089,-73.5617
2022-02,Quebec,Manufacturing [31-33],439553,B,45.5089,-73.5617
2022-03,Quebec,Manufacturing [31-33],439952,B,45.5089,-73.5617
2022-04,Quebec,Manufacturing [31-33],442491,B,45.5089,-73.5617
2022-05,Quebec,Manufacturing [31-33],446119,B,45.5089,-73.5617
2022-06,Quebec,Manufacturing [31-33],452165,B,45.5089,-73.5617
2022-07,Quebec,Manufacturing [31-33],453664,B,45.5089,-73.5617
2022-08,Quebec,Manufacturing [31-33],443820,B,45.5089,-73.5617
2022-09,Quebec,Manufacturing [31-33],449238,B,45.5089,-73.5617
2022-10,Quebec,Manufacturing [31-33],446929,B,45.5089,-73.5617
2022-11,Quebec,Manufacturing [31-33],445577,B,45.5089,-73.5617
2022-12,Quebec,Manufacturing [31-33],445188,B,45.5089,-73.5617
2023-01,Quebec,Manufacturing [31-33],429365,B,45.5089,-73.5617
2023-02,Quebec,Manufacturing [31-33],432409,B,45.5089,-73.5617
2023-03,Quebec,Manufacturing [31-33],433288,B,45.5089,-73.5617
2023-04,Quebec,Manufacturing [31-33],437215,B,45.5089,-73.5617
2023-05,Quebec,Manufacturing [31-33],442634,B,45.5089,-73.5617
2023-06,Quebec,Manufacturing [31-33],451745,B,45.5089,-73.5617
2023-07,Quebec,Manufacturing [31-33],449795,B,45.5089,-73.5617
2023-08,Quebec,Manufacturing [31-33],442597,B,45.5089,-73.5617
2023-09,Quebec,Manufacturing [31-33],447510,B,45.5089,-73.5617
2023-10,Quebec,Manufacturing [31-33],445733,B,45.5089,-73.5617
2023-11,Quebec,Manufacturing [31-33],444388,B,45.5089,-73.5617
2023-12,Quebec,Manufacturing [31-33],438889,B,45.5089,-73.5617
2024-01,Quebec,Manufacturing [31-33],428557,B,45.5089,-73.5617
2024-02,Quebec,Manufacturing [31-33],431634,B,45.5089,-73.5617
2018-01,Quebec,Trade [41-45N],606008,A,45.5089,-73.5617
2018-02,Quebec,Trade [41-45N],599963,A,45.5089,-73.5617
2018-03,Quebec,Trade [41-45N],604197,A,45.5089,-73.5617
2018-04,Quebec,Trade [41-45N],610151,A,45.5089,-73.5617
2018-05,Quebec,Trade [41-45N],620246,A,45.5089,-73.5617
2018-06,Quebec,Trade [41-45N],626013,A,45.5089,-73.5617
2018-07,Quebec,Trade [41-45N],623275,A,45.5089,-73.5617
2018-08,Quebec,Trade [41-45N],619239,A,45.5089,-73.5617
2018-09,Quebec,Trade [41-45N],624172,A,45.5089,-73.5617
2018-10,Quebec,Trade [41-45N],627139,A,45.5089,-73.5617
2018-11,Quebec,Trade [41-45N],638781,A,45.5089,-73.5617
2018-12,Quebec,Trade [41-45N],641044,A,45.5089,-73.5617
2019-01,Quebec,Trade [41-45N],624612,A,45.5089,-73.5617
2019-02,Quebec,Trade [41-45N],615726,A,45.5089,-73.5617
2019-03,Quebec,Trade [41-45N],618236,A,45.5089,-73.5617
2019-04,Quebec,Trade [41-45N],623113,A,45.5089,-73.5617
2019-05,Quebec,Trade [41-45N],632237,A,45.5089,-73.5617
2019-06,Quebec,Trade [41-45N],637692,A,45.5089,-73.5617
2019-07,Quebec,Trade [41-45N],635584,A,45.5089,-73.5617
2019-08,Quebec,Trade [41-45N],631159,A,45.5089,-73.5617
2019-09,Quebec,Trade [41-45N],632919,B,45.5089,-73.5617
2019-10,Quebec,Trade [41-45N],634477,A,45.5089,-73.5617
2019-11,Quebec,Trade [41-45N],637722,A,45.5089,-73.5617
2019-12,Quebec,Trade [41-45N],644620,A,45.5089,-73.5617
2020-01,Quebec,Trade [41-45N],626566,A,45.5089,-73.5617
2020-02,Quebec,Trade [41-45N],619456,B,45.5089,-73.5617
2020-03,Quebec,Trade [41-45N],555531,B,45.5089,-73.5617
2020-04,Quebec,Trade [41-45N],476352,B,45.5089,-73.5617
2020-05,Quebec,Trade [41-45N],488222,B,45.5089,-73.5617
2020-06,Quebec,Trade [41-45N],543131,B,45.5089,-73.5617
2020-07,Quebec,Trade [41-45N],579688,B,45.5089,-73.5617
2020-08,Quebec,Trade [41-45N],583115,B,45.5089,-73.5617
2020-09,Quebec,Trade [41-45N],597698,B,45.5089,-73.5617
2020-10,Quebec,Trade [41-45N],606071,B,45.5089,-73.5617
2020-11,Quebec,Trade [41-45N],606945,A,45.5089,-73.5617
2020-12,Quebec,Trade [41-45N],614991,A,45.5089,-73.5617
2021-01,Quebec,Trade [41-45N],561836,A,45.5089,-73.5617
2021-02,Quebec,Trade [41-45N],569208,A,45.5089,-73.5617
2021-03,Quebec,Trade [41-45N],591011,A,45.5089,-73.5617
2021-04,Quebec,Trade [41-45N],605078,A,45.5089,-73.5617
2021-05,Quebec,Trade [41-45N],603445,B,45.5089,-73.5617
2021-06,Quebec,Trade [41-45N],620294,B,45.5089,-73.5617
2021-07,Quebec,Trade [41-45N],622983,B,45.5089,-73.5617
2021-08,Quebec,Trade [41-45N],616425,A,45.5089,-73.5617
2021-09,Quebec,Trade [41-45N],619704,A,45.5089,-73.5617
2021-10,Quebec,Trade [41-45N],622857,A,45.5089,-73.5617
2021-11,Quebec,Trade [41-45N],625512,B,45.5089,-73.5617
2021-12,Quebec,Trade [41-45N],633945,A,45.5089,-73.5617
2022-01,Quebec,Trade [41-45N],617405,A,45.5089,-73.5617
2022-02,Quebec,Trade [41-45N],610847,A,45.5089,-73.5617
2022-03,Quebec,Trade [41-45N],619697,A,45.5089,-73.5617
2022-04,Quebec,Trade [41-45N],624893,A,45.5089,-73.5617
2022-05,Quebec,Trade [41-45N],633792,A,45.5089,-73.5617
2022-06,Quebec,Trade [41-45N],641501,B,45.5089,-73.5617
2022-07,Quebec,Trade [41-45N],639280,B,45.5089,-73.5617
2022-08,Quebec,Trade [41-45N],632076,A,45.5089,-73.5617
2022-09,Quebec,Trade [41-45N],639430,B,45.5089,-73.5617
2022-10,Quebec,Trade [41-45N],637329,B,45.5089,-73.5617
2022-11,Quebec,Trade [41-45N],639524,B,45.5089,-73.5617
2022-12,Quebec,Trade [41-45N],645247,A,45.5089,-73.5617
2023-01,Quebec,Trade [41-45N],634629,A,45.5089,-73.5617
2023-02,Quebec,Trade [41-45N],629272,A,45.5089,-73.5617
2023-03,Quebec,Trade [41-45N],629879,A,45.5089,-73.5617
2023-04,Quebec,Trade [41-45N],639641,B,45.5089,-73.5617
2023-05,Quebec,Trade [41-45N],643650,B,45.5089,-73.5617
2023-06,Quebec,Trade [41-45N],651258,B,45.5089,-73.5617
2023-07,Quebec,Trade [41-45N],650819,B,45.5089,-73.5617
2023-08,Quebec,Trade [41-45N],643195,B,45.5089,-73.5617
2023-09,Quebec,Trade [41-45N],643424,A,45.5089,-73.5617
2023-10,Quebec,Trade [41-45N],643968,A,45.5089,-73.5617
2023-11,Quebec,Trade [41-45N],644126,B,45.5089,-73.5617
2023-12,Quebec,Trade [41-45N],646259,B,45.5089,-73.5617
2024-01,Quebec,Trade [41-45N],633919,A,45.5089,-73.5617
2024-02,Quebec,Trade [41-45N],623809,B,45.5089,-73.5617
2018-01,Quebec,Transportation and warehousing [48-49],160839,A,45.5089,-73.5617
2018-02,Quebec,Transportation and warehousing [48-49],158761,A,45.5089,-73.5617
2018-03,Quebec,Transportation and warehousing [48-49],159748,A,45.5089,-73.5617
2018-04,Quebec,Transportation and warehousing [48-49],159231,A,45.5089,-73.5617
2018-05,Quebec,Transportation and warehousing [48-49],161413,A,45.5089,-73.5617
2018-06,Quebec,Transportation and warehousing [48-49],164817,A,45.5089,-73.5617
2018-07,Quebec,Transportation and warehousing [48-49],158776,A,45.5089,-73.5617
2018-08,Quebec,Transportation and warehousing [48-49],157035,A,45.5089,-73.5617
2018-09,Quebec,Transportation and warehousing [48-49],166051,A,45.5089,-73.5617
2018-10,Quebec,Transportation and warehousing [48-49],166671,A,45.5089,-73.5617
2018-11,Quebec,Transportation and warehousing [48-49],167214,A,45.5089,-73.5617
2018-12,Quebec,Transportation and warehousing [48-49],165993,A,45.5089,-73.5617
2019-01,Quebec,Transportation and warehousing [48-49],165364,A,45.5089,-73.5617
2019-02,Quebec,Transportation and warehousing [48-49],165718,A,45.5089,-73.5617
2019-03,Quebec,Transportation and warehousing [48-49],164962,A,45.5089,-73.5617
2019-04,Quebec,Transportation and warehousing [48-49],164517,A,45.5089,-73.5617
2019-05,Quebec,Transportation and warehousing [48-49],166103,A,45.5089,-73.5617
2019-06,Quebec,Transportation and warehousing [48-49],170630,A,45.5089,-73.5617
2019-07,Quebec,Transportation and warehousing [48-49],164474,A,45.5089,-73.5617
2019-08,Quebec,Transportation and warehousing [48-49],163249,A,45.5089,-73.5617
2019-09,Quebec,Transportation and warehousing [48-49],171545,B,45.5089,-73.5617
2019-10,Quebec,Transportation and warehousing [48-49],171709,A,45.5089,-73.5617
2019-11,Quebec,Transportation and warehousing [48-49],170788,A,45.5089,-73.5617
2019-12,Quebec,Transportation and warehousing [48-49],171168,B,45.5089,-73.5617
2020-01,Quebec,Transportation and warehousing [48-49],170087,A,45.5089,-73.5617
2020-02,Quebec,Transportation and warehousing [48-49],167211,B,45.5089,-73.5617
2020-03,Quebec,Transportation and warehousing [48-49],155970,B,45.5089,-73.5617
2020-04,Quebec,Transportation and warehousing [48-49],146850,B,45.5089,-73.5617
2020-05,Quebec,Transportation and warehousing [48-49],139882,B,45.5089,-73.5617
2020-06,Quebec,Transportation and warehousing [48-49],149031,B,45.5089,-73.5617
2020-07,Quebec,Transportation and warehousing [48-49],150493,B,45.5089,-73.5617
2020-08,Quebec,Transportation and warehousing [48-49],148687,B,45.5089,-73.5617
2020-09,Quebec,Transportation and warehousing [48-49],162422,B,45.5089,-73.5617
2020-10,Quebec,Transportation and warehousing [48-49],165448,B,45.5089,-73.5617
2020-11,Quebec,Transportation and warehousing [48-49],164116,B,45.5089,-73.5617
2020-12,Quebec,Transportation and warehousing [48-49],166297,B,45.5089,-73.5617
2021-01,Quebec,Transportation and warehousing [48-49],159986,B,45.5089,-73.5617
2021-02,Quebec,Transportation and warehousing [48-49],158933,B,45.5089,-73.5617
2021-03,Quebec,Transportation and warehousing [48-49],158364,B,45.5089,-73.5617
2021-04,Quebec,Transportation and warehousing [48-49],159003,B,45.5089,-73.5617
2021-05,Quebec,Transportation and warehousing [48-49],159846,B,45.5089,-73.5617
2021-06,Quebec,Transportation and warehousing [48-49],165149,B,45.5089,-73.5617
2021-07,Quebec,Transportation and warehousing [48-49],157591,B,45.5089,-73.5617
2021-08,Quebec,Transportation and warehousing [48-49],154390,B,45.5089,-73.5617
2021-09,Quebec,Transportation and warehousing [48-49],164507,B,45.5089,-73.5617
2021-10,Quebec,Transportation and warehousing [48-49],166850,B,45.5089,-73.5617
2021-11,Quebec,Transportation and warehousing [48-49],166710,B,45.5089,-73.5617
2021-12,Quebec,Transportation and warehousing [48-49],168763,B,45.5089,-73.5617
2022-01,Quebec,Transportation and warehousing [48-49],165003,B,45.5089,-73.5617
2022-02,Quebec,Transportation and warehousing [48-49],166377,B,45.5089,-73.5617
2022-03,Quebec,Transportation and warehousing [48-49],166874,B,45.5089,-73.5617
2022-04,Quebec,Transportation and warehousing [48-49],168431,B,45.5089,-73.5617
2022-05,Quebec,Transportation and warehousing [48-49],169976,B,45.5089,-73.5617
2022-06,Quebec,Transportation and warehousing [48-49],175467,B,45.5089,-73.5617
2022-07,Quebec,Transportation and warehousing [48-49],167473,B,45.5089,-73.5617
2022-08,Quebec,Transportation and warehousing [48-49],165024,B,45.5089,-73.5617
2022-09,Quebec,Transportation and warehousing [48-49],176022,B,45.5089,-73.5617
2022-10,Quebec,Transportation and warehousing [48-49],175850,B,45.5089,-73.5617
2022-11,Quebec,Transportation and warehousing [48-49],175648,B,45.5089,-73.5617
2022-12,Quebec,Transportation and warehousing [48-49],176288,B,45.5089,-73.5617
2023-01,Quebec,Transportation and warehousing [48-49],175092,B,45.5089,-73.5617
2023-02,Quebec,Transportation and warehousing [48-49],174355,A,45.5089,-73.5617
2023-03,Quebec,Transportation and warehousing [48-49],173661,B,45.5089,-73.5617
2023-04,Quebec,Transportation and warehousing [48-49],174507,A,45.5089,-73.5617
2023-05,Quebec,Transportation and warehousing [48-49],175331,B,45.5089,-73.5617
2023-06,Quebec,Transportation and warehousing [48-49],178576,B,45.5089,-73.5617
2023-07,Quebec,Transportation and warehousing [48-49],170932,B,45.5089,-73.5617
2023-08,Quebec,Transportation and warehousing [48-49],169081,B,45.5089,-73.5617
2023-09,Quebec,Transportation and warehousing [48-49],178657,B,45.5089,-73.5617
2023-10,Quebec,Transportation and warehousing [48-49],178600,B,45.5089,-73.5617
2023-11,Quebec,Transportation and warehousing [48-49],177586,B,45.5089,-73.5617
2023-12,Quebec,Transportation and warehousing [48-49],177405,B,45.5089,-73.5617
2024-01,Quebec,Transportation and warehousing [48-49],175868,B,45.5089,-73.5617
2024-02,Quebec,Transportation and warehousing [48-49],176268,B,45.5089,-73.5617
2018-01,Quebec,Information and cultural industries [51],75446,A,45.5089,-73.5617
2018-02,Quebec,Information and cultural industries [51],76294,A,45.5089,-73.5617
2018-03,Quebec,Information and cultural industries [51],76767,A,45.5089,-73.5617
2018-04,Quebec,Information and cultural industries [51],75760,A,45.5089,-73.5617
2018-05,Quebec,Information and cultural industries [51],76533,A,45.5089,-73.5617
2018-06,Quebec,Information and cultural industries [51],72988,A,45.5089,-73.5617
2018-07,Quebec,Information and cultural industries [51],72442,A,45.5089,-73.5617
2018-08,Quebec,Information and cultural industries [51],73178,A,45.5089,-73.5617
2018-09,Quebec,Information and cultural industries [51],72293,A,45.5089,-73.5617
2018-10,Quebec,Information and cultural industries [51],72506,A,45.5089,-73.5617
2018-11,Quebec,Information and cultural industries [51],74311,A,45.5089,-73.5617
2018-12,Quebec,Information and cultural industries [51],73892,A,45.5089,-73.5617
2019-01,Quebec,Information and cultural industries [51],71724,A,45.5089,-73.5617
2019-02,Quebec,Information and cultural industries [51],72580,A,45.5089,-73.5617
2019-03,Quebec,Information and cultural industries [51],72701,A,45.5089,-73.5617
2019-04,Quebec,Information and cultural industries [51],72466,A,45.5089,-73.5617
2019-05,Quebec,Information and cultural industries [51],74908,A,45.5089,-73.5617
2019-06,Quebec,Information and cultural industries [51],74751,A,45.5089,-73.5617
2019-07,Quebec,Information and cultural industries [51],75115,A,45.5089,-73.5617
2019-08,Quebec,Information and cultural industries [51],75941,A,45.5089,-73.5617
2019-09,Quebec,Information and cultural industries [51],75705,A,45.5089,-73.5617
2019-10,Quebec,Information and cultural industries [51],75708,B,45.5089,-73.5617
2019-11,Quebec,Information and cultural industries [51],74416,B,45.5089,-73.5617
2019-12,Quebec,Information and cultural industries [51],73618,A,45.5089,-73.5617
2020-01,Quebec,Information and cultural industries [51],71466,A,45.5089,-73.5617
2020-02,Quebec,Information and cultural industries [51],71899,B,45.5089,-73.5617
2020-03,Quebec,Information and cultural industries [51],68809,B,45.5089,-73.5617
2020-04,Quebec,Information and cultural industries [51],66455,B,45.5089,-73.5617
2020-05,Quebec,Information and cultural industries [51],64860,B,45.5089,-73.5617
2020-06,Quebec,Information and cultural industries [51],66219,B,45.5089,-73.5617
2020-07,Quebec,Information and cultural industries [51],68676,A,45.5089,-73.5617
2020-08,Quebec,Information and cultural industries [51],69589,B,45.5089,-73.5617
2020-09,Quebec,Information and cultural industries [51],71087,B,45.5089,-73.5617
2020-10,Quebec,Information and cultural industries [51],72558,A,45.5089,-73.5617
2020-11,Quebec,Information and cultural industries [51],70826,B,45.5089,-73.5617
2020-12,Quebec,Information and cultural industries [51],70660,B,45.5089,-73.5617
2021-01,Quebec,Information and cultural industries [51],69324,A,45.5089,-73.5617
2021-02,Quebec,Information and cultural industries [51],69250,A,45.5089,-73.5617
2021-03,Quebec,Information and cultural industries [51],69822,A,45.5089,-73.5617
2021-04,Quebec,Information and cultural industries [51],70821,A,45.5089,-73.5617
2021-05,Quebec,Information and cultural industries [51],71389,B,45.5089,-73.5617
2021-06,Quebec,Information and cultural industries [51],72837,A,45.5089,-73.5617
2021-07,Quebec,Information and cultural industries [51],72996,A,45.5089,-73.5617
2021-08,Quebec,Information and cultural industries [51],73999,A,45.5089,-73.5617
2021-09,Quebec,Information and cultural industries [51],74925,A,45.5089,-73.5617
2021-10,Quebec,Information and cultural industries [51],75787,A,45.5089,-73.5617
2021-11,Quebec,Information and cultural industries [51],75847,B,45.5089,-73.5617
2021-12,Quebec,Information and cultural industries [51],76259,A,45.5089,-73.5617
2022-01,Quebec,Information and cultural industries [51],73100,A,45.5089,-73.5617
2022-02,Quebec,Information and cultural industries [51],74156,A,45.5089,-73.5617
2022-03,Quebec,Information and cultural industries [51],75329,A,45.5089,-73.5617
2022-04,Quebec,Information and cultural industries [51],77290,A,45.5089,-73.5617
2022-05,Quebec,Information and cultural industries [51],78171,B,45.5089,-73.5617
2022-06,Quebec,Information and cultural industries [51],79496,B,45.5089,-73.5617
2022-07,Quebec,Information and cultural industries [51],80457,B,45.5089,-73.5617
2022-08,Quebec,Information and cultural industries [51],80632,B,45.5089,-73.5617
2022-09,Quebec,Information and cultural industries [51],81197,A,45.5089,-73.5617
2022-10,Quebec,Information and cultural industries [51],81097,A,45.5089,-73.5617
2022-11,Quebec,Information and cultural industries [51],79931,B,45.5089,-73.5617
2022-12,Quebec,Information and cultural industries [51],79482,A,45.5089,-73.5617
2023-01,Quebec,Information and cultural industries [51],77539,A,45.5089,-73.5617
2023-02,Quebec,Information and cultural industries [51],77927,B,45.5089,-73.5617
2023-03,Quebec,Information and cultural industries [51],77236,B,45.5089,-73.5617
2023-04,Quebec,Information and cultural industries [51],76935,B,45.5089,-73.5617
2023-05,Quebec,Information and cultural industries [51],76810,B,45.5089,-73.5617
2023-06,Quebec,Information and cultural industries [51],77820,B,45.5089,-73.5617
2023-07,Quebec,Information and cultural industries [51],77518,B,45.5089,-73.5617
2023-08,Quebec,Information and cultural industries [51],77222,B,45.5089,-73.5617
2023-09,Quebec,Information and cultural industries [51],78197,B,45.5089,-73.5617
2023-10,Quebec,Information and cultural industries [51],77573,B,45.5089,-73.5617
2023-11,Quebec,Information and cultural industries [51],76504,B,45.5089,-73.5617
2023-12,Quebec,Information and cultural industries [51],75692,B,45.5089,-73.5617
2024-01,Quebec,Information and cultural industries [51],74263,B,45.5089,-73.5617
2024-02,Quebec,Information and cultural industries [51],73745,B,45.5089,-73.5617
2018-01,Quebec,Finance and insurance [52],149806,A,45.5089,-73.5617
2018-02,Quebec,Finance and insurance [52],146529,A,45.5089,-73.5617
2018-03,Quebec,Finance and insurance [52],147777,A,45.5089,-73.5617
2018-04,Quebec,Finance and insurance [52],148582,A,45.5089,-73.5617
2018-05,Quebec,Finance and insurance [52],148758,A,45.5089,-73.5617
2018-06,Quebec,Finance and insurance [52],150148,A,45.5089,-73.5617
2018-07,Quebec,Finance and insurance [52],150018,A,45.5089,-73.5617
2018-08,Quebec,Finance and insurance [52],149236,A,45.5089,-73.5617
2018-09,Quebec,Finance and insurance [52],148301,A,45.5089,-73.5617
2018-10,Quebec,Finance and insurance [52],149598,A,45.5089,-73.5617
2018-11,Quebec,Finance and insurance [52],150044,A,45.5089,-73.5617
2018-12,Quebec,Finance and insurance [52],150745,A,45.5089,-73.5617
2019-01,Quebec,Finance and insurance [52],149349,A,45.5089,-73.5617
2019-02,Quebec,Finance and insurance [52],147865,A,45.5089,-73.5617
2019-03,Quebec,Finance and insurance [52],147924,A,45.5089,-73.5617
2019-04,Quebec,Finance and insurance [52],149865,A,45.5089,-73.5617
2019-05,Quebec,Finance and insurance [52],148025,A,45.5089,-73.5617
2019-06,Quebec,Finance and insurance [52],151008,A,45.5089,-73.5617
2019-07,Quebec,Finance and insurance [52],150796,A,45.5089,-73.5617
2019-08,Quebec,Finance and insurance [52],151019,A,45.5089,-73.5617
2019-09,Quebec,Finance and insurance [52],149718,A,45.5089,-73.5617
2019-10,Quebec,Finance and insurance [52],149521,A,45.5089,-73.5617
2019-11,Quebec,Finance and insurance [52],150457,A,45.5089,-73.5617
2019-12,Quebec,Finance and insurance [52],153151,B,45.5089,-73.5617
2020-01,Quebec,Finance and insurance [52],152230,B,45.5089,-73.5617
2020-02,Quebec,Finance and insurance [52],149769,A,45.5089,-73.5617
2020-03,Quebec,Finance and insurance [52],148235,B,45.5089,-73.5617
2020-04,Quebec,Finance and insurance [52],149987,B,45.5089,-73.5617
2020-05,Quebec,Finance and insurance [52],149794,A,45.5089,-73.5617
2020-06,Quebec,Finance and insurance [52],146462,B,45.5089,-73.5617
2020-07,Quebec,Finance and insurance [52],149137,A,45.5089,-73.5617
2020-08,Quebec,Finance and insurance [52],146833,A,45.5089,-73.5617
2020-09,Quebec,Finance and insurance [52],147846,A,45.5089,-73.5617
2020-10,Quebec,Finance and insurance [52],148635,A,45.5089,-73.5617
2020-11,Quebec,Finance and insurance [52],148442,A,45.5089,-73.5617
2020-12,Quebec,Finance and insurance [52],152382,A,45.5089,-73.5617
2021-01,Quebec,Finance and insurance [52],150292,A,45.5089,-73.5617
2021-02,Quebec,Finance and insurance [52],150676,A,45.5089,-73.5617
2021-03,Quebec,Finance and insurance [52],155935,A,45.5089,-73.5617
2021-04,Quebec,Finance and insurance [52],156024,A,45.5089,-73.5617
2021-05,Quebec,Finance and insurance [52],153558,A,45.5089,-73.5617
2021-06,Quebec,Finance and insurance [52],155473,A,45.5089,-73.5617
2021-07,Quebec,Finance and insurance [52],158237,A,45.5089,-73.5617
2021-08,Quebec,Finance and insurance [52],154766,A,45.5089,-73.5617
2021-09,Quebec,Finance and insurance [52],158367,A,45.5089,-73.5617
2021-10,Quebec,Finance and insurance [52],157849,A,45.5089,-73.5617
2021-11,Quebec,Finance and insurance [52],157146,A,45.5089,-73.5617
2021-12,Quebec,Finance and insurance [52],159522,A,45.5089,-73.5617
2022-01,Quebec,Finance and insurance [52],158027,A,45.5089,-73.5617
2022-02,Quebec,Finance and insurance [52],157656,A,45.5089,-73.5617
2022-03,Quebec,Finance and insurance [52],161726,A,45.5089,-73.5617
2022-04,Quebec,Finance and insurance [52],162998,A,45.5089,-73.5617
2022-05,Quebec,Finance and insurance [52],163124,A,45.5089,-73.5617
2022-06,Quebec,Finance and insurance [52],168437,B,45.5089,-73.5617
2022-07,Quebec,Finance and insurance [52],169310,B,45.5089,-73.5617
2022-08,Quebec,Finance and insurance [52],167939,A,45.5089,-73.5617
2022-09,Quebec,Finance and insurance [52],167486,A,45.5089,-73.5617
2022-10,Quebec,Finance and insurance [52],169225,A,45.5089,-73.5617
2022-11,Quebec,Finance and insurance [52],170094,A,45.5089,-73.5617
2022-12,Quebec,Finance and insurance [52],175304,A,45.5089,-73.5617
2023-01,Quebec,Finance and insurance [52],176502,A,45.5089,-73.5617
2023-02,Quebec,Finance and insurance [52],172857,B,45.5089,-73.5617
2023-03,Quebec,Finance and insurance [52],177934,A,45.5089,-73.5617
2023-04,Quebec,Finance and insurance [52],175278,A,45.5089,-73.5617
2023-05,Quebec,Finance and insurance [52],176269,A,45.5089,-73.5617
2023-06,Quebec,Finance and insurance [52],179160,A,45.5089,-73.5617
2023-07,Quebec,Finance and insurance [52],176966,A,45.5089,-73.5617
2023-08,Quebec,Finance and insurance [52],176379,B,45.5089,-73.5617
2023-09,Quebec,Finance and insurance [52],176623,A,45.5089,-73.5617
2023-10,Quebec,Finance and insurance [52],175035,A,45.5089,-73.5617
2023-11,Quebec,Finance and insurance [52],175071,A,45.5089,-73.5617
2023-12,Quebec,Finance and insurance [52],177895,B,45.5089,-73.5617
2024-01,Quebec,Finance and insurance [52],174777,A,45.5089,-73.5617
2024-02,Quebec,Finance and insurance [52],174514,A,45.5089,-73.5617
2018-01,Quebec,Real estate and rental and leasing [53],56045,A,45.5089,-73.5617
2018-02,Quebec,Real estate and rental and leasing [53],55947,A,45.5089,-73.5617
2018-03,Quebec,Real estate and rental and leasing [53],55844,A,45.5089,-73.5617
2018-04,Quebec,Real estate and rental and leasing [53],56428,A,45.5089,-73.5617
2018-05,Quebec,Real estate and rental and leasing [53],57179,A,45.5089,-73.5617
2018-06,Quebec,Real estate and rental and leasing [53],58511,A,45.5089,-73.5617
2018-07,Quebec,Real estate and rental and leasing [53],58869,A,45.5089,-73.5617
2018-08,Quebec,Real estate and rental and leasing [53],58103,A,45.5089,-73.5617
2018-09,Quebec,Real estate and rental and leasing [53],59037,A,45.5089,-73.5617
2018-10,Quebec,Real estate and rental and leasing [53],59355,A,45.5089,-73.5617
2018-11,Quebec,Real estate and rental and leasing [53],58912,A,45.5089,-73.5617
2018-12,Quebec,Real estate and rental and leasing [53],58663,A,45.5089,-73.5617
2019-01,Quebec,Real estate and rental and leasing [53],58737,A,45.5089,-73.5617
2019-02,Quebec,Real estate and rental and leasing [53],57629,A,45.5089,-73.5617
2019-03,Quebec,Real estate and rental and leasing [53],57599,A,45.5089,-73.5617
2019-04,Quebec,Real estate and rental and leasing [53],57970,A,45.5089,-73.5617
2019-05,Quebec,Real estate and rental and leasing [53],60025,A,45.5089,-73.5617
2019-06,Quebec,Real estate and rental and leasing [53],60849,A,45.5089,-73.5617
2019-07,Quebec,Real estate and rental and leasing [53],60477,A,45.5089,-73.5617
2019-08,Quebec,Real estate and rental and leasing [53],58555,A,45.5089,-73.5617
2019-09,Quebec,Real estate and rental and leasing [53],59240,B,45.5089,-73.5617
2019-10,Quebec,Real estate and rental and leasing [53],58752,A,45.5089,-73.5617
2019-11,Quebec,Real estate and rental and leasing [53],58101,B,45.5089,-73.5617
2019-12,Quebec,Real estate and rental and leasing [53],58305,A,45.5089,-73.5617
2020-01,Quebec,Real estate and rental and leasing [53],56278,A,45.5089,-73.5617
2020-02,Quebec,Real estate and rental and leasing [53],55909,B,45.5089,-73.5617
2020-03,Quebec,Real estate and rental and leasing [53],45893,B,45.5089,-73.5617
2020-04,Quebec,Real estate and rental and leasing [53],39418,A,45.5089,-73.5617
2020-05,Quebec,Real estate and rental and leasing [53],39485,A,45.5089,-73.5617
2020-06,Quebec,Real estate and rental and leasing [53],42861,B,45.5089,-73.5617
2020-07,Quebec,Real estate and rental and leasing [53],45098,A,45.5089,-73.5617
2020-08,Quebec,Real estate and rental and leasing [53],45946,B,45.5089,-73.5617
2020-09,Quebec,Real estate and rental and leasing [53],47574,B,45.5089,-73.5617
2020-10,Quebec,Real estate and rental and leasing [53],47553,B,45.5089,-73.5617
2020-11,Quebec,Real estate and rental and leasing [53],47220,B,45.5089,-73.5617
2020-12,Quebec,Real estate and rental and leasing [53],48176,A,45.5089,-73.5617
2021-01,Quebec,Real estate and rental and leasing [53],46449,A,45.5089,-73.5617
2021-02,Quebec,Real estate and rental and leasing [53],46718,A,45.5089,-73.5617
2021-03,Quebec,Real estate and rental and leasing [53],47107,B,45.5089,-73.5617
2021-04,Quebec,Real estate and rental and leasing [53],48018,B,45.5089,-73.5617
2021-05,Quebec,Real estate and rental and leasing [53],49311,B,45.5089,-73.5617
2021-06,Quebec,Real estate and rental and leasing [53],51230,B,45.5089,-73.5617
2021-07,Quebec,Real estate and rental and leasing [53],52001,B,45.5089,-73.5617
2021-08,Quebec,Real estate and rental and leasing [53],51075,B,45.5089,-73.5617
2021-09,Quebec,Real estate and rental and leasing [53],52119,B,45.5089,-73.5617
2021-10,Quebec,Real estate and rental and leasing [53],52378,B,45.5089,-73.5617
2021-11,Quebec,Real estate and rental and leasing [53],51927,B,45.5089,-73.5617
2021-12,Quebec,Real estate and rental and leasing [53],52399,B,45.5089,-73.5617
2022-01,Quebec,Real estate and rental and leasing [53],51269,B,45.5089,-73.5617
2022-02,Quebec,Real estate and rental and leasing [53],50810,B,45.5089,-73.5617
2022-03,Quebec,Real estate and rental and leasing [53],51039,B,45.5089,-73.5617
2022-04,Quebec,Real estate and rental and leasing [53],51194,A,45.5089,-73.5617
2022-05,Quebec,Real estate and rental and leasing [53],51729,B,45.5089,-73.5617
2022-06,Quebec,Real estate and rental and leasing [53],54329,B,45.5089,-73.5617
2022-07,Quebec,Real estate and rental and leasing [53],54485,B,45.5089,-73.5617
2022-08,Quebec,Real estate and rental and leasing [53],53570,B,45.5089,-73.5617
2022-09,Quebec,Real estate and rental and leasing [53],55079,B,45.5089,-73.5617
2022-10,Quebec,Real estate and rental and leasing [53],54822,B,45.5089,-73.5617
2022-11,Quebec,Real estate and rental and leasing [53],54687,B,45.5089,-73.5617
2022-12,Quebec,Real estate and rental and leasing [53],55628,B,45.5089,-73.5617
2023-01,Quebec,Real estate and rental and leasing [53],54727,B,45.5089,-73.5617
2023-02,Quebec,Real estate and rental and leasing [53],54278,B,45.5089,-73.5617
2023-03,Quebec,Real estate and rental and leasing [53],53744,B,45.5089,-73.5617
2023-04,Quebec,Real estate and rental and leasing [53],53795,B,45.5089,-73.5617
2023-05,Quebec,Real estate and rental and leasing [53],54405,B,45.5089,-73.5617
2023-06,Quebec,Real estate and rental and leasing [53],55684,B,45.5089,-73.5617
2023-07,Quebec,Real estate and rental and leasing [53],55445,B,45.5089,-73.5617
2023-08,Quebec,Real estate and rental and leasing [53],54732,B,45.5089,-73.5617
2023-09,Quebec,Real estate and rental and leasing [53],55580,B,45.5089,-73.5617
2023-10,Quebec,Real estate and rental and leasing [53],53997,B,45.5089,-73.5617
2023-11,Quebec,Real estate and rental and leasing [53],53723,B,45.5089,-73.5617
2023-12,Quebec,Real estate and rental and leasing [53],54220,B,45.5089,-73.5617
2024-01,Quebec,Real estate and rental and leasing [53],53253,B,45.5089,-73.5617
2024-02,Quebec,Real estate and rental and leasing [53],53317,B,45.5089,-73.5617
2018-01,Quebec,"Professional, scientific and technical services [54,541]",199755,A,45.5089,-73.5617
2018-02,Quebec,"Professional, scientific and technical services [54,541]",202400,A,45.5089,-73.5617
2018-03,Quebec,"Professional, scientific and technical services [54,541]",203597,A,45.5089,-73.5617
2018-04,Quebec,"Professional, scientific and technical services [54,541]",204148,A,45.5089,-73.5617
2018-05,Quebec,"Professional, scientific and technical services [54,541]",206485,A,45.5089,-73.5617
2018-06,Quebec,"Professional, scientific and technical services [54,541]",209801,A,45.5089,-73.5617
2018-07,Quebec,"Professional, scientific and technical services [54,541]",210098,A,45.5089,-73.5617
2018-08,Quebec,"Professional, scientific and technical services [54,541]",208682,A,45.5089,-73.5617
2018-09,Quebec,"Professional, scientific and technical services [54,541]",209847,A,45.5089,-73.5617
2018-10,Quebec,"Professional, scientific and technical services [54,541]",209958,A,45.5089,-73.5617
2018-11,Quebec,"Professional, scientific and technical services [54,541]",211849,A,45.5089,-73.5617
2018-12,Quebec,"Professional, scientific and technical services [54,541]",212412,A,45.5089,-73.5617
2019-01,Quebec,"Professional, scientific and technical services [54,541]",211398,A,45.5089,-73.5617
2019-02,Quebec,"Professional, scientific and technical services [54,541]",211892,A,45.5089,-73.5617
2019-03,Quebec,"Professional, scientific and technical services [54,541]",212809,A,45.5089,-73.5617
2019-04,Quebec,"Professional, scientific and technical services [54,541]",214019,A,45.5089,-73.5617
2019-05,Quebec,"Professional, scientific and technical services [54,541]",215358,A,45.5089,-73.5617
2019-06,Quebec,"Professional, scientific and technical services [54,541]",219382,A,45.5089,-73.5617
2019-07,Quebec,"Professional, scientific and technical services [54,541]",220141,A,45.5089,-73.5617
2019-08,Quebec,"Professional, scientific and technical services [54,541]",221347,A,45.5089,-73.5617
2019-09,Quebec,"Professional, scientific and technical services [54,541]",220113,A,45.5089,-73.5617
2019-10,Quebec,"Professional, scientific and technical services [54,541]",220805,A,45.5089,-73.5617
2019-11,Quebec,"Professional, scientific and technical services [54,541]",221723,B,45.5089,-73.5617
2019-12,Quebec,"Professional, scientific and technical services [54,541]",221294,B,45.5089,-73.5617
2020-01,Quebec,"Professional, scientific and technical services [54,541]",219943,A,45.5089,-73.5617
2020-02,Quebec,"Professional, scientific and technical services [54,541]",222599,B,45.5089,-73.5617
2020-03,Quebec,"Professional, scientific and technical services [54,541]",210965,B,45.5089,-73.5617
2020-04,Quebec,"Professional, scientific and technical services [54,541]",203143,B,45.5089,-73.5617
2020-05,Quebec,"Professional, scientific and technical services [54,541]",201269,B,45.5089,-73.5617
2020-06,Quebec,"Professional, scientific and technical services [54,541]",210030,B,45.5089,-73.5617
2020-07,Quebec,"Professional, scientific and technical services [54,541]",216643,A,45.5089,-73.5617
2020-08,Quebec,"Professional, scientific and technical services [54,541]",218177,B,45.5089,-73.5617
2020-09,Quebec,"Professional, scientific and technical services [54,541]",224709,A,45.5089,-73.5617
2020-10,Quebec,"Professional, scientific and technical services [54,541]",227469,A,45.5089,-73.5617
2020-11,Quebec,"Professional, scientific and technical services [54,541]",229088,B,45.5089,-73.5617
2020-12,Quebec,"Professional, scientific and technical services [54,541]",230595,B,45.5089,-73.5617
2021-01,Quebec,"Professional, scientific and technical services [54,541]",228992,A,45.5089,-73.5617
2021-02,Quebec,"Professional, scientific and technical services [54,541]",230950,A,45.5089,-73.5617
2021-03,Quebec,"Professional, scientific and technical services [54,541]",235039,A,45.5089,-73.5617
2021-04,Quebec,"Professional, scientific and technical services [54,541]",238355,B,45.5089,-73.5617
2021-05,Quebec,"Professional, scientific and technical services [54,541]",242899,A,45.5089,-73.5617
2021-06,Quebec,"Professional, scientific and technical services [54,541]",248456,B,45.5089,-73.5617
2021-07,Quebec,"Professional, scientific and technical services [54,541]",249483,A,45.5089,-73.5617
2021-08,Quebec,"Professional, scientific and technical services [54,541]",248393,A,45.5089,-73.5617
2021-09,Quebec,"Professional, scientific and technical services [54,541]",250940,A,45.5089,-73.5617
2021-10,Quebec,"Professional, scientific and technical services [54,541]",252101,A,45.5089,-73.5617
2021-11,Quebec,"Professional, scientific and technical services [54,541]",252551,A,45.5089,-73.5617
2021-12,Quebec,"Professional, scientific and technical services [54,541]",255256,A,45.5089,-73.5617
2022-01,Quebec,"Professional, scientific and technical services [54,541]",256492,A,45.5089,-73.5617
2022-02,Quebec,"Professional, scientific and technical services [54,541]",257661,A,45.5089,-73.5617
2022-03,Quebec,"Professional, scientific and technical services [54,541]",257873,B,45.5089,-73.5617
2022-04,Quebec,"Professional, scientific and technical services [54,541]",262451,A,45.5089,-73.5617
2022-05,Quebec,"Professional, scientific and technical services [54,541]",264741,B,45.5089,-73.5617
2022-06,Quebec,"Professional, scientific and technical services [54,541]",270241,B,45.5089,-73.5617
2022-07,Quebec,"Professional, scientific and technical services [54,541]",272202,B,45.5089,-73.5617
2022-08,Quebec,"Professional, scientific and technical services [54,541]",271283,B,45.5089,-73.5617
2022-09,Quebec,"Professional, scientific and technical services [54,541]",272670,A,45.5089,-73.5617
2022-10,Quebec,"Professional, scientific and technical services [54,541]",272991,B,45.5089,-73.5617
2022-11,Quebec,"Professional, scientific and technical services [54,541]",272027,B,45.5089,-73.5617
2022-12,Quebec,"Professional, scientific and technical services [54,541]",273761,B,45.5089,-73.5617
2023-01,Quebec,"Professional, scientific and technical services [54,541]",272315,B,45.5089,-73.5617
2023-02,Quebec,"Professional, scientific and technical services [54,541]",270217,B,45.5089,-73.5617
2023-03,Quebec,"Professional, scientific and technical services [54,541]",271427,B,45.5089,-73.5617
2023-04,Quebec,"Professional, scientific and technical services [54,541]",274128,B,45.5089,-73.5617
2023-05,Quebec,"Professional, scientific and technical services [54,541]",275574,B,45.5089,-73.5617
2023-06,Quebec,"Professional, scientific and technical services [54,541]",278881,A,45.5089,-73.5617
2023-07,Quebec,"Professional, scientific and technical services [54,541]",278574,B,45.5089,-73.5617
2023-08,Quebec,"Professional, scientific and technical services [54,541]",275756,B,45.5089,-73.5617
2023-09,Quebec,"Professional, scientific and technical services [54,541]",275067,B,45.5089,-73.5617
2023-10,Quebec,"Professional, scientific and technical services [54,541]",275744,B,45.5089,-73.5617
2023-11,Quebec,"Professional, scientific and technical services [54,541]",274883,B,45.5089,-73.5617
2023-12,Quebec,"Professional, scientific and technical services [54,541]",275236,B,45.5089,-73.5617
2024-01,Quebec,"Professional, scientific and technical services [54,541]",273812,B,45.5089,-73.5617
2024-02,Quebec,"Professional, scientific and technical services [54,541]",274147,B,45.5089,-73.5617
2018-01,Quebec,"Management of companies and enterprises [55,551,5511]",21627,A,45.5089,-73.5617
2018-02,Quebec,"Management of companies and enterprises [55,551,5511]",21513,A,45.5089,-73.5617
2018-03,Quebec,"Management of companies and enterprises [55,551,5511]",21997,A,45.5089,-73.5617
2018-04,Quebec,"Management of companies and enterprises [55,551,5511]",22284,A,45.5089,-73.5617
2018-05,Quebec,"Management of companies and enterprises [55,551,5511]",22339,A,45.5089,-73.5617
2018-06,Quebec,"Management of companies and enterprises [55,551,5511]",22412,A,45.5089,-73.5617
2018-07,Quebec,"Management of companies and enterprises [55,551,5511]",22768,A,45.5089,-73.5617
2018-08,Quebec,"Management of companies and enterprises [55,551,5511]",22975,A,45.5089,-73.5617
2018-09,Quebec,"Management of companies and enterprises [55,551,5511]",23105,A,45.5089,-73.5617
2018-10,Quebec,"Management of companies and enterprises [55,551,5511]",23240,A,45.5089,-73.5617
2018-11,Quebec,"Management of companies and enterprises [55,551,5511]",23849,A,45.5089,-73.5617
2018-12,Quebec,"Management of companies and enterprises [55,551,5511]",23200,A,45.5089,-73.5617
2019-01,Quebec,"Management of companies and enterprises [55,551,5511]",22338,A,45.5089,-73.5617
2019-02,Quebec,"Management of companies and enterprises [55,551,5511]",22451,A,45.5089,-73.5617
2019-03,Quebec,"Management of companies and enterprises [55,551,5511]",22073,A,45.5089,-73.5617
2019-04,Quebec,"Management of companies and enterprises [55,551,5511]",22413,A,45.5089,-73.5617
2019-05,Quebec,"Management of companies and enterprises [55,551,5511]",22644,A,45.5089,-73.5617
2019-06,Quebec,"Management of companies and enterprises [55,551,5511]",23091,A,45.5089,-73.5617
2019-07,Quebec,"Management of companies and enterprises [55,551,5511]",23046,A,45.5089,-73.5617
2019-08,Quebec,"Management of companies and enterprises [55,551,5511]",23083,A,45.5089,-73.5617
2019-09,Quebec,"Management of companies and enterprises [55,551,5511]",23166,A,45.5089,-73.5617
2019-10,Quebec,"Management of companies and enterprises [55,551,5511]",23217,B,45.5089,-73.5617
2019-11,Quebec,"Management of companies and enterprises [55,551,5511]",23904,B,45.5089,-73.5617
2019-12,Quebec,"Management of companies and enterprises [55,551,5511]",24828,B,45.5089,-73.5617
2020-01,Quebec,"Management of companies and enterprises [55,551,5511]",23656,B,45.5089,-73.5617
2020-02,Quebec,"Management of companies and enterprises [55,551,5511]",24470,B,45.5089,-73.5617
2020-03,Quebec,"Management of companies and enterprises [55,551,5511]",23283,B,45.5089,-73.5617
2020-04,Quebec,"Management of companies and enterprises [55,551,5511]",21351,B,45.5089,-73.5617
2020-05,Quebec,"Management of companies and enterprises [55,551,5511]",20147,B,45.5089,-73.5617
2020-06,Quebec,"Management of companies and enterprises [55,551,5511]",20579,B,45.5089,-73.5617
2020-07,Quebec,"Management of companies and enterprises [55,551,5511]",23174,B,45.5089,-73.5617
2020-08,Quebec,"Management of companies and enterprises [55,551,5511]",23304,B,45.5089,-73.5617
2020-09,Quebec,"Management of companies and enterprises [55,551,5511]",23301,B,45.5089,-73.5617
2020-10,Quebec,"Management of companies and enterprises [55,551,5511]",23911,B,45.5089,-73.5617
2020-11,Quebec,"Management of companies and enterprises [55,551,5511]",23011,B,45.5089,-73.5617
2020-12,Quebec,"Management of companies and enterprises [55,551,5511]",22913,A,45.5089,-73.5617
2021-01,Quebec,"Management of companies and enterprises [55,551,5511]",22850,B,45.5089,-73.5617
2021-02,Quebec,"Management of companies and enterprises [55,551,5511]",23014,A,45.5089,-73.5617
2021-03,Quebec,"Management of companies and enterprises [55,551,5511]",22348,A,45.5089,-73.5617
2021-04,Quebec,"Management of companies and enterprises [55,551,5511]",22486,A,45.5089,-73.5617
2021-05,Quebec,"Management of companies and enterprises [55,551,5511]",22278,B,45.5089,-73.5617
2021-06,Quebec,"Management of companies and enterprises [55,551,5511]",23254,A,45.5089,-73.5617
2021-07,Quebec,"Management of companies and enterprises [55,551,5511]",23612,A,45.5089,-73.5617
2021-08,Quebec,"Management of companies and enterprises [55,551,5511]",23721,A,45.5089,-73.5617
2021-09,Quebec,"Management of companies and enterprises [55,551,5511]",24063,A,45.5089,-73.5617
2021-10,Quebec,"Management of companies and enterprises [55,551,5511]",24905,A,45.5089,-73.5617
2021-11,Quebec,"Management of companies and enterprises [55,551,5511]",24674,A,45.5089,-73.5617
2021-12,Quebec,"Management of companies and enterprises [55,551,5511]",24497,A,45.5089,-73.5617
2022-01,Quebec,"Management of companies and enterprises [55,551,5511]",24059,A,45.5089,-73.5617
2022-02,Quebec,"Management of companies and enterprises [55,551,5511]",25029,B,45.5089,-73.5617
2022-03,Quebec,"Management of companies and enterprises [55,551,5511]",25134,B,45.5089,-73.5617
2022-04,Quebec,"Management of companies and enterprises [55,551,5511]",25489,A,45.5089,-73.5617
2022-05,Quebec,"Management of companies and enterprises [55,551,5511]",25757,A,45.5089,-73.5617
2022-06,Quebec,"Management of companies and enterprises [55,551,5511]",26174,B,45.5089,-73.5617
2022-07,Quebec,"Management of companies and enterprises [55,551,5511]",26219,B,45.5089,-73.5617
2022-08,Quebec,"Management of companies and enterprises [55,551,5511]",25850,B,45.5089,-73.5617
2022-09,Quebec,"Management of companies and enterprises [55,551,5511]",26202,A,45.5089,-73.5617
2022-10,Quebec,"Management of companies and enterprises [55,551,5511]",28051,B,45.5089,-73.5617
2022-11,Quebec,"Management of companies and enterprises [55,551,5511]",27407,B,45.5089,-73.5617
2022-12,Quebec,"Management of companies and enterprises [55,551,5511]",27652,A,45.5089,-73.5617
2023-01,Quebec,"Management of companies and enterprises [55,551,5511]",27944,B,45.5089,-73.5617
2023-02,Quebec,"Management of companies and enterprises [55,551,5511]",28017,B,45.5089,-73.5617
2023-03,Quebec,"Management of companies and enterprises [55,551,5511]",28125,B,45.5089,-73.5617
2023-04,Quebec,"Management of companies and enterprises [55,551,5511]",28047,A,45.5089,-73.5617
2023-05,Quebec,"Management of companies and enterprises [55,551,5511]",28340,A,45.5089,-73.5617
2023-06,Quebec,"Management of companies and enterprises [55,551,5511]",28930,B,45.5089,-73.5617
2023-07,Quebec,"Management of companies and enterprises [55,551,5511]",28578,B,45.5089,-73.5617
2023-08,Quebec,"Management of companies and enterprises [55,551,5511]",27269,A,45.5089,-73.5617
2023-09,Quebec,"Management of companies and enterprises [55,551,5511]",26817,A,45.5089,-73.5617
2023-10,Quebec,"Management of companies and enterprises [55,551,5511]",26663,A,45.5089,-73.5617
2023-11,Quebec,"Management of companies and enterprises [55,551,5511]",26834,A,45.5089,-73.5617
2023-12,Quebec,"Management of companies and enterprises [55,551,5511]",27198,A,45.5089,-73.5617
2024-01,Quebec,"Management of companies and enterprises [55,551,5511]",26342,B,45.5089,-73.5617
2024-02,Quebec,"Management of companies and enterprises [55,551,5511]",26151,B,45.5089,-73.5617
2018-01,Quebec,"Administrative and support, waste management and remediation services [56]",159781,A,45.5089,-73.5617
2018-02,Quebec,"Administrative and support, waste management and remediation services [56]",157675,A,45.5089,-73.5617
2018-03,Quebec,"Administrative and support, waste management and remediation services [56]",155911,A,45.5089,-73.5617
2018-04,Quebec,"Administrative and support, waste management and remediation services [56]",159146,A,45.5089,-73.5617
2018-05,Quebec,"Administrative and support, waste management and remediation services [56]",166041,A,45.5089,-73.5617
2018-06,Quebec,"Administrative and support, waste management and remediation services [56]",171964,A,45.5089,-73.5617
2018-07,Quebec,"Administrative and support, waste management and remediation services [56]",173129,A,45.5089,-73.5617
2018-08,Quebec,"Administrative and support, waste management and remediation services [56]",170908,A,45.5089,-73.5617
2018-09,Quebec,"Administrative and support, waste management and remediation services [56]",172414,A,45.5089,-73.5617
2018-10,Quebec,"Administrative and support, waste management and remediation services [56]",172972,A,45.5089,-73.5617
2018-11,Quebec,"Administrative and support, waste management and remediation services [56]",170616,A,45.5089,-73.5617
2018-12,Quebec,"Administrative and support, waste management and remediation services [56]",166944,A,45.5089,-73.5617
2019-01,Quebec,"Administrative and support, waste management and remediation services [56]",164750,A,45.5089,-73.5617
2019-02,Quebec,"Administrative and support, waste management and remediation services [56]",163890,A,45.5089,-73.5617
2019-03,Quebec,"Administrative and support, waste management and remediation services [56]",163785,A,45.5089,-73.5617
2019-04,Quebec,"Administrative and support, waste management and remediation services [56]",165051,A,45.5089,-73.5617
2019-05,Quebec,"Administrative and support, waste management and remediation services [56]",172137,A,45.5089,-73.5617
2019-06,Quebec,"Administrative and support, waste management and remediation services [56]",177434,A,45.5089,-73.5617
2019-07,Quebec,"Administrative and support, waste management and remediation services [56]",179023,A,45.5089,-73.5617
2019-08,Quebec,"Administrative and support, waste management and remediation services [56]",176814,A,45.5089,-73.5617
2019-09,Quebec,"Administrative and support, waste management and remediation services [56]",179978,B,45.5089,-73.5617
2019-10,Quebec,"Administrative and support, waste management and remediation services [56]",178742,A,45.5089,-73.5617
2019-11,Quebec,"Administrative and support, waste management and remediation services [56]",177845,B,45.5089,-73.5617
2019-12,Quebec,"Administrative and support, waste management and remediation services [56]",176192,B,45.5089,-73.5617
2020-01,Quebec,"Administrative and support, waste management and remediation services [56]",170651,A,45.5089,-73.5617
2020-02,Quebec,"Administrative and support, waste management and remediation services [56]",169617,B,45.5089,-73.5617
2020-03,Quebec,"Administrative and support, waste management and remediation services [56]",156839,B,45.5089,-73.5617
2020-04,Quebec,"Administrative and support, waste management and remediation services [56]",140090,B,45.5089,-73.5617
2020-05,Quebec,"Administrative and support, waste management and remediation services [56]",138596,B,45.5089,-73.5617
2020-06,Quebec,"Administrative and support, waste management and remediation services [56]",149266,B,45.5089,-73.5617
2020-07,Quebec,"Administrative and support, waste management and remediation services [56]",158339,B,45.5089,-73.5617
2020-08,Quebec,"Administrative and support, waste management and remediation services [56]",160202,B,45.5089,-73.5617
2020-09,Quebec,"Administrative and support, waste management and remediation services [56]",165187,B,45.5089,-73.5617
2020-10,Quebec,"Administrative and support, waste management and remediation services [56]",164688,B,45.5089,-73.5617
2020-11,Quebec,"Administrative and support, waste management and remediation services [56]",163934,B,45.5089,-73.5617
2020-12,Quebec,"Administrative and support, waste management and remediation services [56]",163634,B,45.5089,-73.5617
2021-01,Quebec,"Administrative and support, waste management and remediation services [56]",158322,B,45.5089,-73.5617
2021-02,Quebec,"Administrative and support, waste management and remediation services [56]",156098,B,45.5089,-73.5617
2021-03,Quebec,"Administrative and support, waste management and remediation services [56]",155833,B,45.5089,-73.5617
2021-04,Quebec,"Administrative and support, waste management and remediation services [56]",160585,B,45.5089,-73.5617
2021-05,Quebec,"Administrative and support, waste management and remediation services [56]",164201,B,45.5089,-73.5617
2021-06,Quebec,"Administrative and support, waste management and remediation services [56]",170388,B,45.5089,-73.5617
2021-07,Quebec,"Administrative and support, waste management and remediation services [56]",170961,B,45.5089,-73.5617
2021-08,Quebec,"Administrative and support, waste management and remediation services [56]",168394,B,45.5089,-73.5617
2021-09,Quebec,"Administrative and support, waste management and remediation services [56]",168905,A,45.5089,-73.5617
2021-10,Quebec,"Administrative and support, waste management and remediation services [56]",167598,A,45.5089,-73.5617
2021-11,Quebec,"Administrative and support, waste management and remediation services [56]",166613,B,45.5089,-73.5617
2021-12,Quebec,"Administrative and support, waste management and remediation services [56]",167733,B,45.5089,-73.5617
2022-01,Quebec,"Administrative and support, waste management and remediation services [56]",161294,B,45.5089,-73.5617
2022-02,Quebec,"Administrative and support, waste management and remediation services [56]",161139,B,45.5089,-73.5617
2022-03,Quebec,"Administrative and support, waste management and remediation services [56]",161668,B,45.5089,-73.5617
2022-04,Quebec,"Administrative and support, waste management and remediation services [56]",162534,B,45.5089,-73.5617
2022-05,Quebec,"Administrative and support, waste management and remediation services [56]",166757,B,45.5089,-73.5617
2022-06,Quebec,"Administrative and support, waste management and remediation services [56]",171349,B,45.5089,-73.5617
2022-07,Quebec,"Administrative and support, waste management and remediation services [56]",170790,B,45.5089,-73.5617
2022-08,Quebec,"Administrative and support, waste management and remediation services [56]",167332,B,45.5089,-73.5617
2022-09,Quebec,"Administrative and support, waste management and remediation services [56]",169532,B,45.5089,-73.5617
2022-10,Quebec,"Administrative and support, waste management and remediation services [56]",169622,B,45.5089,-73.5617
2022-11,Quebec,"Administrative and support, waste management and remediation services [56]",168378,B,45.5089,-73.5617
2022-12,Quebec,"Administrative and support, waste management and remediation services [56]",166734,B,45.5089,-73.5617
2023-01,Quebec,"Administrative and support, waste management and remediation services [56]",161014,B,45.5089,-73.5617
2023-02,Quebec,"Administrative and support, waste management and remediation services [56]",161145,B,45.5089,-73.5617
2023-03,Quebec,"Administrative and support, waste management and remediation services [56]",159798,A,45.5089,-73.5617
2023-04,Quebec,"Administrative and support, waste management and remediation services [56]",161351,B,45.5089,-73.5617
2023-05,Quebec,"Administrative and support, waste management and remediation services [56]",167328,B,45.5089,-73.5617
2023-06,Quebec,"Administrative and support, waste management and remediation services [56]",171669,B,45.5089,-73.5617
2023-07,Quebec,"Administrative and support, waste management and remediation services [56]",171621,B,45.5089,-73.5617
2023-08,Quebec,"Administrative and support, waste management and remediation services [56]",169050,B,45.5089,-73.5617
2023-09,Quebec,"Administrative and support, waste management and remediation services [56]",170761,B,45.5089,-73.5617
2023-10,Quebec,"Administrative and support, waste management and remediation services [56]",170026,B,45.5089,-73.5617
2023-11,Quebec,"Administrative and support, waste management and remediation services [56]",169655,B,45.5089,-73.5617
2023-12,Quebec,"Administrative and support, waste management and remediation services [56]",165887,B,45.5089,-73.5617
2024-01,Quebec,"Administrative and support, waste management and remediation services [56]",160857,B,45.5089,-73.5617
2024-02,Quebec,"Administrative and support, waste management and remediation services [56]",158277,B,45.5089,-73.5617
2018-01,Quebec,"Educational services [61,611]",311789,A,45.5089,-73.5617
2018-02,Quebec,"Educational services [61,611]",335898,A,45.5089,-73.5617
2018-03,Quebec,"Educational services [61,611]",338845,A,45.5089,-73.5617
2018-04,Quebec,"Educational services [61,611]",339881,A,45.5089,-73.5617
2018-05,Quebec,"Educational services [61,611]",333789,A,45.5089,-73.5617
2018-06,Quebec,"Educational services [61,611]",329951,A,45.5089,-73.5617
2018-07,Quebec,"Educational services [61,611]",263570,A,45.5089,-73.5617
2018-08,Quebec,"Educational services [61,611]",223934,A,45.5089,-73.5617
2018-09,Quebec,"Educational services [61,611]",301470,A,45.5089,-73.5617
2018-10,Quebec,"Educational services [61,611]",328361,A,45.5089,-73.5617
2018-11,Quebec,"Educational services [61,611]",340209,A,45.5089,-73.5617
2018-12,Quebec,"Educational services [61,611]",341724,A,45.5089,-73.5617
2019-01,Quebec,"Educational services [61,611]",319426,A,45.5089,-73.5617
2019-02,Quebec,"Educational services [61,611]",344672,A,45.5089,-73.5617
2019-03,Quebec,"Educational services [61,611]",345855,A,45.5089,-73.5617
2019-04,Quebec,"Educational services [61,611]",350773,A,45.5089,-73.5617
2019-05,Quebec,"Educational services [61,611]",347011,A,45.5089,-73.5617
2019-06,Quebec,"Educational services [61,611]",339549,A,45.5089,-73.5617
2019-07,Quebec,"Educational services [61,611]",277860,A,45.5089,-73.5617
2019-08,Quebec,"Educational services [61,611]",228872,A,45.5089,-73.5617
2019-09,Quebec,"Educational services [61,611]",312394,A,45.5089,-73.5617
2019-10,Quebec,"Educational services [61,611]",344320,A,45.5089,-73.5617
2019-11,Quebec,"Educational services [61,611]",357351,A,45.5089,-73.5617
2019-12,Quebec,"Educational services [61,611]",356127,A,45.5089,-73.5617
2020-01,Quebec,"Educational services [61,611]",332451,A,45.5089,-73.5617
2020-02,Quebec,"Educational services [61,611]",357167,B,45.5089,-73.5617
2020-03,Quebec,"Educational services [61,611]",352475,A,45.5089,-73.5617
2020-04,Quebec,"Educational services [61,611]",322770,A,45.5089,-73.5617
2020-05,Quebec,"Educational services [61,611]",299967,B,45.5089,-73.5617
2020-06,Quebec,"Educational services [61,611]",297002,B,45.5089,-73.5617
2020-07,Quebec,"Educational services [61,611]",261766,A,45.5089,-73.5617
2020-08,Quebec,"Educational services [61,611]",213899,A,45.5089,-73.5617
2020-09,Quebec,"Educational services [61,611]",300742,A,45.5089,-73.5617
2020-10,Quebec,"Educational services [61,611]",333779,A,45.5089,-73.5617
2020-11,Quebec,"Educational services [61,611]",343093,A,45.5089,-73.5617
2020-12,Quebec,"Educational services [61,611]",344153,B,45.5089,-73.5617
2021-01,Quebec,"Educational services [61,611]",316020,A,45.5089,-73.5617
2021-02,Quebec,"Educational services [61,611]",342321,A,45.5089,-73.5617
2021-03,Quebec,"Educational services [61,611]",344720,A,45.5089,-73.5617
2021-04,Quebec,"Educational services [61,611]",347738,A,45.5089,-73.5617
2021-05,Quebec,"Educational services [61,611]",342011,B,45.5089,-73.5617
2021-06,Quebec,"Educational services [61,611]",340622,A,45.5089,-73.5617
2021-07,Quebec,"Educational services [61,611]",284105,A,45.5089,-73.5617
2021-08,Quebec,"Educational services [61,611]",233292,A,45.5089,-73.5617
2021-09,Quebec,"Educational services [61,611]",311157,B,45.5089,-73.5617
2021-10,Quebec,"Educational services [61,611]",350520,B,45.5089,-73.5617
2021-11,Quebec,"Educational services [61,611]",360902,B,45.5089,-73.5617
2021-12,Quebec,"Educational services [61,611]",363907,B,45.5089,-73.5617
2022-01,Quebec,"Educational services [61,611]",345145,B,45.5089,-73.5617
2022-02,Quebec,"Educational services [61,611]",357605,B,45.5089,-73.5617
2022-03,Quebec,"Educational services [61,611]",368156,B,45.5089,-73.5617
2022-04,Quebec,"Educational services [61,611]",373389,A,45.5089,-73.5617
2022-05,Quebec,"Educational services [61,611]",363120,A,45.5089,-73.5617
2022-06,Quebec,"Educational services [61,611]",359906,B,45.5089,-73.5617
2022-07,Quebec,"Educational services [61,611]",286284,B,45.5089,-73.5617
2022-08,Quebec,"Educational services [61,611]",237797,A,45.5089,-73.5617
2022-09,Quebec,"Educational services [61,611]",321114,A,45.5089,-73.5617
2022-10,Quebec,"Educational services [61,611]",360898,B,45.5089,-73.5617
2022-11,Quebec,"Educational services [61,611]",372272,A,45.5089,-73.5617
2022-12,Quebec,"Educational services [61,611]",381409,B,45.5089,-73.5617
2023-01,Quebec,"Educational services [61,611]",349122,B,45.5089,-73.5617
2023-02,Quebec,"Educational services [61,611]",372574,B,45.5089,-73.5617
2023-03,Quebec,"Educational services [61,611]",376580,A,45.5089,-73.5617
2023-04,Quebec,"Educational services [61,611]",380417,A,45.5089,-73.5617
2023-05,Quebec,"Educational services [61,611]",372690,B,45.5089,-73.5617
2023-06,Quebec,"Educational services [61,611]",366470,B,45.5089,-73.5617
2023-07,Quebec,"Educational services [61,611]",292089,A,45.5089,-73.5617
2023-08,Quebec,"Educational services [61,611]",244887,A,45.5089,-73.5617
2023-09,Quebec,"Educational services [61,611]",339146,A,45.5089,-73.5617
2023-10,Quebec,"Educational services [61,611]",371880,A,45.5089,-73.5617
2023-11,Quebec,"Educational services [61,611]",319161,A,45.5089,-73.5617
2023-12,Quebec,"Educational services [61,611]",378170,A,45.5089,-73.5617
2024-01,Quebec,"Educational services [61,611]",345064,A,45.5089,-73.5617
2024-02,Quebec,"Educational services [61,611]",375566,A,45.5089,-73.5617
2018-01,Quebec,Health care and social assistance [62],466139,A,45.5089,-73.5617
2018-02,Quebec,Health care and social assistance [62],469235,A,45.5089,-73.5617
2018-03,Quebec,Health care and social assistance [62],471384,A,45.5089,-73.5617
2018-04,Quebec,Health care and social assistance [62],476148,A,45.5089,-73.5617
2018-05,Quebec,Health care and social assistance [62],480043,A,45.5089,-73.5617
2018-06,Quebec,Health care and social assistance [62],489222,A,45.5089,-73.5617
2018-07,Quebec,Health care and social assistance [62],494621,A,45.5089,-73.5617
2018-08,Quebec,Health care and social assistance [62],488913,A,45.5089,-73.5617
2018-09,Quebec,Health care and social assistance [62],486451,A,45.5089,-73.5617
2018-10,Quebec,Health care and social assistance [62],490880,A,45.5089,-73.5617
2018-11,Quebec,Health care and social assistance [62],489076,A,45.5089,-73.5617
2018-12,Quebec,Health care and social assistance [62],487957,A,45.5089,-73.5617
2019-01,Quebec,Health care and social assistance [62],485768,A,45.5089,-73.5617
2019-02,Quebec,Health care and social assistance [62],485912,A,45.5089,-73.5617
2019-03,Quebec,Health care and social assistance [62],490521,A,45.5089,-73.5617
2019-04,Quebec,Health care and social assistance [62],491045,A,45.5089,-73.5617
2019-05,Quebec,Health care and social assistance [62],495400,A,45.5089,-73.5617
2019-06,Quebec,Health care and social assistance [62],502811,A,45.5089,-73.5617
2019-07,Quebec,Health care and social assistance [62],507961,A,45.5089,-73.5617
2019-08,Quebec,Health care and social assistance [62],508443,A,45.5089,-73.5617
2019-09,Quebec,Health care and social assistance [62],504476,A,45.5089,-73.5617
2019-10,Quebec,Health care and social assistance [62],504151,A,45.5089,-73.5617
2019-11,Quebec,Health care and social assistance [62],503978,A,45.5089,-73.5617
2019-12,Quebec,Health care and social assistance [62],508430,A,45.5089,-73.5617
2020-01,Quebec,Health care and social assistance [62],505373,A,45.5089,-73.5617
2020-02,Quebec,Health care and social assistance [62],505021,B,45.5089,-73.5617
2020-03,Quebec,Health care and social assistance [62],491887,B,45.5089,-73.5617
2020-04,Quebec,Health care and social assistance [62],473863,B,45.5089,-73.5617
2020-05,Quebec,Health care and social assistance [62],472214,B,45.5089,-73.5617
2020-06,Quebec,Health care and social assistance [62],493299,B,45.5089,-73.5617
2020-07,Quebec,Health care and social assistance [62],507537,B,45.5089,-73.5617
2020-08,Quebec,Health care and social assistance [62],506004,A,45.5089,-73.5617
2020-09,Quebec,Health care and social assistance [62],507730,B,45.5089,-73.5617
2020-10,Quebec,Health care and social assistance [62],509265,A,45.5089,-73.5617
2020-11,Quebec,Health care and social assistance [62],511715,A,45.5089,-73.5617
2020-12,Quebec,Health care and social assistance [62],518605,A,45.5089,-73.5617
2021-01,Quebec,Health care and social assistance [62],516343,B,45.5089,-73.5617
2021-02,Quebec,Health care and social assistance [62],516901,B,45.5089,-73.5617
2021-03,Quebec,Health care and social assistance [62],522420,A,45.5089,-73.5617
2021-04,Quebec,Health care and social assistance [62],529795,A,45.5089,-73.5617
2021-05,Quebec,Health care and social assistance [62],533434,A,45.5089,-73.5617
2021-06,Quebec,Health care and social assistance [62],543796,A,45.5089,-73.5617
2021-07,Quebec,Health care and social assistance [62],545679,A,45.5089,-73.5617
2021-08,Quebec,Health care and social assistance [62],540975,A,45.5089,-73.5617
2021-09,Quebec,Health care and social assistance [62],537442,A,45.5089,-73.5617
2021-10,Quebec,Health care and social assistance [62],530066,A,45.5089,-73.5617
2021-11,Quebec,Health care and social assistance [62],529129,A,45.5089,-73.5617
2021-12,Quebec,Health care and social assistance [62],539270,A,45.5089,-73.5617
2022-01,Quebec,Health care and social assistance [62],538759,B,45.5089,-73.5617
2022-02,Quebec,Health care and social assistance [62],549109,A,45.5089,-73.5617
2022-03,Quebec,Health care and social assistance [62],552707,B,45.5089,-73.5617
2022-04,Quebec,Health care and social assistance [62],539610,B,45.5089,-73.5617
2022-05,Quebec,Health care and social assistance [62],532804,B,45.5089,-73.5617
2022-06,Quebec,Health care and social assistance [62],543679,B,45.5089,-73.5617
2022-07,Quebec,Health care and social assistance [62],535480,B,45.5089,-73.5617
2022-08,Quebec,Health care and social assistance [62],531656,A,45.5089,-73.5617
2022-09,Quebec,Health care and social assistance [62],533850,B,45.5089,-73.5617
2022-10,Quebec,Health care and social assistance [62],529298,B,45.5089,-73.5617
2022-11,Quebec,Health care and social assistance [62],531448,B,45.5089,-73.5617
2022-12,Quebec,Health care and social assistance [62],536307,B,45.5089,-73.5617
2023-01,Quebec,Health care and social assistance [62],532141,A,45.5089,-73.5617
2023-02,Quebec,Health care and social assistance [62],527542,A,45.5089,-73.5617
2023-03,Quebec,Health care and social assistance [62],528914,A,45.5089,-73.5617
2023-04,Quebec,Health care and social assistance [62],528710,A,45.5089,-73.5617
2023-05,Quebec,Health care and social assistance [62],530003,B,45.5089,-73.5617
2023-06,Quebec,Health care and social assistance [62],535646,B,45.5089,-73.5617
2023-07,Quebec,Health care and social assistance [62],537922,A,45.5089,-73.5617
2023-08,Quebec,Health care and social assistance [62],536722,B,45.5089,-73.5617
2023-09,Quebec,Health care and social assistance [62],532777,A,45.5089,-73.5617
2023-10,Quebec,Health care and social assistance [62],533064,B,45.5089,-73.5617
2023-11,Quebec,Health care and social assistance [62],535084,B,45.5089,-73.5617
2023-12,Quebec,Health care and social assistance [62],540408,A,45.5089,-73.5617
2024-01,Quebec,Health care and social assistance [62],538512,B,45.5089,-73.5617
2024-02,Quebec,Health care and social assistance [62],538316,B,45.5089,-73.5617
2018-01,Quebec,"Arts, entertainment and recreation [71]",56859,A,45.5089,-73.5617
2018-02,Quebec,"Arts, entertainment and recreation [71]",59907,A,45.5089,-73.5617
2018-03,Quebec,"Arts, entertainment and recreation [71]",59642,A,45.5089,-73.5617
2018-04,Quebec,"Arts, entertainment and recreation [71]",56361,A,45.5089,-73.5617
2018-05,Quebec,"Arts, entertainment and recreation [71]",60232,A,45.5089,-73.5617
2018-06,Quebec,"Arts, entertainment and recreation [71]",67974,A,45.5089,-73.5617
2018-07,Quebec,"Arts, entertainment and recreation [71]",74182,A,45.5089,-73.5617
2018-08,Quebec,"Arts, entertainment and recreation [71]",71831,A,45.5089,-73.5617
2018-09,Quebec,"Arts, entertainment and recreation [71]",68355,A,45.5089,-73.5617
2018-10,Quebec,"Arts, entertainment and recreation [71]",64812,A,45.5089,-73.5617
2018-11,Quebec,"Arts, entertainment and recreation [71]",60290,A,45.5089,-73.5617
2018-12,Quebec,"Arts, entertainment and recreation [71]",59841,A,45.5089,-73.5617
2019-01,Quebec,"Arts, entertainment and recreation [71]",59664,A,45.5089,-73.5617
2019-02,Quebec,"Arts, entertainment and recreation [71]",62029,A,45.5089,-73.5617
2019-03,Quebec,"Arts, entertainment and recreation [71]",62636,A,45.5089,-73.5617
2019-04,Quebec,"Arts, entertainment and recreation [71]",59576,A,45.5089,-73.5617
2019-05,Quebec,"Arts, entertainment and recreation [71]",63193,A,45.5089,-73.5617
2019-06,Quebec,"Arts, entertainment and recreation [71]",70540,A,45.5089,-73.5617
2019-07,Quebec,"Arts, entertainment and recreation [71]",76047,A,45.5089,-73.5617
2019-08,Quebec,"Arts, entertainment and recreation [71]",72645,A,45.5089,-73.5617
2019-09,Quebec,"Arts, entertainment and recreation [71]",68880,B,45.5089,-73.5617
2019-10,Quebec,"Arts, entertainment and recreation [71]",66211,B,45.5089,-73.5617
2019-11,Quebec,"Arts, entertainment and recreation [71]",59782,A,45.5089,-73.5617
2019-12,Quebec,"Arts, entertainment and recreation [71]",59614,A,45.5089,-73.5617
2020-01,Quebec,"Arts, entertainment and recreation [71]",59047,A,45.5089,-73.5617
2020-02,Quebec,"Arts, entertainment and recreation [71]",59782,B,45.5089,-73.5617
2020-03,Quebec,"Arts, entertainment and recreation [71]",54127,B,45.5089,-73.5617
2020-04,Quebec,"Arts, entertainment and recreation [71]",30317,A,45.5089,-73.5617
2020-05,Quebec,"Arts, entertainment and recreation [71]",28392,B,45.5089,-73.5617
2020-06,Quebec,"Arts, entertainment and recreation [71]",36779,A,45.5089,-73.5617
2020-07,Quebec,"Arts, entertainment and recreation [71]",53432,C,45.5089,-73.5617
2020-08,Quebec,"Arts, entertainment and recreation [71]",55143,B,45.5089,-73.5617
2020-09,Quebec,"Arts, entertainment and recreation [71]",54008,B,45.5089,-73.5617
2020-10,Quebec,"Arts, entertainment and recreation [71]",48879,B,45.5089,-73.5617
2020-11,Quebec,"Arts, entertainment and recreation [71]",37638,B,45.5089,-73.5617
2020-12,Quebec,"Arts, entertainment and recreation [71]",39442,A,45.5089,-73.5617
2021-01,Quebec,"Arts, entertainment and recreation [71]",36392,B,45.5089,-73.5617
2021-02,Quebec,"Arts, entertainment and recreation [71]",36220,B,45.5089,-73.5617
2021-03,Quebec,"Arts, entertainment and recreation [71]",37868,B,45.5089,-73.5617
2021-04,Quebec,"Arts, entertainment and recreation [71]",39429,A,45.5089,-73.5617
2021-05,Quebec,"Arts, entertainment and recreation [71]",40431,A,45.5089,-73.5617
2021-06,Quebec,"Arts, entertainment and recreation [71]",51979,A,45.5089,-73.5617
2021-07,Quebec,"Arts, entertainment and recreation [71]",63032,A,45.5089,-73.5617
2021-08,Quebec,"Arts, entertainment and recreation [71]",63724,A,45.5089,-73.5617
2021-09,Quebec,"Arts, entertainment and recreation [71]",61736,A,45.5089,-73.5617
2021-10,Quebec,"Arts, entertainment and recreation [71]",58330,A,45.5089,-73.5617
2021-11,Quebec,"Arts, entertainment and recreation [71]",55512,B,45.5089,-73.5617
2021-12,Quebec,"Arts, entertainment and recreation [71]",54455,B,45.5089,-73.5617
2022-01,Quebec,"Arts, entertainment and recreation [71]",47070,B,45.5089,-73.5617
2022-02,Quebec,"Arts, entertainment and recreation [71]",48430,B,45.5089,-73.5617
2022-03,Quebec,"Arts, entertainment and recreation [71]",54058,A,45.5089,-73.5617
2022-04,Quebec,"Arts, entertainment and recreation [71]",53218,A,45.5089,-73.5617
2022-05,Quebec,"Arts, entertainment and recreation [71]",56011,B,45.5089,-73.5617
2022-06,Quebec,"Arts, entertainment and recreation [71]",65473,B,45.5089,-73.5617
2022-07,Quebec,"Arts, entertainment and recreation [71]",73542,B,45.5089,-73.5617
2022-08,Quebec,"Arts, entertainment and recreation [71]",70448,B,45.5089,-73.5617
2022-09,Quebec,"Arts, entertainment and recreation [71]",70012,B,45.5089,-73.5617
2022-10,Quebec,"Arts, entertainment and recreation [71]",62702,B,45.5089,-73.5617
2022-11,Quebec,"Arts, entertainment and recreation [71]",59828,B,45.5089,-73.5617
2022-12,Quebec,"Arts, entertainment and recreation [71]",58977,A,45.5089,-73.5617
2023-01,Quebec,"Arts, entertainment and recreation [71]",58386,B,45.5089,-73.5617
2023-02,Quebec,"Arts, entertainment and recreation [71]",60621,A,45.5089,-73.5617
2023-03,Quebec,"Arts, entertainment and recreation [71]",60252,A,45.5089,-73.5617
2023-04,Quebec,"Arts, entertainment and recreation [71]",59400,A,45.5089,-73.5617
2023-05,Quebec,"Arts, entertainment and recreation [71]",62387,A,45.5089,-73.5617
2023-06,Quebec,"Arts, entertainment and recreation [71]",69883,B,45.5089,-73.5617
2023-07,Quebec,"Arts, entertainment and recreation [71]",77790,B,45.5089,-73.5617
2023-08,Quebec,"Arts, entertainment and recreation [71]",74460,B,45.5089,-73.5617
2023-09,Quebec,"Arts, entertainment and recreation [71]",70884,B,45.5089,-73.5617
2023-10,Quebec,"Arts, entertainment and recreation [71]",66638,A,45.5089,-73.5617
2023-11,Quebec,"Arts, entertainment and recreation [71]",62370,B,45.5089,-73.5617
2023-12,Quebec,"Arts, entertainment and recreation [71]",60411,B,45.5089,-73.5617
2024-01,Quebec,"Arts, entertainment and recreation [71]",61078,B,45.5089,-73.5617
2024-02,Quebec,"Arts, entertainment and recreation [71]",62641,A,45.5089,-73.5617
2018-01,Quebec,Accommodation and food services [72],248673,A,45.5089,-73.5617
2018-02,Quebec,Accommodation and food services [72],246918,A,45.5089,-73.5617
2018-03,Quebec,Accommodation and food services [72],247572,A,45.5089,-73.5617
2018-04,Quebec,Accommodation and food services [72],251095,A,45.5089,-73.5617
2018-05,Quebec,Accommodation and food services [72],260484,A,45.5089,-73.5617
2018-06,Quebec,Accommodation and food services [72],272184,A,45.5089,-73.5617
2018-07,Quebec,Accommodation and food services [72],274944,A,45.5089,-73.5617
2018-08,Quebec,Accommodation and food services [72],272885,A,45.5089,-73.5617
2018-09,Quebec,Accommodation and food services [72],277864,A,45.5089,-73.5617
2018-10,Quebec,Accommodation and food services [72],269398,A,45.5089,-73.5617
2018-11,Quebec,Accommodation and food services [72],266223,A,45.5089,-73.5617
2018-12,Quebec,Accommodation and food services [72],266377,A,45.5089,-73.5617
2019-01,Quebec,Accommodation and food services [72],258517,A,45.5089,-73.5617
2019-02,Quebec,Accommodation and food services [72],255312,A,45.5089,-73.5617
2019-03,Quebec,Accommodation and food services [72],257170,A,45.5089,-73.5617
2019-04,Quebec,Accommodation and food services [72],258880,A,45.5089,-73.5617
2019-05,Quebec,Accommodation and food services [72],270727,A,45.5089,-73.5617
2019-06,Quebec,Accommodation and food services [72],285347,A,45.5089,-73.5617
2019-07,Quebec,Accommodation and food services [72],288345,A,45.5089,-73.5617
2019-08,Quebec,Accommodation and food services [72],283868,A,45.5089,-73.5617
2019-09,Quebec,Accommodation and food services [72],288537,B,45.5089,-73.5617
2019-10,Quebec,Accommodation and food services [72],281349,B,45.5089,-73.5617
2019-11,Quebec,Accommodation and food services [72],274744,A,45.5089,-73.5617
2019-12,Quebec,Accommodation and food services [72],275478,B,45.5089,-73.5617
2020-01,Quebec,Accommodation and food services [72],267926,B,45.5089,-73.5617
2020-02,Quebec,Accommodation and food services [72],265040,B,45.5089,-73.5617
2020-03,Quebec,Accommodation and food services [72],214986,B,45.5089,-73.5617
2020-04,Quebec,Accommodation and food services [72],114441,B,45.5089,-73.5617
2020-05,Quebec,Accommodation and food services [72],105462,B,45.5089,-73.5617
2020-06,Quebec,Accommodation and food services [72],137277,B,45.5089,-73.5617
2020-07,Quebec,Accommodation and food services [72],197567,B,45.5089,-73.5617
2020-08,Quebec,Accommodation and food services [72],208518,B,45.5089,-73.5617
2020-09,Quebec,Accommodation and food services [72],223787,B,45.5089,-73.5617
2020-10,Quebec,Accommodation and food services [72],209260,B,45.5089,-73.5617
2020-11,Quebec,Accommodation and food services [72],168843,B,45.5089,-73.5617
2020-12,Quebec,Accommodation and food services [72],168144,B,45.5089,-73.5617
2021-01,Quebec,Accommodation and food services [72],151988,B,45.5089,-73.5617
2021-02,Quebec,Accommodation and food services [72],152364,B,45.5089,-73.5617
2021-03,Quebec,Accommodation and food services [72],163695,B,45.5089,-73.5617
2021-04,Quebec,Accommodation and food services [72],173851,B,45.5089,-73.5617
2021-05,Quebec,Accommodation and food services [72],173437,B,45.5089,-73.5617
2021-06,Quebec,Accommodation and food services [72],217261,B,45.5089,-73.5617
2021-07,Quebec,Accommodation and food services [72],238229,B,45.5089,-73.5617
2021-08,Quebec,Accommodation and food services [72],241963,B,45.5089,-73.5617
2021-09,Quebec,Accommodation and food services [72],250653,B,45.5089,-73.5617
2021-10,Quebec,Accommodation and food services [72],245996,B,45.5089,-73.5617
2021-11,Quebec,Accommodation and food services [72],242865,B,45.5089,-73.5617
2021-12,Quebec,Accommodation and food services [72],245476,B,45.5089,-73.5617
2022-01,Quebec,Accommodation and food services [72],198709,B,45.5089,-73.5617
2022-02,Quebec,Accommodation and food services [72],211216,B,45.5089,-73.5617
2022-03,Quebec,Accommodation and food services [72],231520,B,45.5089,-73.5617
2022-04,Quebec,Accommodation and food services [72],241706,B,45.5089,-73.5617
2022-05,Quebec,Accommodation and food services [72],252400,B,45.5089,-73.5617
2022-06,Quebec,Accommodation and food services [72],269799,C,45.5089,-73.5617
2022-07,Quebec,Accommodation and food services [72],274519,C,45.5089,-73.5617
2022-08,Quebec,Accommodation and food services [72],270539,B,45.5089,-73.5617
2022-09,Quebec,Accommodation and food services [72],275608,B,45.5089,-73.5617
2022-10,Quebec,Accommodation and food services [72],267206,B,45.5089,-73.5617
2022-11,Quebec,Accommodation and food services [72],261347,B,45.5089,-73.5617
2022-12,Quebec,Accommodation and food services [72],263342,B,45.5089,-73.5617
2023-01,Quebec,Accommodation and food services [72],254588,B,45.5089,-73.5617
2023-02,Quebec,Accommodation and food services [72],254915,B,45.5089,-73.5617
2023-03,Quebec,Accommodation and food services [72],257327,B,45.5089,-73.5617
2023-04,Quebec,Accommodation and food services [72],262194,B,45.5089,-73.5617
2023-05,Quebec,Accommodation and food services [72],271470,B,45.5089,-73.5617
2023-06,Quebec,Accommodation and food services [72],283237,B,45.5089,-73.5617
2023-07,Quebec,Accommodation and food services [72],283977,B,45.5089,-73.5617
2023-08,Quebec,Accommodation and food services [72],278744,B,45.5089,-73.5617
2023-09,Quebec,Accommodation and food services [72],281967,B,45.5089,-73.5617
2023-10,Quebec,Accommodation and food services [72],275886,B,45.5089,-73.5617
2023-11,Quebec,Accommodation and food services [72],269482,B,45.5089,-73.5617
2023-12,Quebec,Accommodation and food services [72],268127,B,45.5089,-73.5617
2024-01,Quebec,Accommodation and food services [72],258475,B,45.5089,-73.5617
2024-02,Quebec,Accommodation and food services [72],256388,B,45.5089,-73.5617
2018-01,Quebec,Other services (except public administration) [81],119073,A,45.5089,-73.5617
2018-02,Quebec,Other services (except public administration) [81],119880,A,45.5089,-73.5617
2018-03,Quebec,Other services (except public administration) [81],120129,A,45.5089,-73.5617
2018-04,Quebec,Other services (except public administration) [81],120686,A,45.5089,-73.5617
2018-05,Quebec,Other services (except public administration) [81],123112,A,45.5089,-73.5617
2018-06,Quebec,Other services (except public administration) [81],126372,A,45.5089,-73.5617
2018-07,Quebec,Other services (except public administration) [81],126351,A,45.5089,-73.5617
2018-08,Quebec,Other services (except public administration) [81],123809,A,45.5089,-73.5617
2018-09,Quebec,Other services (except public administration) [81],124492,A,45.5089,-73.5617
2018-10,Quebec,Other services (except public administration) [81],125563,A,45.5089,-73.5617
2018-11,Quebec,Other services (except public administration) [81],127296,A,45.5089,-73.5617
2018-12,Quebec,Other services (except public administration) [81],127327,A,45.5089,-73.5617
2019-01,Quebec,Other services (except public administration) [81],124350,A,45.5089,-73.5617
2019-02,Quebec,Other services (except public administration) [81],124365,A,45.5089,-73.5617
2019-03,Quebec,Other services (except public administration) [81],124893,A,45.5089,-73.5617
2019-04,Quebec,Other services (except public administration) [81],126102,A,45.5089,-73.5617
2019-05,Quebec,Other services (except public administration) [81],127976,A,45.5089,-73.5617
2019-06,Quebec,Other services (except public administration) [81],132351,A,45.5089,-73.5617
2019-07,Quebec,Other services (except public administration) [81],132333,A,45.5089,-73.5617
2019-08,Quebec,Other services (except public administration) [81],128324,A,45.5089,-73.5617
2019-09,Quebec,Other services (except public administration) [81],129126,B,45.5089,-73.5617
2019-10,Quebec,Other services (except public administration) [81],130476,A,45.5089,-73.5617
2019-11,Quebec,Other services (except public administration) [81],130100,A,45.5089,-73.5617
2019-12,Quebec,Other services (except public administration) [81],130389,A,45.5089,-73.5617
2020-01,Quebec,Other services (except public administration) [81],125521,A,45.5089,-73.5617
2020-02,Quebec,Other services (except public administration) [81],125994,B,45.5089,-73.5617
2020-03,Quebec,Other services (except public administration) [81],111341,B,45.5089,-73.5617
2020-04,Quebec,Other services (except public administration) [81],89363,B,45.5089,-73.5617
2020-05,Quebec,Other services (except public administration) [81],88226,B,45.5089,-73.5617
2020-06,Quebec,Other services (except public administration) [81],102568,A,45.5089,-73.5617
2020-07,Quebec,Other services (except public administration) [81],112145,A,45.5089,-73.5617
2020-08,Quebec,Other services (except public administration) [81],112892,A,45.5089,-73.5617
2020-09,Quebec,Other services (except public administration) [81],116300,A,45.5089,-73.5617
2020-10,Quebec,Other services (except public administration) [81],118120,A,45.5089,-73.5617
2020-11,Quebec,Other services (except public administration) [81],116533,B,45.5089,-73.5617
2020-12,Quebec,Other services (except public administration) [81],116551,A,45.5089,-73.5617
2021-01,Quebec,Other services (except public administration) [81],105125,A,45.5089,-73.5617
2021-02,Quebec,Other services (except public administration) [81],111019,A,45.5089,-73.5617
2021-03,Quebec,Other services (except public administration) [81],113347,A,45.5089,-73.5617
2021-04,Quebec,Other services (except public administration) [81],115198,A,45.5089,-73.5617
2021-05,Quebec,Other services (except public administration) [81],115824,A,45.5089,-73.5617
2021-06,Quebec,Other services (except public administration) [81],121455,A,45.5089,-73.5617
2021-07,Quebec,Other services (except public administration) [81],124288,A,45.5089,-73.5617
2021-08,Quebec,Other services (except public administration) [81],122702,B,45.5089,-73.5617
2021-09,Quebec,Other services (except public administration) [81],124468,A,45.5089,-73.5617
2021-10,Quebec,Other services (except public administration) [81],125140,A,45.5089,-73.5617
2021-11,Quebec,Other services (except public administration) [81],124859,B,45.5089,-73.5617
2021-12,Quebec,Other services (except public administration) [81],125933,A,45.5089,-73.5617
2022-01,Quebec,Other services (except public administration) [81],119978,A,45.5089,-73.5617
2022-02,Quebec,Other services (except public administration) [81],119987,A,45.5089,-73.5617
2022-03,Quebec,Other services (except public administration) [81],121704,A,45.5089,-73.5617
2022-04,Quebec,Other services (except public administration) [81],123777,A,45.5089,-73.5617
2022-05,Quebec,Other services (except public administration) [81],124988,A,45.5089,-73.5617
2022-06,Quebec,Other services (except public administration) [81],130185,B,45.5089,-73.5617
2022-07,Quebec,Other services (except public administration) [81],130020,B,45.5089,-73.5617
2022-08,Quebec,Other services (except public administration) [81],127666,B,45.5089,-73.5617
2022-09,Quebec,Other services (except public administration) [81],129283,B,45.5089,-73.5617
2022-10,Quebec,Other services (except public administration) [81],131591,B,45.5089,-73.5617
2022-11,Quebec,Other services (except public administration) [81],130403,A,45.5089,-73.5617
2022-12,Quebec,Other services (except public administration) [81],130891,B,45.5089,-73.5617
2023-01,Quebec,Other services (except public administration) [81],128783,B,45.5089,-73.5617
2023-02,Quebec,Other services (except public administration) [81],129761,A,45.5089,-73.5617
2023-03,Quebec,Other services (except public administration) [81],130254,B,45.5089,-73.5617
2023-04,Quebec,Other services (except public administration) [81],131234,B,45.5089,-73.5617
2023-05,Quebec,Other services (except public administration) [81],132227,B,45.5089,-73.5617
2023-06,Quebec,Other services (except public administration) [81],137074,B,45.5089,-73.5617
2023-07,Quebec,Other services (except public administration) [81],136964,B,45.5089,-73.5617
2023-08,Quebec,Other services (except public administration) [81],134958,B,45.5089,-73.5617
2023-09,Quebec,Other services (except public administration) [81],135869,B,45.5089,-73.5617
2023-10,Quebec,Other services (except public administration) [81],136667,A,45.5089,-73.5617
2023-11,Quebec,Other services (except public administration) [81],136521,B,45.5089,-73.5617
2023-12,Quebec,Other services (except public administration) [81],135934,B,45.5089,-73.5617
2024-01,Quebec,Other services (except public administration) [81],133207,B,45.5089,-73.5617
2024-02,Quebec,Other services (except public administration) [81],133756,B,45.5089,-73.5617
2018-01,Quebec,Public administration [91],237692,A,45.5089,-73.5617
2018-02,Quebec,Public administration [91],240783,A,45.5089,-73.5617
2018-03,Quebec,Public administration [91],241409,A,45.5089,-73.5617
2018-04,Quebec,Public administration [91],241277,A,45.5089,-73.5617
2018-05,Quebec,Public administration [91],245389,A,45.5089,-73.5617
2018-06,Quebec,Public administration [91],255412,A,45.5089,-73.5617
2018-07,Quebec,Public administration [91],258949,A,45.5089,-73.5617
2018-08,Quebec,Public administration [91],253797,A,45.5089,-73.5617
2018-09,Quebec,Public administration [91],246536,A,45.5089,-73.5617
2018-10,Quebec,Public administration [91],245197,A,45.5089,-73.5617
2018-11,Quebec,Public administration [91],245385,A,45.5089,-73.5617
2018-12,Quebec,Public administration [91],244145,A,45.5089,-73.5617
2019-01,Quebec,Public administration [91],245143,A,45.5089,-73.5617
2019-02,Quebec,Public administration [91],252149,A,45.5089,-73.5617
2019-03,Quebec,Public administration [91],252787,A,45.5089,-73.5617
2019-04,Quebec,Public administration [91],251888,A,45.5089,-73.5617
2019-05,Quebec,Public administration [91],257110,A,45.5089,-73.5617
2019-06,Quebec,Public administration [91],267636,A,45.5089,-73.5617
2019-07,Quebec,Public administration [91],270321,A,45.5089,-73.5617
2019-08,Quebec,Public administration [91],267548,A,45.5089,-73.5617
2019-09,Quebec,Public administration [91],259520,A,45.5089,-73.5617
2019-10,Quebec,Public administration [91],258646,A,45.5089,-73.5617
2019-11,Quebec,Public administration [91],259124,B,45.5089,-73.5617
2019-12,Quebec,Public administration [91],257643,A,45.5089,-73.5617
2020-01,Quebec,Public administration [91],257313,A,45.5089,-73.5617
2020-02,Quebec,Public administration [91],261551,B,45.5089,-73.5617
2020-03,Quebec,Public administration [91],257027,A,45.5089,-73.5617
2020-04,Quebec,Public administration [91],246982,A,45.5089,-73.5617
2020-05,Quebec,Public administration [91],245100,A,45.5089,-73.5617
2020-06,Quebec,Public administration [91],251208,A,45.5089,-73.5617
2020-07,Quebec,Public administration [91],264967,B,45.5089,-73.5617
2020-08,Quebec,Public administration [91],262465,A,45.5089,-73.5617
2020-09,Quebec,Public administration [91],261728,A,45.5089,-73.5617
2020-10,Quebec,Public administration [91],260308,A,45.5089,-73.5617
2020-11,Quebec,Public administration [91],257956,B,45.5089,-73.5617
2020-12,Quebec,Public administration [91],263038,A,45.5089,-73.5617
2021-01,Quebec,Public administration [91],260134,A,45.5089,-73.5617
2021-02,Quebec,Public administration [91],262075,A,45.5089,-73.5617
2021-03,Quebec,Public administration [91],264119,A,45.5089,-73.5617
2021-04,Quebec,Public administration [91],263670,A,45.5089,-73.5617
2021-05,Quebec,Public administration [91],272738,A,45.5089,-73.5617
2021-06,Quebec,Public administration [91],284915,A,45.5089,-73.5617
2021-07,Quebec,Public administration [91],290187,A,45.5089,-73.5617
2021-08,Quebec,Public administration [91],280656,A,45.5089,-73.5617
2021-09,Quebec,Public administration [91],274448,A,45.5089,-73.5617
2021-10,Quebec,Public administration [91],272330,A,45.5089,-73.5617
2021-11,Quebec,Public administration [91],278117,B,45.5089,-73.5617
2021-12,Quebec,Public administration [91],276072,B,45.5089,-73.5617
2022-01,Quebec,Public administration [91],271782,B,45.5089,-73.5617
2022-02,Quebec,Public administration [91],277676,B,45.5089,-73.5617
2022-03,Quebec,Public administration [91],278257,B,45.5089,-73.5617
2022-04,Quebec,Public administration [91],275115,B,45.5089,-73.5617
2022-05,Quebec,Public administration [91],280481,B,45.5089,-73.5617
2022-06,Quebec,Public administration [91],289756,B,45.5089,-73.5617
2022-07,Quebec,Public administration [91],293417,B,45.5089,-73.5617
2022-08,Quebec,Public administration [91],289830,B,45.5089,-73.5617
2022-09,Quebec,Public administration [91],285086,A,45.5089,-73.5617
2022-10,Quebec,Public administration [91],283744,B,45.5089,-73.5617
2022-11,Quebec,Public administration [91],283618,B,45.5089,-73.5617
2022-12,Quebec,Public administration [91],283106,A,45.5089,-73.5617
2023-01,Quebec,Public administration [91],282257,A,45.5089,-73.5617
2023-02,Quebec,Public administration [91],285800,A,45.5089,-73.5617
2023-03,Quebec,Public administration [91],285806,A,45.5089,-73.5617
2023-04,Quebec,Public administration [91],261115,A,45.5089,-73.5617
2023-05,Quebec,Public administration [91],292485,B,45.5089,-73.5617
2023-06,Quebec,Public administration [91],300978,B,45.5089,-73.5617
2023-07,Quebec,Public administration [91],304935,B,45.5089,-73.5617
2023-08,Quebec,Public administration [91],301475,A,45.5089,-73.5617
2023-09,Quebec,Public administration [91],296491,A,45.5089,-73.5617
2023-10,Quebec,Public administration [91],293263,A,45.5089,-73.5617
2023-11,Quebec,Public administration [91],293748,B,45.5089,-73.5617
2023-12,Quebec,Public administration [91],294279,A,45.5089,-73.5617
2024-01,Quebec,Public administration [91],294558,A,45.5089,-73.5617
2024-02,Quebec,Public administration [91],298800,B,45.5089,-73.5617
2018-01,Quebec,Unclassified businesses [00],72811,A,45.5089,-73.5617
2018-02,Quebec,Unclassified businesses [00],69493,A,45.5089,-73.5617
2018-03,Quebec,Unclassified businesses [00],69846,A,45.5089,-73.5617
2018-04,Quebec,Unclassified businesses [00],72390,A,45.5089,-73.5617
2018-05,Quebec,Unclassified businesses [00],72731,A,45.5089,-73.5617
2018-06,Quebec,Unclassified businesses [00],75944,A,45.5089,-73.5617
2018-07,Quebec,Unclassified businesses [00],75956,A,45.5089,-73.5617
2018-08,Quebec,Unclassified businesses [00],74895,A,45.5089,-73.5617
2018-09,Quebec,Unclassified businesses [00],76694,A,45.5089,-73.5617
2018-10,Quebec,Unclassified businesses [00],77303,A,45.5089,-73.5617
2018-11,Quebec,Unclassified businesses [00],53094,A,45.5089,-73.5617
2018-12,Quebec,Unclassified businesses [00],53784,A,45.5089,-73.5617
2019-01,Quebec,Unclassified businesses [00],56380,A,45.5089,-73.5617
2019-02,Quebec,Unclassified businesses [00],55125,A,45.5089,-73.5617
2019-03,Quebec,Unclassified businesses [00],56857,A,45.5089,-73.5617
2019-04,Quebec,Unclassified businesses [00],57089,A,45.5089,-73.5617
2019-05,Quebec,Unclassified businesses [00],61414,A,45.5089,-73.5617
2019-06,Quebec,Unclassified businesses [00],57153,A,45.5089,-73.5617
2019-07,Quebec,Unclassified businesses [00],58749,A,45.5089,-73.5617
2019-08,Quebec,Unclassified businesses [00],59114,A,45.5089,-73.5617
2019-09,Quebec,Unclassified businesses [00],57379,B,45.5089,-73.5617
2019-10,Quebec,Unclassified businesses [00],57788,A,45.5089,-73.5617
2019-11,Quebec,Unclassified businesses [00],55130,A,45.5089,-73.5617
2019-12,Quebec,Unclassified businesses [00],55375,A,45.5089,-73.5617
2020-01,Quebec,Unclassified businesses [00],56948,A,45.5089,-73.5617
2020-02,Quebec,Unclassified businesses [00],54864,B,45.5089,-73.5617
2020-03,Quebec,Unclassified businesses [00],49406,B,45.5089,-73.5617
2020-04,Quebec,Unclassified businesses [00],43322,B,45.5089,-73.5617
2020-05,Quebec,Unclassified businesses [00],41415,B,45.5089,-73.5617
2020-06,Quebec,Unclassified businesses [00],47551,B,45.5089,-73.5617
2020-07,Quebec,Unclassified businesses [00],51116,B,45.5089,-73.5617
2020-08,Quebec,Unclassified businesses [00],53397,B,45.5089,-73.5617
2020-09,Quebec,Unclassified businesses [00],57054,B,45.5089,-73.5617
2020-10,Quebec,Unclassified businesses [00],57645,B,45.5089,-73.5617
2020-11,Quebec,Unclassified businesses [00],48218,B,45.5089,-73.5617
2020-12,Quebec,Unclassified businesses [00],51008,B,45.5089,-73.5617
2021-01,Quebec,Unclassified businesses [00],50437,B,45.5089,-73.5617
2021-02,Quebec,Unclassified businesses [00],48997,A,45.5089,-73.5617
2021-03,Quebec,Unclassified businesses [00],50674,A,45.5089,-73.5617
2021-04,Quebec,Unclassified businesses [00],52789,A,45.5089,-73.5617
2021-05,Quebec,Unclassified businesses [00],54945,B,45.5089,-73.5617
2021-06,Quebec,Unclassified businesses [00],56851,B,45.5089,-73.5617
2021-07,Quebec,Unclassified businesses [00],55953,B,45.5089,-73.5617
2021-08,Quebec,Unclassified businesses [00],54815,B,45.5089,-73.5617
2021-09,Quebec,Unclassified businesses [00],59361,B,45.5089,-73.5617
2021-10,Quebec,Unclassified businesses [00],62013,A,45.5089,-73.5617
2021-11,Quebec,Unclassified businesses [00],60866,B,45.5089,-73.5617
2021-12,Quebec,Unclassified businesses [00],61335,B,45.5089,-73.5617
2022-01,Quebec,Unclassified businesses [00],60276,B,45.5089,-73.5617
2022-02,Quebec,Unclassified businesses [00],58118,B,45.5089,-73.5617
2022-03,Quebec,Unclassified businesses [00],59900,B,45.5089,-73.5617
2022-04,Quebec,Unclassified businesses [00],63086,B,45.5089,-73.5617
2022-05,Quebec,Unclassified businesses [00],65129,B,45.5089,-73.5617
2022-06,Quebec,Unclassified businesses [00],70659,B,45.5089,-73.5617
2022-07,Quebec,Unclassified businesses [00],68237,B,45.5089,-73.5617
2022-08,Quebec,Unclassified businesses [00],66558,B,45.5089,-73.5617
2022-09,Quebec,Unclassified businesses [00],68476,B,45.5089,-73.5617
2022-10,Quebec,Unclassified businesses [00],67153,B,45.5089,-73.5617
2022-11,Quebec,Unclassified businesses [00],64871,B,45.5089,-73.5617
2022-12,Quebec,Unclassified businesses [00],64781,B,45.5089,-73.5617
2023-01,Quebec,Unclassified businesses [00],63685,B,45.5089,-73.5617
2023-02,Quebec,Unclassified businesses [00],61269,B,45.5089,-73.5617
2023-03,Quebec,Unclassified businesses [00],63609,B,45.5089,-73.5617
2023-04,Quebec,Unclassified businesses [00],62125,B,45.5089,-73.5617
2023-05,Quebec,Unclassified businesses [00],64953,B,45.5089,-73.5617
2023-06,Quebec,Unclassified businesses [00],69107,B,45.5089,-73.5617
2023-07,Quebec,Unclassified businesses [00],70736,B,45.5089,-73.5617
2023-08,Quebec,Unclassified businesses [00],66961,B,45.5089,-73.5617
2023-09,Quebec,Unclassified businesses [00],67025,B,45.5089,-73.5617
2023-10,Quebec,Unclassified businesses [00],66777,B,45.5089,-73.5617
2023-11,Quebec,Unclassified businesses [00],65207,B,45.5089,-73.5617
2023-12,Quebec,Unclassified businesses [00],64221,B,45.5089,-73.5617
2024-01,Quebec,Unclassified businesses [00],63346,B,45.5089,-73.5617
2024-02,Quebec,Unclassified businesses [00],62876,B,45.5089,-73.5617
2018-01,Ontario,Goods producing industries [11-33N],1052536,A,43.7417,-79.3733
2018-02,Ontario,Goods producing industries [11-33N],1063032,A,43.7417,-79.3733
2018-03,Ontario,Goods producing industries [11-33N],1072281,A,43.7417,-79.3733
2018-04,Ontario,Goods producing industries [11-33N],1079972,A,43.7417,-79.3733
2018-05,Ontario,Goods producing industries [11-33N],1121773,A,43.7417,-79.3733
2018-06,Ontario,Goods producing industries [11-33N],1143639,A,43.7417,-79.3733
2018-07,Ontario,Goods producing industries [11-33N],1151239,A,43.7417,-79.3733
2018-08,Ontario,Goods producing industries [11-33N],1154937,A,43.7417,-79.3733
2018-09,Ontario,Goods producing industries [11-33N],1149167,A,43.7417,-79.3733
2018-10,Ontario,Goods producing industries [11-33N],1148481,A,43.7417,-79.3733
2018-11,Ontario,Goods producing industries [11-33N],1146049,A,43.7417,-79.3733
2018-12,Ontario,Goods producing industries [11-33N],1138139,A,43.7417,-79.3733
2019-01,Ontario,Goods producing industries [11-33N],1089004,A,43.7417,-79.3733
2019-02,Ontario,Goods producing industries [11-33N],1089755,A,43.7417,-79.3733
2019-03,Ontario,Goods producing industries [11-33N],1092434,A,43.7417,-79.3733
2019-04,Ontario,Goods producing industries [11-33N],1105470,A,43.7417,-79.3733
2019-05,Ontario,Goods producing industries [11-33N],1139860,A,43.7417,-79.3733
2019-06,Ontario,Goods producing industries [11-33N],1154539,A,43.7417,-79.3733
2019-07,Ontario,Goods producing industries [11-33N],1164381,A,43.7417,-79.3733
2019-08,Ontario,Goods producing industries [11-33N],1167724,A,43.7417,-79.3733
2019-09,Ontario,Goods producing industries [11-33N],1154849,B,43.7417,-79.3733
2019-10,Ontario,Goods producing industries [11-33N],1148009,A,43.7417,-79.3733
2019-11,Ontario,Goods producing industries [11-33N],1143974,B,43.7417,-79.3733
2019-12,Ontario,Goods producing industries [11-33N],1136170,A,43.7417,-79.3733
2020-01,Ontario,Goods producing industries [11-33N],1090887,A,43.7417,-79.3733
2020-02,Ontario,Goods producing industries [11-33N],1089003,B,43.7417,-79.3733
2020-03,Ontario,Goods producing industries [11-33N],1014609,B,43.7417,-79.3733
2020-04,Ontario,Goods producing industries [11-33N],922841,B,43.7417,-79.3733
2020-05,Ontario,Goods producing industries [11-33N],930450,B,43.7417,-79.3733
2020-06,Ontario,Goods producing industries [11-33N],1018302,B,43.7417,-79.3733
2020-07,Ontario,Goods producing industries [11-33N],1062602,B,43.7417,-79.3733
2020-08,Ontario,Goods producing industries [11-33N],1076802,B,43.7417,-79.3733
2020-09,Ontario,Goods producing industries [11-33N],1088122,B,43.7417,-79.3733
2020-10,Ontario,Goods producing industries [11-33N],1090054,B,43.7417,-79.3733
2020-11,Ontario,Goods producing industries [11-33N],1086557,B,43.7417,-79.3733
2020-12,Ontario,Goods producing industries [11-33N],1095497,B,43.7417,-79.3733
2021-01,Ontario,Goods producing industries [11-33N],1052321,B,43.7417,-79.3733
2021-02,Ontario,Goods producing industries [11-33N],1049643,B,43.7417,-79.3733
2021-03,Ontario,Goods producing industries [11-33N],1064357,B,43.7417,-79.3733
2021-04,Ontario,Goods producing industries [11-33N],1082305,B,43.7417,-79.3733
2021-05,Ontario,Goods producing industries [11-33N],1096518,B,43.7417,-79.3733
2021-06,Ontario,Goods producing industries [11-33N],1123858,B,43.7417,-79.3733
2021-07,Ontario,Goods producing industries [11-33N],1143301,B,43.7417,-79.3733
2021-08,Ontario,Goods producing industries [11-33N],1138018,B,43.7417,-79.3733
2021-09,Ontario,Goods producing industries [11-33N],1136670,B,43.7417,-79.3733
2021-10,Ontario,Goods producing industries [11-33N],1138607,B,43.7417,-79.3733
2021-11,Ontario,Goods producing industries [11-33N],1132827,B,43.7417,-79.3733
2021-12,Ontario,Goods producing industries [11-33N],1142084,B,43.7417,-79.3733
2022-01,Ontario,Goods producing industries [11-33N],1097465,B,43.7417,-79.3733
2022-02,Ontario,Goods producing industries [11-33N],1107184,B,43.7417,-79.3733
2022-03,Ontario,Goods producing industries [11-33N],1113927,B,43.7417,-79.3733
2022-04,Ontario,Goods producing industries [11-33N],1129601,B,43.7417,-79.3733
2022-05,Ontario,Goods producing industries [11-33N],1144121,A,43.7417,-79.3733
2022-06,Ontario,Goods producing industries [11-33N],1174106,B,43.7417,-79.3733
2022-07,Ontario,Goods producing industries [11-33N],1181675,B,43.7417,-79.3733
2022-08,Ontario,Goods producing industries [11-33N],1182810,B,43.7417,-79.3733
2022-09,Ontario,Goods producing industries [11-33N],1186397,B,43.7417,-79.3733
2022-10,Ontario,Goods producing industries [11-33N],1179043,B,43.7417,-79.3733
2022-11,Ontario,Goods producing industries [11-33N],1177374,B,43.7417,-79.3733
2022-12,Ontario,Goods producing industries [11-33N],1178039,B,43.7417,-79.3733
2023-01,Ontario,Goods producing industries [11-33N],1131363,B,43.7417,-79.3733
2023-02,Ontario,Goods producing industries [11-33N],1135665,B,43.7417,-79.3733
2023-03,Ontario,Goods producing industries [11-33N],1136775,B,43.7417,-79.3733
2023-04,Ontario,Goods producing industries [11-33N],1151552,B,43.7417,-79.3733
2023-05,Ontario,Goods producing industries [11-33N],1181514,B,43.7417,-79.3733
2023-06,Ontario,Goods producing industries [11-33N],1208872,B,43.7417,-79.3733
2023-07,Ontario,Goods producing industries [11-33N],1209856,B,43.7417,-79.3733
2023-08,Ontario,Goods producing industries [11-33N],1208063,B,43.7417,-79.3733
2023-09,Ontario,Goods producing industries [11-33N],1205908,B,43.7417,-79.3733
2023-10,Ontario,Goods producing industries [11-33N],1192920,B,43.7417,-79.3733
2023-11,Ontario,Goods producing industries [11-33N],1188467,B,43.7417,-79.3733
2023-12,Ontario,Goods producing industries [11-33N],1180997,B,43.7417,-79.3733
2024-01,Ontario,Goods producing industries [11-33N],1137543,B,43.7417,-79.3733
2024-02,Ontario,Goods producing industries [11-33N],1129234,B,43.7417,-79.3733
2018-01,Ontario,"Forestry, logging and support [11N]",4112,A,43.7417,-79.3733
2018-02,Ontario,"Forestry, logging and support [11N]",4099,A,43.7417,-79.3733
2018-03,Ontario,"Forestry, logging and support [11N]",4116,A,43.7417,-79.3733
2018-04,Ontario,"Forestry, logging and support [11N]",3895,A,43.7417,-79.3733
2018-05,Ontario,"Forestry, logging and support [11N]",3957,A,43.7417,-79.3733
2018-06,Ontario,"Forestry, logging and support [11N]",4627,A,43.7417,-79.3733
2018-07,Ontario,"Forestry, logging and support [11N]",4707,A,43.7417,-79.3733
2018-08,Ontario,"Forestry, logging and support [11N]",4800,A,43.7417,-79.3733
2018-09,Ontario,"Forestry, logging and support [11N]",4618,A,43.7417,-79.3733
2018-10,Ontario,"Forestry, logging and support [11N]",4576,A,43.7417,-79.3733
2018-11,Ontario,"Forestry, logging and support [11N]",4539,A,43.7417,-79.3733
2018-12,Ontario,"Forestry, logging and support [11N]",4419,A,43.7417,-79.3733
2019-01,Ontario,"Forestry, logging and support [11N]",4133,A,43.7417,-79.3733
2019-02,Ontario,"Forestry, logging and support [11N]",3978,A,43.7417,-79.3733
2019-03,Ontario,"Forestry, logging and support [11N]",4028,A,43.7417,-79.3733
2019-04,Ontario,"Forestry, logging and support [11N]",3778,A,43.7417,-79.3733
2019-05,Ontario,"Forestry, logging and support [11N]",4050,A,43.7417,-79.3733
2019-06,Ontario,"Forestry, logging and support [11N]",4340,A,43.7417,-79.3733
2019-07,Ontario,"Forestry, logging and support [11N]",4414,A,43.7417,-79.3733
2019-08,Ontario,"Forestry, logging and support [11N]",4476,A,43.7417,-79.3733
2019-09,Ontario,"Forestry, logging and support [11N]",4349,B,43.7417,-79.3733
2019-10,Ontario,"Forestry, logging and support [11N]",4137,B,43.7417,-79.3733
2019-11,Ontario,"Forestry, logging and support [11N]",4126,B,43.7417,-79.3733
2019-12,Ontario,"Forestry, logging and support [11N]",4147,B,43.7417,-79.3733
2020-01,Ontario,"Forestry, logging and support [11N]",3904,B,43.7417,-79.3733
2020-02,Ontario,"Forestry, logging and support [11N]",3677,B,43.7417,-79.3733
2020-03,Ontario,"Forestry, logging and support [11N]",3503,B,43.7417,-79.3733
2020-04,Ontario,"Forestry, logging and support [11N]",3071,B,43.7417,-79.3733
2020-05,Ontario,"Forestry, logging and support [11N]",3103,B,43.7417,-79.3733
2020-06,Ontario,"Forestry, logging and support [11N]",3630,B,43.7417,-79.3733
2020-07,Ontario,"Forestry, logging and support [11N]",4061,A,43.7417,-79.3733
2020-08,Ontario,"Forestry, logging and support [11N]",4035,A,43.7417,-79.3733
2020-09,Ontario,"Forestry, logging and support [11N]",3918,B,43.7417,-79.3733
2020-10,Ontario,"Forestry, logging and support [11N]",3903,B,43.7417,-79.3733
2020-11,Ontario,"Forestry, logging and support [11N]",3832,B,43.7417,-79.3733
2020-12,Ontario,"Forestry, logging and support [11N]",3860,B,43.7417,-79.3733
2021-01,Ontario,"Forestry, logging and support [11N]",3712,B,43.7417,-79.3733
2021-02,Ontario,"Forestry, logging and support [11N]",3594,B,43.7417,-79.3733
2021-03,Ontario,"Forestry, logging and support [11N]",3590,C,43.7417,-79.3733
2021-04,Ontario,"Forestry, logging and support [11N]",3407,B,43.7417,-79.3733
2021-05,Ontario,"Forestry, logging and support [11N]",3696,C,43.7417,-79.3733
2021-06,Ontario,"Forestry, logging and support [11N]",4274,C,43.7417,-79.3733
2021-07,Ontario,"Forestry, logging and support [11N]",4638,B,43.7417,-79.3733
2021-08,Ontario,"Forestry, logging and support [11N]",4243,B,43.7417,-79.3733
2021-09,Ontario,"Forestry, logging and support [11N]",3966,B,43.7417,-79.3733
2021-10,Ontario,"Forestry, logging and support [11N]",3740,B,43.7417,-79.3733
2021-11,Ontario,"Forestry, logging and support [11N]",3595,A,43.7417,-79.3733
2021-12,Ontario,"Forestry, logging and support [11N]",3532,B,43.7417,-79.3733
2022-01,Ontario,"Forestry, logging and support [11N]",3436,B,43.7417,-79.3733
2022-02,Ontario,"Forestry, logging and support [11N]",3411,A,43.7417,-79.3733
2022-03,Ontario,"Forestry, logging and support [11N]",3417,A,43.7417,-79.3733
2022-04,Ontario,"Forestry, logging and support [11N]",3226,A,43.7417,-79.3733
2022-05,Ontario,"Forestry, logging and support [11N]",3319,B,43.7417,-79.3733
2022-06,Ontario,"Forestry, logging and support [11N]",4073,C,43.7417,-79.3733
2022-07,Ontario,"Forestry, logging and support [11N]",4090,C,43.7417,-79.3733
2022-08,Ontario,"Forestry, logging and support [11N]",4088,B,43.7417,-79.3733
2022-09,Ontario,"Forestry, logging and support [11N]",3860,B,43.7417,-79.3733
2022-10,Ontario,"Forestry, logging and support [11N]",3826,B,43.7417,-79.3733
2022-11,Ontario,"Forestry, logging and support [11N]",3696,B,43.7417,-79.3733
2022-12,Ontario,"Forestry, logging and support [11N]",3690,B,43.7417,-79.3733
2023-01,Ontario,"Forestry, logging and support [11N]",3606,B,43.7417,-79.3733
2023-02,Ontario,"Forestry, logging and support [11N]",3659,B,43.7417,-79.3733
2023-03,Ontario,"Forestry, logging and support [11N]",3551,B,43.7417,-79.3733
2023-04,Ontario,"Forestry, logging and support [11N]",3526,B,43.7417,-79.3733
2023-05,Ontario,"Forestry, logging and support [11N]",3662,B,43.7417,-79.3733
2023-06,Ontario,"Forestry, logging and support [11N]",4192,B,43.7417,-79.3733
2023-07,Ontario,"Forestry, logging and support [11N]",4412,B,43.7417,-79.3733
2023-08,Ontario,"Forestry, logging and support [11N]",4293,B,43.7417,-79.3733
2023-09,Ontario,"Forestry, logging and support [11N]",4167,B,43.7417,-79.3733
2023-10,Ontario,"Forestry, logging and support [11N]",3964,B,43.7417,-79.3733
2023-11,Ontario,"Forestry, logging and support [11N]",3686,B,43.7417,-79.3733
2023-12,Ontario,"Forestry, logging and support [11N]",3680,B,43.7417,-79.3733
2024-01,Ontario,"Forestry, logging and support [11N]",4301,B,43.7417,-79.3733
2024-02,Ontario,"Forestry, logging and support [11N]",4453,B,43.7417,-79.3733
2018-01,Ontario,"Mining, quarrying, and oil and gas extraction [21]",25207,A,43.7417,-79.3733
2018-02,Ontario,"Mining, quarrying, and oil and gas extraction [21]",25558,A,43.7417,-79.3733
2018-03,Ontario,"Mining, quarrying, and oil and gas extraction [21]",25134,A,43.7417,-79.3733
2018-04,Ontario,"Mining, quarrying, and oil and gas extraction [21]",25642,A,43.7417,-79.3733
2018-05,Ontario,"Mining, quarrying, and oil and gas extraction [21]",26509,A,43.7417,-79.3733
2018-06,Ontario,"Mining, quarrying, and oil and gas extraction [21]",26870,A,43.7417,-79.3733
2018-07,Ontario,"Mining, quarrying, and oil and gas extraction [21]",26744,A,43.7417,-79.3733
2018-08,Ontario,"Mining, quarrying, and oil and gas extraction [21]",27414,A,43.7417,-79.3733
2018-09,Ontario,"Mining, quarrying, and oil and gas extraction [21]",27065,A,43.7417,-79.3733
2018-10,Ontario,"Mining, quarrying, and oil and gas extraction [21]",27242,A,43.7417,-79.3733
2018-11,Ontario,"Mining, quarrying, and oil and gas extraction [21]",26864,A,43.7417,-79.3733
2018-12,Ontario,"Mining, quarrying, and oil and gas extraction [21]",26594,A,43.7417,-79.3733
2019-01,Ontario,"Mining, quarrying, and oil and gas extraction [21]",25744,A,43.7417,-79.3733
2019-02,Ontario,"Mining, quarrying, and oil and gas extraction [21]",25904,A,43.7417,-79.3733
2019-03,Ontario,"Mining, quarrying, and oil and gas extraction [21]",25692,A,43.7417,-79.3733
2019-04,Ontario,"Mining, quarrying, and oil and gas extraction [21]",25553,A,43.7417,-79.3733
2019-05,Ontario,"Mining, quarrying, and oil and gas extraction [21]",26301,A,43.7417,-79.3733
2019-06,Ontario,"Mining, quarrying, and oil and gas extraction [21]",25842,A,43.7417,-79.3733
2019-07,Ontario,"Mining, quarrying, and oil and gas extraction [21]",26152,A,43.7417,-79.3733
2019-08,Ontario,"Mining, quarrying, and oil and gas extraction [21]",26618,A,43.7417,-79.3733
2019-09,Ontario,"Mining, quarrying, and oil and gas extraction [21]",26285,C,43.7417,-79.3733
2019-10,Ontario,"Mining, quarrying, and oil and gas extraction [21]",26416,A,43.7417,-79.3733
2019-11,Ontario,"Mining, quarrying, and oil and gas extraction [21]",27083,A,43.7417,-79.3733
2019-12,Ontario,"Mining, quarrying, and oil and gas extraction [21]",27564,A,43.7417,-79.3733
2020-01,Ontario,"Mining, quarrying, and oil and gas extraction [21]",27363,B,43.7417,-79.3733
2020-02,Ontario,"Mining, quarrying, and oil and gas extraction [21]",26589,B,43.7417,-79.3733
2020-03,Ontario,"Mining, quarrying, and oil and gas extraction [21]",26298,B,43.7417,-79.3733
2020-04,Ontario,"Mining, quarrying, and oil and gas extraction [21]",25330,B,43.7417,-79.3733
2020-05,Ontario,"Mining, quarrying, and oil and gas extraction [21]",24905,B,43.7417,-79.3733
2020-06,Ontario,"Mining, quarrying, and oil and gas extraction [21]",25639,B,43.7417,-79.3733
2020-07,Ontario,"Mining, quarrying, and oil and gas extraction [21]",26177,C,43.7417,-79.3733
2020-08,Ontario,"Mining, quarrying, and oil and gas extraction [21]",27195,B,43.7417,-79.3733
2020-09,Ontario,"Mining, quarrying, and oil and gas extraction [21]",26763,C,43.7417,-79.3733
2020-10,Ontario,"Mining, quarrying, and oil and gas extraction [21]",26611,B,43.7417,-79.3733
2020-11,Ontario,"Mining, quarrying, and oil and gas extraction [21]",27114,B,43.7417,-79.3733
2020-12,Ontario,"Mining, quarrying, and oil and gas extraction [21]",27633,B,43.7417,-79.3733
2021-01,Ontario,"Mining, quarrying, and oil and gas extraction [21]",26033,B,43.7417,-79.3733
2021-02,Ontario,"Mining, quarrying, and oil and gas extraction [21]",26466,B,43.7417,-79.3733
2021-03,Ontario,"Mining, quarrying, and oil and gas extraction [21]",26487,B,43.7417,-79.3733
2021-04,Ontario,"Mining, quarrying, and oil and gas extraction [21]",26939,B,43.7417,-79.3733
2021-05,Ontario,"Mining, quarrying, and oil and gas extraction [21]",27683,B,43.7417,-79.3733
2021-06,Ontario,"Mining, quarrying, and oil and gas extraction [21]",28362,B,43.7417,-79.3733
2021-07,Ontario,"Mining, quarrying, and oil and gas extraction [21]",27376,A,43.7417,-79.3733
2021-08,Ontario,"Mining, quarrying, and oil and gas extraction [21]",28069,A,43.7417,-79.3733
2021-09,Ontario,"Mining, quarrying, and oil and gas extraction [21]",28538,A,43.7417,-79.3733
2021-10,Ontario,"Mining, quarrying, and oil and gas extraction [21]",28222,A,43.7417,-79.3733
2021-11,Ontario,"Mining, quarrying, and oil and gas extraction [21]",28367,A,43.7417,-79.3733
2021-12,Ontario,"Mining, quarrying, and oil and gas extraction [21]",28057,A,43.7417,-79.3733
2022-01,Ontario,"Mining, quarrying, and oil and gas extraction [21]",27593,B,43.7417,-79.3733
2022-02,Ontario,"Mining, quarrying, and oil and gas extraction [21]",28360,B,43.7417,-79.3733
2022-03,Ontario,"Mining, quarrying, and oil and gas extraction [21]",28380,A,43.7417,-79.3733
2022-04,Ontario,"Mining, quarrying, and oil and gas extraction [21]",28368,B,43.7417,-79.3733
2022-05,Ontario,"Mining, quarrying, and oil and gas extraction [21]",28590,A,43.7417,-79.3733
2022-06,Ontario,"Mining, quarrying, and oil and gas extraction [21]",29452,C,43.7417,-79.3733
2022-07,Ontario,"Mining, quarrying, and oil and gas extraction [21]",29760,B,43.7417,-79.3733
2022-08,Ontario,"Mining, quarrying, and oil and gas extraction [21]",29587,A,43.7417,-79.3733
2022-09,Ontario,"Mining, quarrying, and oil and gas extraction [21]",29865,B,43.7417,-79.3733
2022-10,Ontario,"Mining, quarrying, and oil and gas extraction [21]",30302,A,43.7417,-79.3733
2022-11,Ontario,"Mining, quarrying, and oil and gas extraction [21]",30831,B,43.7417,-79.3733
2022-12,Ontario,"Mining, quarrying, and oil and gas extraction [21]",30366,B,43.7417,-79.3733
2023-01,Ontario,"Mining, quarrying, and oil and gas extraction [21]",29670,B,43.7417,-79.3733
2023-02,Ontario,"Mining, quarrying, and oil and gas extraction [21]",30671,B,43.7417,-79.3733
2023-03,Ontario,"Mining, quarrying, and oil and gas extraction [21]",30036,B,43.7417,-79.3733
2023-04,Ontario,"Mining, quarrying, and oil and gas extraction [21]",30377,A,43.7417,-79.3733
2023-05,Ontario,"Mining, quarrying, and oil and gas extraction [21]",30231,B,43.7417,-79.3733
2023-06,Ontario,"Mining, quarrying, and oil and gas extraction [21]",30725,B,43.7417,-79.3733
2023-07,Ontario,"Mining, quarrying, and oil and gas extraction [21]",30971,B,43.7417,-79.3733
2023-08,Ontario,"Mining, quarrying, and oil and gas extraction [21]",30657,B,43.7417,-79.3733
2023-09,Ontario,"Mining, quarrying, and oil and gas extraction [21]",30590,B,43.7417,-79.3733
2023-10,Ontario,"Mining, quarrying, and oil and gas extraction [21]",30537,B,43.7417,-79.3733
2023-11,Ontario,"Mining, quarrying, and oil and gas extraction [21]",30560,B,43.7417,-79.3733
2023-12,Ontario,"Mining, quarrying, and oil and gas extraction [21]",30452,B,43.7417,-79.3733
2024-01,Ontario,"Mining, quarrying, and oil and gas extraction [21]",29937,B,43.7417,-79.3733
2024-02,Ontario,"Mining, quarrying, and oil and gas extraction [21]",28869,C,43.7417,-79.3733
2018-01,Ontario,"Utilities [22,221]",46533,A,43.7417,-79.3733
2018-02,Ontario,"Utilities [22,221]",46945,A,43.7417,-79.3733
2018-03,Ontario,"Utilities [22,221]",46044,A,43.7417,-79.3733
2018-04,Ontario,"Utilities [22,221]",48126,A,43.7417,-79.3733
2018-05,Ontario,"Utilities [22,221]",51052,A,43.7417,-79.3733
2018-06,Ontario,"Utilities [22,221]",50669,A,43.7417,-79.3733
2018-07,Ontario,"Utilities [22,221]",51954,A,43.7417,-79.3733
2018-08,Ontario,"Utilities [22,221]",51904,A,43.7417,-79.3733
2018-09,Ontario,"Utilities [22,221]",52139,A,43.7417,-79.3733
2018-10,Ontario,"Utilities [22,221]",51258,A,43.7417,-79.3733
2018-11,Ontario,"Utilities [22,221]",51980,A,43.7417,-79.3733
2018-12,Ontario,"Utilities [22,221]",51832,A,43.7417,-79.3733
2019-01,Ontario,"Utilities [22,221]",50812,A,43.7417,-79.3733
2019-02,Ontario,"Utilities [22,221]",51877,A,43.7417,-79.3733
2019-03,Ontario,"Utilities [22,221]",52272,A,43.7417,-79.3733
2019-04,Ontario,"Utilities [22,221]",52301,A,43.7417,-79.3733
2019-05,Ontario,"Utilities [22,221]",53817,B,43.7417,-79.3733
2019-06,Ontario,"Utilities [22,221]",53611,A,43.7417,-79.3733
2019-07,Ontario,"Utilities [22,221]",53669,A,43.7417,-79.3733
2019-08,Ontario,"Utilities [22,221]",52859,A,43.7417,-79.3733
2019-09,Ontario,"Utilities [22,221]",52669,C,43.7417,-79.3733
2019-10,Ontario,"Utilities [22,221]",52529,A,43.7417,-79.3733
2019-11,Ontario,"Utilities [22,221]",52368,B,43.7417,-79.3733
2019-12,Ontario,"Utilities [22,221]",52122,B,43.7417,-79.3733
2020-01,Ontario,"Utilities [22,221]",51610,B,43.7417,-79.3733
2020-02,Ontario,"Utilities [22,221]",51570,B,43.7417,-79.3733
2020-03,Ontario,"Utilities [22,221]",50286,B,43.7417,-79.3733
2020-04,Ontario,"Utilities [22,221]",49260,C,43.7417,-79.3733
2020-05,Ontario,"Utilities [22,221]",47877,B,43.7417,-79.3733
2020-06,Ontario,"Utilities [22,221]",49671,C,43.7417,-79.3733
2020-07,Ontario,"Utilities [22,221]",50636,A,43.7417,-79.3733
2020-08,Ontario,"Utilities [22,221]",50152,A,43.7417,-79.3733
2020-09,Ontario,"Utilities [22,221]",49968,A,43.7417,-79.3733
2020-10,Ontario,"Utilities [22,221]",49697,A,43.7417,-79.3733
2020-11,Ontario,"Utilities [22,221]",49346,A,43.7417,-79.3733
2020-12,Ontario,"Utilities [22,221]",50064,A,43.7417,-79.3733
2021-01,Ontario,"Utilities [22,221]",48294,A,43.7417,-79.3733
2021-02,Ontario,"Utilities [22,221]",48469,A,43.7417,-79.3733
2021-03,Ontario,"Utilities [22,221]",48618,A,43.7417,-79.3733
2021-04,Ontario,"Utilities [22,221]",48794,A,43.7417,-79.3733
2021-05,Ontario,"Utilities [22,221]",49810,A,43.7417,-79.3733
2021-06,Ontario,"Utilities [22,221]",50653,A,43.7417,-79.3733
2021-07,Ontario,"Utilities [22,221]",50728,A,43.7417,-79.3733
2021-08,Ontario,"Utilities [22,221]",50197,A,43.7417,-79.3733
2021-09,Ontario,"Utilities [22,221]",50221,A,43.7417,-79.3733
2021-10,Ontario,"Utilities [22,221]",50182,A,43.7417,-79.3733
2021-11,Ontario,"Utilities [22,221]",50768,A,43.7417,-79.3733
2021-12,Ontario,"Utilities [22,221]",51052,A,43.7417,-79.3733
2022-01,Ontario,"Utilities [22,221]",50326,A,43.7417,-79.3733
2022-02,Ontario,"Utilities [22,221]",50160,B,43.7417,-79.3733
2022-03,Ontario,"Utilities [22,221]",50382,A,43.7417,-79.3733
2022-04,Ontario,"Utilities [22,221]",51561,A,43.7417,-79.3733
2022-05,Ontario,"Utilities [22,221]",51802,B,43.7417,-79.3733
2022-06,Ontario,"Utilities [22,221]",52499,B,43.7417,-79.3733
2022-07,Ontario,"Utilities [22,221]",51036,B,43.7417,-79.3733
2022-08,Ontario,"Utilities [22,221]",51291,B,43.7417,-79.3733
2022-09,Ontario,"Utilities [22,221]",50779,A,43.7417,-79.3733
2022-10,Ontario,"Utilities [22,221]",51282,B,43.7417,-79.3733
2022-11,Ontario,"Utilities [22,221]",51094,B,43.7417,-79.3733
2022-12,Ontario,"Utilities [22,221]",50801,B,43.7417,-79.3733
2023-01,Ontario,"Utilities [22,221]",50330,B,43.7417,-79.3733
2023-02,Ontario,"Utilities [22,221]",51593,B,43.7417,-79.3733
2023-03,Ontario,"Utilities [22,221]",51608,B,43.7417,-79.3733
2023-04,Ontario,"Utilities [22,221]",51328,B,43.7417,-79.3733
2023-05,Ontario,"Utilities [22,221]",52233,B,43.7417,-79.3733
2023-06,Ontario,"Utilities [22,221]",53452,A,43.7417,-79.3733
2023-07,Ontario,"Utilities [22,221]",53392,A,43.7417,-79.3733
2023-08,Ontario,"Utilities [22,221]",52802,B,43.7417,-79.3733
2023-09,Ontario,"Utilities [22,221]",52917,A,43.7417,-79.3733
2023-10,Ontario,"Utilities [22,221]",52443,A,43.7417,-79.3733
2023-11,Ontario,"Utilities [22,221]",52002,B,43.7417,-79.3733
2023-12,Ontario,"Utilities [22,221]",50902,B,43.7417,-79.3733
2024-01,Ontario,"Utilities [22,221]",50236,A,43.7417,-79.3733
2024-02,Ontario,"Utilities [22,221]",50705,A,43.7417,-79.3733
2018-01,Ontario,Construction [23],311643,A,43.7417,-79.3733
2018-02,Ontario,Construction [23],314098,A,43.7417,-79.3733
2018-03,Ontario,Construction [23],321957,A,43.7417,-79.3733
2018-04,Ontario,Construction [23],328652,A,43.7417,-79.3733
2018-05,Ontario,Construction [23],355577,A,43.7417,-79.3733
2018-06,Ontario,Construction [23],367844,A,43.7417,-79.3733
2018-07,Ontario,Construction [23],374230,A,43.7417,-79.3733
2018-08,Ontario,Construction [23],377417,A,43.7417,-79.3733
2018-09,Ontario,Construction [23],379170,A,43.7417,-79.3733
2018-10,Ontario,Construction [23],377209,A,43.7417,-79.3733
2018-11,Ontario,Construction [23],375679,A,43.7417,-79.3733
2018-12,Ontario,Construction [23],361687,A,43.7417,-79.3733
2019-01,Ontario,Construction [23],329413,A,43.7417,-79.3733
2019-02,Ontario,Construction [23],325924,A,43.7417,-79.3733
2019-03,Ontario,Construction [23],329659,A,43.7417,-79.3733
2019-04,Ontario,Construction [23],339159,A,43.7417,-79.3733
2019-05,Ontario,Construction [23],360791,A,43.7417,-79.3733
2019-06,Ontario,Construction [23],372859,A,43.7417,-79.3733
2019-07,Ontario,Construction [23],380559,A,43.7417,-79.3733
2019-08,Ontario,Construction [23],384092,A,43.7417,-79.3733
2019-09,Ontario,Construction [23],383119,B,43.7417,-79.3733
2019-10,Ontario,Construction [23],380555,A,43.7417,-79.3733
2019-11,Ontario,Construction [23],377183,B,43.7417,-79.3733
2019-12,Ontario,Construction [23],368501,A,43.7417,-79.3733
2020-01,Ontario,Construction [23],336882,A,43.7417,-79.3733
2020-02,Ontario,Construction [23],337054,B,43.7417,-79.3733
2020-03,Ontario,Construction [23],313278,B,43.7417,-79.3733
2020-04,Ontario,Construction [23],271701,B,43.7417,-79.3733
2020-05,Ontario,Construction [23],289125,B,43.7417,-79.3733
2020-06,Ontario,Construction [23],331194,B,43.7417,-79.3733
2020-07,Ontario,Construction [23],348258,B,43.7417,-79.3733
2020-08,Ontario,Construction [23],355707,B,43.7417,-79.3733
2020-09,Ontario,Construction [23],362224,B,43.7417,-79.3733
2020-10,Ontario,Construction [23],365109,A,43.7417,-79.3733
2020-11,Ontario,Construction [23],361564,B,43.7417,-79.3733
2020-12,Ontario,Construction [23],359202,B,43.7417,-79.3733
2021-01,Ontario,Construction [23],333983,B,43.7417,-79.3733
2021-02,Ontario,Construction [23],327440,B,43.7417,-79.3733
2021-03,Ontario,Construction [23],337009,B,43.7417,-79.3733
2021-04,Ontario,Construction [23],354226,B,43.7417,-79.3733
2021-05,Ontario,Construction [23],367158,B,43.7417,-79.3733
2021-06,Ontario,Construction [23],382702,B,43.7417,-79.3733
2021-07,Ontario,Construction [23],390775,B,43.7417,-79.3733
2021-08,Ontario,Construction [23],391631,B,43.7417,-79.3733
2021-09,Ontario,Construction [23],392227,B,43.7417,-79.3733
2021-10,Ontario,Construction [23],393209,B,43.7417,-79.3733
2021-11,Ontario,Construction [23],389613,A,43.7417,-79.3733
2021-12,Ontario,Construction [23],388254,A,43.7417,-79.3733
2022-01,Ontario,Construction [23],358974,B,43.7417,-79.3733
2022-02,Ontario,Construction [23],358652,B,43.7417,-79.3733
2022-03,Ontario,Construction [23],365392,B,43.7417,-79.3733
2022-04,Ontario,Construction [23],378057,B,43.7417,-79.3733
2022-05,Ontario,Construction [23],390365,A,43.7417,-79.3733
2022-06,Ontario,Construction [23],408025,B,43.7417,-79.3733
2022-07,Ontario,Construction [23],412476,B,43.7417,-79.3733
2022-08,Ontario,Construction [23],413623,B,43.7417,-79.3733
2022-09,Ontario,Construction [23],415498,B,43.7417,-79.3733
2022-10,Ontario,Construction [23],411543,B,43.7417,-79.3733
2022-11,Ontario,Construction [23],407861,B,43.7417,-79.3733
2022-12,Ontario,Construction [23],405419,B,43.7417,-79.3733
2023-01,Ontario,Construction [23],375415,B,43.7417,-79.3733
2023-02,Ontario,Construction [23],374081,B,43.7417,-79.3733
2023-03,Ontario,Construction [23],375838,B,43.7417,-79.3733
2023-04,Ontario,Construction [23],387494,B,43.7417,-79.3733
2023-05,Ontario,Construction [23],410181,B,43.7417,-79.3733
2023-06,Ontario,Construction [23],425413,B,43.7417,-79.3733
2023-07,Ontario,Construction [23],428172,B,43.7417,-79.3733
2023-08,Ontario,Construction [23],428050,B,43.7417,-79.3733
2023-09,Ontario,Construction [23],429436,B,43.7417,-79.3733
2023-10,Ontario,Construction [23],424138,B,43.7417,-79.3733
2023-11,Ontario,Construction [23],417057,B,43.7417,-79.3733
2023-12,Ontario,Construction [23],410182,B,43.7417,-79.3733
2024-01,Ontario,Construction [23],380004,A,43.7417,-79.3733
2024-02,Ontario,Construction [23],376846,B,43.7417,-79.3733
2018-01,Ontario,Manufacturing [31-33],665041,A,43.7417,-79.3733
2018-02,Ontario,Manufacturing [31-33],672332,A,43.7417,-79.3733
2018-03,Ontario,Manufacturing [31-33],675030,A,43.7417,-79.3733
2018-04,Ontario,Manufacturing [31-33],673656,A,43.7417,-79.3733
2018-05,Ontario,Manufacturing [31-33],684677,A,43.7417,-79.3733
2018-06,Ontario,Manufacturing [31-33],693629,A,43.7417,-79.3733
2018-07,Ontario,Manufacturing [31-33],693604,A,43.7417,-79.3733
2018-08,Ontario,Manufacturing [31-33],693402,A,43.7417,-79.3733
2018-09,Ontario,Manufacturing [31-33],686175,A,43.7417,-79.3733
2018-10,Ontario,Manufacturing [31-33],688196,A,43.7417,-79.3733
2018-11,Ontario,Manufacturing [31-33],686986,A,43.7417,-79.3733
2018-12,Ontario,Manufacturing [31-33],693608,A,43.7417,-79.3733
2019-01,Ontario,Manufacturing [31-33],678901,A,43.7417,-79.3733
2019-02,Ontario,Manufacturing [31-33],682071,A,43.7417,-79.3733
2019-03,Ontario,Manufacturing [31-33],680783,A,43.7417,-79.3733
2019-04,Ontario,Manufacturing [31-33],684679,A,43.7417,-79.3733
2019-05,Ontario,Manufacturing [31-33],694901,A,43.7417,-79.3733
2019-06,Ontario,Manufacturing [31-33],697888,A,43.7417,-79.3733
2019-07,Ontario,Manufacturing [31-33],699588,A,43.7417,-79.3733
2019-08,Ontario,Manufacturing [31-33],699680,A,43.7417,-79.3733
2019-09,Ontario,Manufacturing [31-33],688427,B,43.7417,-79.3733
2019-10,Ontario,Manufacturing [31-33],684372,A,43.7417,-79.3733
2019-11,Ontario,Manufacturing [31-33],683215,B,43.7417,-79.3733
2019-12,Ontario,Manufacturing [31-33],683835,B,43.7417,-79.3733
2020-01,Ontario,Manufacturing [31-33],671129,A,43.7417,-79.3733
2020-02,Ontario,Manufacturing [31-33],670113,B,43.7417,-79.3733
2020-03,Ontario,Manufacturing [31-33],621244,B,43.7417,-79.3733
2020-04,Ontario,Manufacturing [31-33],573479,B,43.7417,-79.3733
2020-05,Ontario,Manufacturing [31-33],565440,B,43.7417,-79.3733
2020-06,Ontario,Manufacturing [31-33],608167,B,43.7417,-79.3733
2020-07,Ontario,Manufacturing [31-33],633470,B,43.7417,-79.3733
2020-08,Ontario,Manufacturing [31-33],639713,B,43.7417,-79.3733
2020-09,Ontario,Manufacturing [31-33],645250,A,43.7417,-79.3733
2020-10,Ontario,Manufacturing [31-33],644734,B,43.7417,-79.3733
2020-11,Ontario,Manufacturing [31-33],644700,B,43.7417,-79.3733
2020-12,Ontario,Manufacturing [31-33],654737,B,43.7417,-79.3733
2021-01,Ontario,Manufacturing [31-33],640299,B,43.7417,-79.3733
2021-02,Ontario,Manufacturing [31-33],643673,A,43.7417,-79.3733
2021-03,Ontario,Manufacturing [31-33],648654,B,43.7417,-79.3733
2021-04,Ontario,Manufacturing [31-33],648939,B,43.7417,-79.3733
2021-05,Ontario,Manufacturing [31-33],648172,B,43.7417,-79.3733
2021-06,Ontario,Manufacturing [31-33],657867,B,43.7417,-79.3733
2021-07,Ontario,Manufacturing [31-33],669785,B,43.7417,-79.3733
2021-08,Ontario,Manufacturing [31-33],663877,B,43.7417,-79.3733
2021-09,Ontario,Manufacturing [31-33],661719,B,43.7417,-79.3733
2021-10,Ontario,Manufacturing [31-33],663254,A,43.7417,-79.3733
2021-11,Ontario,Manufacturing [31-33],660485,B,43.7417,-79.3733
2021-12,Ontario,Manufacturing [31-33],671191,B,43.7417,-79.3733
2022-01,Ontario,Manufacturing [31-33],657136,B,43.7417,-79.3733
2022-02,Ontario,Manufacturing [31-33],666601,B,43.7417,-79.3733
2022-03,Ontario,Manufacturing [31-33],666357,B,43.7417,-79.3733
2022-04,Ontario,Manufacturing [31-33],668389,B,43.7417,-79.3733
2022-05,Ontario,Manufacturing [31-33],670046,B,43.7417,-79.3733
2022-06,Ontario,Manufacturing [31-33],680057,B,43.7417,-79.3733
2022-07,Ontario,Manufacturing [31-33],684313,B,43.7417,-79.3733
2022-08,Ontario,Manufacturing [31-33],684223,B,43.7417,-79.3733
2022-09,Ontario,Manufacturing [31-33],686395,B,43.7417,-79.3733
2022-10,Ontario,Manufacturing [31-33],682090,B,43.7417,-79.3733
2022-11,Ontario,Manufacturing [31-33],683893,B,43.7417,-79.3733
2022-12,Ontario,Manufacturing [31-33],687762,B,43.7417,-79.3733
2023-01,Ontario,Manufacturing [31-33],672342,B,43.7417,-79.3733
2023-02,Ontario,Manufacturing [31-33],675661,B,43.7417,-79.3733
2023-03,Ontario,Manufacturing [31-33],675742,B,43.7417,-79.3733
2023-04,Ontario,Manufacturing [31-33],678827,B,43.7417,-79.3733
2023-05,Ontario,Manufacturing [31-33],685206,B,43.7417,-79.3733
2023-06,Ontario,Manufacturing [31-33],695090,B,43.7417,-79.3733
2023-07,Ontario,Manufacturing [31-33],692909,B,43.7417,-79.3733
2023-08,Ontario,Manufacturing [31-33],692261,B,43.7417,-79.3733
2023-09,Ontario,Manufacturing [31-33],688798,B,43.7417,-79.3733
2023-10,Ontario,Manufacturing [31-33],681838,B,43.7417,-79.3733
2023-11,Ontario,Manufacturing [31-33],685162,B,43.7417,-79.3733
2023-12,Ontario,Manufacturing [31-33],685781,B,43.7417,-79.3733
2024-01,Ontario,Manufacturing [31-33],673064,B,43.7417,-79.3733
2024-02,Ontario,Manufacturing [31-33],668362,B,43.7417,-79.3733
2018-01,Ontario,Trade [41-45N],1065438,A,43.7417,-79.3733
2018-02,Ontario,Trade [41-45N],1047269,A,43.7417,-79.3733
2018-03,Ontario,Trade [41-45N],1051773,A,43.7417,-79.3733
2018-04,Ontario,Trade [41-45N],1051670,A,43.7417,-79.3733
2018-05,Ontario,Trade [41-45N],1078586,A,43.7417,-79.3733
2018-06,Ontario,Trade [41-45N],1088131,A,43.7417,-79.3733
2018-07,Ontario,Trade [41-45N],1086192,A,43.7417,-79.3733
2018-08,Ontario,Trade [41-45N],1088584,A,43.7417,-79.3733
2018-09,Ontario,Trade [41-45N],1084520,A,43.7417,-79.3733
2018-10,Ontario,Trade [41-45N],1089916,A,43.7417,-79.3733
2018-11,Ontario,Trade [41-45N],1110910,A,43.7417,-79.3733
2018-12,Ontario,Trade [41-45N],1127934,A,43.7417,-79.3733
2019-01,Ontario,Trade [41-45N],1099834,A,43.7417,-79.3733
2019-02,Ontario,Trade [41-45N],1085096,A,43.7417,-79.3733
2019-03,Ontario,Trade [41-45N],1078794,A,43.7417,-79.3733
2019-04,Ontario,Trade [41-45N],1076661,A,43.7417,-79.3733
2019-05,Ontario,Trade [41-45N],1092234,A,43.7417,-79.3733
2019-06,Ontario,Trade [41-45N],1100540,A,43.7417,-79.3733
2019-07,Ontario,Trade [41-45N],1100586,A,43.7417,-79.3733
2019-08,Ontario,Trade [41-45N],1097446,A,43.7417,-79.3733
2019-09,Ontario,Trade [41-45N],1093836,B,43.7417,-79.3733
2019-10,Ontario,Trade [41-45N],1093670,B,43.7417,-79.3733
2019-11,Ontario,Trade [41-45N],1110926,B,43.7417,-79.3733
2019-12,Ontario,Trade [41-45N],1126845,B,43.7417,-79.3733
2020-01,Ontario,Trade [41-45N],1097489,A,43.7417,-79.3733
2020-02,Ontario,Trade [41-45N],1077453,B,43.7417,-79.3733
2020-03,Ontario,Trade [41-45N],1012847,B,43.7417,-79.3733
2020-04,Ontario,Trade [41-45N],886788,B,43.7417,-79.3733
2020-05,Ontario,Trade [41-45N],863369,B,43.7417,-79.3733
2020-06,Ontario,Trade [41-45N],940930,B,43.7417,-79.3733
2020-07,Ontario,Trade [41-45N],1000017,B,43.7417,-79.3733
2020-08,Ontario,Trade [41-45N],1009576,B,43.7417,-79.3733
2020-09,Ontario,Trade [41-45N],1024430,B,43.7417,-79.3733
2020-10,Ontario,Trade [41-45N],1043027,B,43.7417,-79.3733
2020-11,Ontario,Trade [41-45N],1060141,B,43.7417,-79.3733
2020-12,Ontario,Trade [41-45N],1074056,A,43.7417,-79.3733
2021-01,Ontario,Trade [41-45N],1016222,A,43.7417,-79.3733
2021-02,Ontario,Trade [41-45N],995908,A,43.7417,-79.3733
2021-03,Ontario,Trade [41-45N],1031513,B,43.7417,-79.3733
2021-04,Ontario,Trade [41-45N],1041969,A,43.7417,-79.3733
2021-05,Ontario,Trade [41-45N],1013310,A,43.7417,-79.3733
2021-06,Ontario,Trade [41-45N],1039587,B,43.7417,-79.3733
2021-07,Ontario,Trade [41-45N],1066878,A,43.7417,-79.3733
2021-08,Ontario,Trade [41-45N],1063739,A,43.7417,-79.3733
2021-09,Ontario,Trade [41-45N],1068136,B,43.7417,-79.3733
2021-10,Ontario,Trade [41-45N],1074140,B,43.7417,-79.3733
2021-11,Ontario,Trade [41-45N],1087857,B,43.7417,-79.3733
2021-12,Ontario,Trade [41-45N],1108236,A,43.7417,-79.3733
2022-01,Ontario,Trade [41-45N],1082285,A,43.7417,-79.3733
2022-02,Ontario,Trade [41-45N],1063798,A,43.7417,-79.3733
2022-03,Ontario,Trade [41-45N],1071051,B,43.7417,-79.3733
2022-04,Ontario,Trade [41-45N],1079569,A,43.7417,-79.3733
2022-05,Ontario,Trade [41-45N],1085379,A,43.7417,-79.3733
2022-06,Ontario,Trade [41-45N],1100769,B,43.7417,-79.3733
2022-07,Ontario,Trade [41-45N],1101631,B,43.7417,-79.3733
2022-08,Ontario,Trade [41-45N],1090753,B,43.7417,-79.3733
2022-09,Ontario,Trade [41-45N],1096463,A,43.7417,-79.3733
2022-10,Ontario,Trade [41-45N],1097615,B,43.7417,-79.3733
2022-11,Ontario,Trade [41-45N],1103546,B,43.7417,-79.3733
2022-12,Ontario,Trade [41-45N],1113458,A,43.7417,-79.3733
2023-01,Ontario,Trade [41-45N],1093067,B,43.7417,-79.3733
2023-02,Ontario,Trade [41-45N],1079881,B,43.7417,-79.3733
2023-03,Ontario,Trade [41-45N],1071672,B,43.7417,-79.3733
2023-04,Ontario,Trade [41-45N],1079332,B,43.7417,-79.3733
2023-05,Ontario,Trade [41-45N],1095289,B,43.7417,-79.3733
2023-06,Ontario,Trade [41-45N],1104875,B,43.7417,-79.3733
2023-07,Ontario,Trade [41-45N],1101027,B,43.7417,-79.3733
2023-08,Ontario,Trade [41-45N],1098216,A,43.7417,-79.3733
2023-09,Ontario,Trade [41-45N],1102551,A,43.7417,-79.3733
2023-10,Ontario,Trade [41-45N],1102480,A,43.7417,-79.3733
2023-11,Ontario,Trade [41-45N],1106397,A,43.7417,-79.3733
2023-12,Ontario,Trade [41-45N],1116706,B,43.7417,-79.3733
2024-01,Ontario,Trade [41-45N],1101171,A,43.7417,-79.3733
2024-02,Ontario,Trade [41-45N],1073495,B,43.7417,-79.3733
2018-01,Ontario,Transportation and warehousing [48-49],272353,A,43.7417,-79.3733
2018-02,Ontario,Transportation and warehousing [48-49],267202,A,43.7417,-79.3733
2018-03,Ontario,Transportation and warehousing [48-49],267604,A,43.7417,-79.3733
2018-04,Ontario,Transportation and warehousing [48-49],269804,A,43.7417,-79.3733
2018-05,Ontario,Transportation and warehousing [48-49],273737,A,43.7417,-79.3733
2018-06,Ontario,Transportation and warehousing [48-49],279384,A,43.7417,-79.3733
2018-07,Ontario,Transportation and warehousing [48-49],274461,A,43.7417,-79.3733
2018-08,Ontario,Transportation and warehousing [48-49],269809,A,43.7417,-79.3733
2018-09,Ontario,Transportation and warehousing [48-49],284419,A,43.7417,-79.3733
2018-10,Ontario,Transportation and warehousing [48-49],285907,A,43.7417,-79.3733
2018-11,Ontario,Transportation and warehousing [48-49],290324,A,43.7417,-79.3733
2018-12,Ontario,Transportation and warehousing [48-49],296896,A,43.7417,-79.3733
2019-01,Ontario,Transportation and warehousing [48-49],286925,A,43.7417,-79.3733
2019-02,Ontario,Transportation and warehousing [48-49],281477,A,43.7417,-79.3733
2019-03,Ontario,Transportation and warehousing [48-49],280366,A,43.7417,-79.3733
2019-04,Ontario,Transportation and warehousing [48-49],282235,A,43.7417,-79.3733
2019-05,Ontario,Transportation and warehousing [48-49],285181,A,43.7417,-79.3733
2019-06,Ontario,Transportation and warehousing [48-49],287780,A,43.7417,-79.3733
2019-07,Ontario,Transportation and warehousing [48-49],281182,A,43.7417,-79.3733
2019-08,Ontario,Transportation and warehousing [48-49],280873,A,43.7417,-79.3733
2019-09,Ontario,Transportation and warehousing [48-49],290197,B,43.7417,-79.3733
2019-10,Ontario,Transportation and warehousing [48-49],293068,B,43.7417,-79.3733
2019-11,Ontario,Transportation and warehousing [48-49],296459,A,43.7417,-79.3733
2019-12,Ontario,Transportation and warehousing [48-49],303222,B,43.7417,-79.3733
2020-01,Ontario,Transportation and warehousing [48-49],296778,A,43.7417,-79.3733
2020-02,Ontario,Transportation and warehousing [48-49],288685,B,43.7417,-79.3733
2020-03,Ontario,Transportation and warehousing [48-49],274392,B,43.7417,-79.3733
2020-04,Ontario,Transportation and warehousing [48-49],264109,B,43.7417,-79.3733
2020-05,Ontario,Transportation and warehousing [48-49],255148,B,43.7417,-79.3733
2020-06,Ontario,Transportation and warehousing [48-49],266193,B,43.7417,-79.3733
2020-07,Ontario,Transportation and warehousing [48-49],261703,B,43.7417,-79.3733
2020-08,Ontario,Transportation and warehousing [48-49],257496,B,43.7417,-79.3733
2020-09,Ontario,Transportation and warehousing [48-49],276270,A,43.7417,-79.3733
2020-10,Ontario,Transportation and warehousing [48-49],286212,B,43.7417,-79.3733
2020-11,Ontario,Transportation and warehousing [48-49],286059,B,43.7417,-79.3733
2020-12,Ontario,Transportation and warehousing [48-49],296484,B,43.7417,-79.3733
2021-01,Ontario,Transportation and warehousing [48-49],288452,B,43.7417,-79.3733
2021-02,Ontario,Transportation and warehousing [48-49],284177,B,43.7417,-79.3733
2021-03,Ontario,Transportation and warehousing [48-49],281037,B,43.7417,-79.3733
2021-04,Ontario,Transportation and warehousing [48-49],283728,B,43.7417,-79.3733
2021-05,Ontario,Transportation and warehousing [48-49],282071,B,43.7417,-79.3733
2021-06,Ontario,Transportation and warehousing [48-49],287568,B,43.7417,-79.3733
2021-07,Ontario,Transportation and warehousing [48-49],284877,B,43.7417,-79.3733
2021-08,Ontario,Transportation and warehousing [48-49],277060,B,43.7417,-79.3733
2021-09,Ontario,Transportation and warehousing [48-49],282441,B,43.7417,-79.3733
2021-10,Ontario,Transportation and warehousing [48-49],288744,B,43.7417,-79.3733
2021-11,Ontario,Transportation and warehousing [48-49],289745,B,43.7417,-79.3733
2021-12,Ontario,Transportation and warehousing [48-49],300401,B,43.7417,-79.3733
2022-01,Ontario,Transportation and warehousing [48-49],294595,B,43.7417,-79.3733
2022-02,Ontario,Transportation and warehousing [48-49],291525,B,43.7417,-79.3733
2022-03,Ontario,Transportation and warehousing [48-49],287748,B,43.7417,-79.3733
2022-04,Ontario,Transportation and warehousing [48-49],291738,B,43.7417,-79.3733
2022-05,Ontario,Transportation and warehousing [48-49],291335,B,43.7417,-79.3733
2022-06,Ontario,Transportation and warehousing [48-49],298643,B,43.7417,-79.3733
2022-07,Ontario,Transportation and warehousing [48-49],294759,B,43.7417,-79.3733
2022-08,Ontario,Transportation and warehousing [48-49],288841,A,43.7417,-79.3733
2022-09,Ontario,Transportation and warehousing [48-49],297734,A,43.7417,-79.3733
2022-10,Ontario,Transportation and warehousing [48-49],303201,B,43.7417,-79.3733
2022-11,Ontario,Transportation and warehousing [48-49],304379,B,43.7417,-79.3733
2022-12,Ontario,Transportation and warehousing [48-49],315899,A,43.7417,-79.3733
2023-01,Ontario,Transportation and warehousing [48-49],311639,B,43.7417,-79.3733
2023-02,Ontario,Transportation and warehousing [48-49],308429,A,43.7417,-79.3733
2023-03,Ontario,Transportation and warehousing [48-49],304921,B,43.7417,-79.3733
2023-04,Ontario,Transportation and warehousing [48-49],307865,B,43.7417,-79.3733
2023-05,Ontario,Transportation and warehousing [48-49],308078,B,43.7417,-79.3733
2023-06,Ontario,Transportation and warehousing [48-49],312712,B,43.7417,-79.3733
2023-07,Ontario,Transportation and warehousing [48-49],305011,B,43.7417,-79.3733
2023-08,Ontario,Transportation and warehousing [48-49],301844,B,43.7417,-79.3733
2023-09,Ontario,Transportation and warehousing [48-49],309805,B,43.7417,-79.3733
2023-10,Ontario,Transportation and warehousing [48-49],310735,B,43.7417,-79.3733
2023-11,Ontario,Transportation and warehousing [48-49],312473,B,43.7417,-79.3733
2023-12,Ontario,Transportation and warehousing [48-49],320592,B,43.7417,-79.3733
2024-01,Ontario,Transportation and warehousing [48-49],317265,B,43.7417,-79.3733
2024-02,Ontario,Transportation and warehousing [48-49],309588,B,43.7417,-79.3733
2018-01,Ontario,Information and cultural industries [51],151061,A,43.7417,-79.3733
2018-02,Ontario,Information and cultural industries [51],152051,A,43.7417,-79.3733
2018-03,Ontario,Information and cultural industries [51],149985,A,43.7417,-79.3733
2018-04,Ontario,Information and cultural industries [51],149107,A,43.7417,-79.3733
2018-05,Ontario,Information and cultural industries [51],151088,A,43.7417,-79.3733
2018-06,Ontario,Information and cultural industries [51],152002,A,43.7417,-79.3733
2018-07,Ontario,Information and cultural industries [51],152219,A,43.7417,-79.3733
2018-08,Ontario,Information and cultural industries [51],150872,A,43.7417,-79.3733
2018-09,Ontario,Information and cultural industries [51],150310,A,43.7417,-79.3733
2018-10,Ontario,Information and cultural industries [51],150737,A,43.7417,-79.3733
2018-11,Ontario,Information and cultural industries [51],150039,A,43.7417,-79.3733
2018-12,Ontario,Information and cultural industries [51],150012,A,43.7417,-79.3733
2019-01,Ontario,Information and cultural industries [51],150006,A,43.7417,-79.3733
2019-02,Ontario,Information and cultural industries [51],148632,A,43.7417,-79.3733
2019-03,Ontario,Information and cultural industries [51],149156,A,43.7417,-79.3733
2019-04,Ontario,Information and cultural industries [51],150804,A,43.7417,-79.3733
2019-05,Ontario,Information and cultural industries [51],152492,A,43.7417,-79.3733
2019-06,Ontario,Information and cultural industries [51],154079,A,43.7417,-79.3733
2019-07,Ontario,Information and cultural industries [51],154630,A,43.7417,-79.3733
2019-08,Ontario,Information and cultural industries [51],154609,A,43.7417,-79.3733
2019-09,Ontario,Information and cultural industries [51],153951,A,43.7417,-79.3733
2019-10,Ontario,Information and cultural industries [51],151891,B,43.7417,-79.3733
2019-11,Ontario,Information and cultural industries [51],152380,B,43.7417,-79.3733
2019-12,Ontario,Information and cultural industries [51],154215,A,43.7417,-79.3733
2020-01,Ontario,Information and cultural industries [51],153257,A,43.7417,-79.3733
2020-02,Ontario,Information and cultural industries [51],154683,B,43.7417,-79.3733
2020-03,Ontario,Information and cultural industries [51],150750,B,43.7417,-79.3733
2020-04,Ontario,Information and cultural industries [51],136339,B,43.7417,-79.3733
2020-05,Ontario,Information and cultural industries [51],127351,B,43.7417,-79.3733
2020-06,Ontario,Information and cultural industries [51],127834,B,43.7417,-79.3733
2020-07,Ontario,Information and cultural industries [51],127619,B,43.7417,-79.3733
2020-08,Ontario,Information and cultural industries [51],137399,B,43.7417,-79.3733
2020-09,Ontario,Information and cultural industries [51],146935,A,43.7417,-79.3733
2020-10,Ontario,Information and cultural industries [51],148978,B,43.7417,-79.3733
2020-11,Ontario,Information and cultural industries [51],148838,B,43.7417,-79.3733
2020-12,Ontario,Information and cultural industries [51],147795,B,43.7417,-79.3733
2021-01,Ontario,Information and cultural industries [51],144987,B,43.7417,-79.3733
2021-02,Ontario,Information and cultural industries [51],147032,A,43.7417,-79.3733
2021-03,Ontario,Information and cultural industries [51],146414,A,43.7417,-79.3733
2021-04,Ontario,Information and cultural industries [51],146708,A,43.7417,-79.3733
2021-05,Ontario,Information and cultural industries [51],147896,A,43.7417,-79.3733
2021-06,Ontario,Information and cultural industries [51],147051,A,43.7417,-79.3733
2021-07,Ontario,Information and cultural industries [51],151107,A,43.7417,-79.3733
2021-08,Ontario,Information and cultural industries [51],151903,A,43.7417,-79.3733
2021-09,Ontario,Information and cultural industries [51],151989,B,43.7417,-79.3733
2021-10,Ontario,Information and cultural industries [51],154303,A,43.7417,-79.3733
2021-11,Ontario,Information and cultural industries [51],156192,B,43.7417,-79.3733
2021-12,Ontario,Information and cultural industries [51],157724,A,43.7417,-79.3733
2022-01,Ontario,Information and cultural industries [51],152260,B,43.7417,-79.3733
2022-02,Ontario,Information and cultural industries [51],155629,B,43.7417,-79.3733
2022-03,Ontario,Information and cultural industries [51],153218,A,43.7417,-79.3733
2022-04,Ontario,Information and cultural industries [51],157436,B,43.7417,-79.3733
2022-05,Ontario,Information and cultural industries [51],157955,B,43.7417,-79.3733
2022-06,Ontario,Information and cultural industries [51],160724,B,43.7417,-79.3733
2022-07,Ontario,Information and cultural industries [51],162978,B,43.7417,-79.3733
2022-08,Ontario,Information and cultural industries [51],164753,A,43.7417,-79.3733
2022-09,Ontario,Information and cultural industries [51],164533,B,43.7417,-79.3733
2022-10,Ontario,Information and cultural industries [51],165777,A,43.7417,-79.3733
2022-11,Ontario,Information and cultural industries [51],166844,B,43.7417,-79.3733
2022-12,Ontario,Information and cultural industries [51],163728,A,43.7417,-79.3733
2023-01,Ontario,Information and cultural industries [51],156308,B,43.7417,-79.3733
2023-02,Ontario,Information and cultural industries [51],154525,A,43.7417,-79.3733
2023-03,Ontario,Information and cultural industries [51],153702,B,43.7417,-79.3733
2023-04,Ontario,Information and cultural industries [51],155160,B,43.7417,-79.3733
2023-05,Ontario,Information and cultural industries [51],154830,B,43.7417,-79.3733
2023-06,Ontario,Information and cultural industries [51],154056,B,43.7417,-79.3733
2023-07,Ontario,Information and cultural industries [51],153305,B,43.7417,-79.3733
2023-08,Ontario,Information and cultural industries [51],151187,B,43.7417,-79.3733
2023-09,Ontario,Information and cultural industries [51],147916,B,43.7417,-79.3733
2023-10,Ontario,Information and cultural industries [51],146991,B,43.7417,-79.3733
2023-11,Ontario,Information and cultural industries [51],148761,B,43.7417,-79.3733
2023-12,Ontario,Information and cultural industries [51],147606,B,43.7417,-79.3733
2024-01,Ontario,Information and cultural industries [51],148498,B,43.7417,-79.3733
2024-02,Ontario,Information and cultural industries [51],147718,B,43.7417,-79.3733
2018-01,Ontario,Finance and insurance [52],334501,A,43.7417,-79.3733
2018-02,Ontario,Finance and insurance [52],336722,A,43.7417,-79.3733
2018-03,Ontario,Finance and insurance [52],336660,A,43.7417,-79.3733
2018-04,Ontario,Finance and insurance [52],336644,A,43.7417,-79.3733
2018-05,Ontario,Finance and insurance [52],339539,A,43.7417,-79.3733
2018-06,Ontario,Finance and insurance [52],342304,A,43.7417,-79.3733
2018-07,Ontario,Finance and insurance [52],340948,A,43.7417,-79.3733
2018-08,Ontario,Finance and insurance [52],341402,A,43.7417,-79.3733
2018-09,Ontario,Finance and insurance [52],339423,A,43.7417,-79.3733
2018-10,Ontario,Finance and insurance [52],338429,A,43.7417,-79.3733
2018-11,Ontario,Finance and insurance [52],340641,A,43.7417,-79.3733
2018-12,Ontario,Finance and insurance [52],346692,A,43.7417,-79.3733
2019-01,Ontario,Finance and insurance [52],342388,A,43.7417,-79.3733
2019-02,Ontario,Finance and insurance [52],340464,A,43.7417,-79.3733
2019-03,Ontario,Finance and insurance [52],344337,A,43.7417,-79.3733
2019-04,Ontario,Finance and insurance [52],349425,A,43.7417,-79.3733
2019-05,Ontario,Finance and insurance [52],347518,A,43.7417,-79.3733
2019-06,Ontario,Finance and insurance [52],348146,A,43.7417,-79.3733
2019-07,Ontario,Finance and insurance [52],353337,A,43.7417,-79.3733
2019-08,Ontario,Finance and insurance [52],351370,A,43.7417,-79.3733
2019-09,Ontario,Finance and insurance [52],351710,B,43.7417,-79.3733
2019-10,Ontario,Finance and insurance [52],351502,A,43.7417,-79.3733
2019-11,Ontario,Finance and insurance [52],353451,A,43.7417,-79.3733
2019-12,Ontario,Finance and insurance [52],355368,B,43.7417,-79.3733
2020-01,Ontario,Finance and insurance [52],350418,B,43.7417,-79.3733
2020-02,Ontario,Finance and insurance [52],349607,B,43.7417,-79.3733
2020-03,Ontario,Finance and insurance [52],346321,C,43.7417,-79.3733
2020-04,Ontario,Finance and insurance [52],336815,B,43.7417,-79.3733
2020-05,Ontario,Finance and insurance [52],335110,A,43.7417,-79.3733
2020-06,Ontario,Finance and insurance [52],337471,B,43.7417,-79.3733
2020-07,Ontario,Finance and insurance [52],339750,B,43.7417,-79.3733
2020-08,Ontario,Finance and insurance [52],339550,B,43.7417,-79.3733
2020-09,Ontario,Finance and insurance [52],341521,A,43.7417,-79.3733
2020-10,Ontario,Finance and insurance [52],341472,B,43.7417,-79.3733
2020-11,Ontario,Finance and insurance [52],343656,A,43.7417,-79.3733
2020-12,Ontario,Finance and insurance [52],348116,A,43.7417,-79.3733
2021-01,Ontario,Finance and insurance [52],343332,A,43.7417,-79.3733
2021-02,Ontario,Finance and insurance [52],345525,A,43.7417,-79.3733
2021-03,Ontario,Finance and insurance [52],347972,A,43.7417,-79.3733
2021-04,Ontario,Finance and insurance [52],349462,A,43.7417,-79.3733
2021-05,Ontario,Finance and insurance [52],350754,A,43.7417,-79.3733
2021-06,Ontario,Finance and insurance [52],357842,A,43.7417,-79.3733
2021-07,Ontario,Finance and insurance [52],360585,A,43.7417,-79.3733
2021-08,Ontario,Finance and insurance [52],356548,A,43.7417,-79.3733
2021-09,Ontario,Finance and insurance [52],360620,A,43.7417,-79.3733
2021-10,Ontario,Finance and insurance [52],361084,A,43.7417,-79.3733
2021-11,Ontario,Finance and insurance [52],361316,A,43.7417,-79.3733
2021-12,Ontario,Finance and insurance [52],367052,A,43.7417,-79.3733
2022-01,Ontario,Finance and insurance [52],368152,A,43.7417,-79.3733
2022-02,Ontario,Finance and insurance [52],364442,A,43.7417,-79.3733
2022-03,Ontario,Finance and insurance [52],369889,A,43.7417,-79.3733
2022-04,Ontario,Finance and insurance [52],374662,A,43.7417,-79.3733
2022-05,Ontario,Finance and insurance [52],376366,A,43.7417,-79.3733
2022-06,Ontario,Finance and insurance [52],378013,B,43.7417,-79.3733
2022-07,Ontario,Finance and insurance [52],383405,B,43.7417,-79.3733
2022-08,Ontario,Finance and insurance [52],380977,A,43.7417,-79.3733
2022-09,Ontario,Finance and insurance [52],381587,A,43.7417,-79.3733
2022-10,Ontario,Finance and insurance [52],383523,A,43.7417,-79.3733
2022-11,Ontario,Finance and insurance [52],387055,A,43.7417,-79.3733
2022-12,Ontario,Finance and insurance [52],393287,A,43.7417,-79.3733
2023-01,Ontario,Finance and insurance [52],389036,A,43.7417,-79.3733
2023-02,Ontario,Finance and insurance [52],386550,A,43.7417,-79.3733
2023-03,Ontario,Finance and insurance [52],387541,A,43.7417,-79.3733
2023-04,Ontario,Finance and insurance [52],385245,A,43.7417,-79.3733
2023-05,Ontario,Finance and insurance [52],386785,A,43.7417,-79.3733
2023-06,Ontario,Finance and insurance [52],388326,A,43.7417,-79.3733
2023-07,Ontario,Finance and insurance [52],388338,A,43.7417,-79.3733
2023-08,Ontario,Finance and insurance [52],388821,A,43.7417,-79.3733
2023-09,Ontario,Finance and insurance [52],389242,A,43.7417,-79.3733
2023-10,Ontario,Finance and insurance [52],391249,A,43.7417,-79.3733
2023-11,Ontario,Finance and insurance [52],389223,A,43.7417,-79.3733
2023-12,Ontario,Finance and insurance [52],394572,A,43.7417,-79.3733
2024-01,Ontario,Finance and insurance [52],396484,A,43.7417,-79.3733
2024-02,Ontario,Finance and insurance [52],397969,A,43.7417,-79.3733
2018-01,Ontario,Real estate and rental and leasing [53],117233,A,43.7417,-79.3733
2018-02,Ontario,Real estate and rental and leasing [53],115376,A,43.7417,-79.3733
2018-03,Ontario,Real estate and rental and leasing [53],114170,A,43.7417,-79.3733
2018-04,Ontario,Real estate and rental and leasing [53],113661,A,43.7417,-79.3733
2018-05,Ontario,Real estate and rental and leasing [53],115890,A,43.7417,-79.3733
2018-06,Ontario,Real estate and rental and leasing [53],118801,A,43.7417,-79.3733
2018-07,Ontario,Real estate and rental and leasing [53],117646,A,43.7417,-79.3733
2018-08,Ontario,Real estate and rental and leasing [53],117552,A,43.7417,-79.3733
2018-09,Ontario,Real estate and rental and leasing [53],118771,A,43.7417,-79.3733
2018-10,Ontario,Real estate and rental and leasing [53],117825,A,43.7417,-79.3733
2018-11,Ontario,Real estate and rental and leasing [53],119905,A,43.7417,-79.3733
2018-12,Ontario,Real estate and rental and leasing [53],120375,A,43.7417,-79.3733
2019-01,Ontario,Real estate and rental and leasing [53],117724,A,43.7417,-79.3733
2019-02,Ontario,Real estate and rental and leasing [53],116250,A,43.7417,-79.3733
2019-03,Ontario,Real estate and rental and leasing [53],114750,A,43.7417,-79.3733
2019-04,Ontario,Real estate and rental and leasing [53],115685,A,43.7417,-79.3733
2019-05,Ontario,Real estate and rental and leasing [53],118288,A,43.7417,-79.3733
2019-06,Ontario,Real estate and rental and leasing [53],121819,A,43.7417,-79.3733
2019-07,Ontario,Real estate and rental and leasing [53],119792,A,43.7417,-79.3733
2019-08,Ontario,Real estate and rental and leasing [53],119053,A,43.7417,-79.3733
2019-09,Ontario,Real estate and rental and leasing [53],117991,B,43.7417,-79.3733
2019-10,Ontario,Real estate and rental and leasing [53],115103,A,43.7417,-79.3733
2019-11,Ontario,Real estate and rental and leasing [53],116750,B,43.7417,-79.3733
2019-12,Ontario,Real estate and rental and leasing [53],117973,B,43.7417,-79.3733
2020-01,Ontario,Real estate and rental and leasing [53],115314,A,43.7417,-79.3733
2020-02,Ontario,Real estate and rental and leasing [53],115187,A,43.7417,-79.3733
2020-03,Ontario,Real estate and rental and leasing [53],104257,B,43.7417,-79.3733
2020-04,Ontario,Real estate and rental and leasing [53],93018,A,43.7417,-79.3733
2020-05,Ontario,Real estate and rental and leasing [53],89070,A,43.7417,-79.3733
2020-06,Ontario,Real estate and rental and leasing [53],92855,B,43.7417,-79.3733
2020-07,Ontario,Real estate and rental and leasing [53],97400,A,43.7417,-79.3733
2020-08,Ontario,Real estate and rental and leasing [53],97766,B,43.7417,-79.3733
2020-09,Ontario,Real estate and rental and leasing [53],99898,A,43.7417,-79.3733
2020-10,Ontario,Real estate and rental and leasing [53],100813,A,43.7417,-79.3733
2020-11,Ontario,Real estate and rental and leasing [53],100833,A,43.7417,-79.3733
2020-12,Ontario,Real estate and rental and leasing [53],103208,A,43.7417,-79.3733
2021-01,Ontario,Real estate and rental and leasing [53],99622,A,43.7417,-79.3733
2021-02,Ontario,Real estate and rental and leasing [53],100067,A,43.7417,-79.3733
2021-03,Ontario,Real estate and rental and leasing [53],99644,A,43.7417,-79.3733
2021-04,Ontario,Real estate and rental and leasing [53],99345,A,43.7417,-79.3733
2021-05,Ontario,Real estate and rental and leasing [53],99659,B,43.7417,-79.3733
2021-06,Ontario,Real estate and rental and leasing [53],103628,B,43.7417,-79.3733
2021-07,Ontario,Real estate and rental and leasing [53],105020,A,43.7417,-79.3733
2021-08,Ontario,Real estate and rental and leasing [53],105927,B,43.7417,-79.3733
2021-09,Ontario,Real estate and rental and leasing [53],105841,A,43.7417,-79.3733
2021-10,Ontario,Real estate and rental and leasing [53],109286,A,43.7417,-79.3733
2021-11,Ontario,Real estate and rental and leasing [53],110513,B,43.7417,-79.3733
2021-12,Ontario,Real estate and rental and leasing [53],114395,B,43.7417,-79.3733
2022-01,Ontario,Real estate and rental and leasing [53],111872,B,43.7417,-79.3733
2022-02,Ontario,Real estate and rental and leasing [53],109343,B,43.7417,-79.3733
2022-03,Ontario,Real estate and rental and leasing [53],109602,B,43.7417,-79.3733
2022-04,Ontario,Real estate and rental and leasing [53],112279,B,43.7417,-79.3733
2022-05,Ontario,Real estate and rental and leasing [53],114390,B,43.7417,-79.3733
2022-06,Ontario,Real estate and rental and leasing [53],118735,B,43.7417,-79.3733
2022-07,Ontario,Real estate and rental and leasing [53],118228,B,43.7417,-79.3733
2022-08,Ontario,Real estate and rental and leasing [53],118865,B,43.7417,-79.3733
2022-09,Ontario,Real estate and rental and leasing [53],119149,B,43.7417,-79.3733
2022-10,Ontario,Real estate and rental and leasing [53],119406,B,43.7417,-79.3733
2022-11,Ontario,Real estate and rental and leasing [53],119693,B,43.7417,-79.3733
2022-12,Ontario,Real estate and rental and leasing [53],121871,B,43.7417,-79.3733
2023-01,Ontario,Real estate and rental and leasing [53],118203,B,43.7417,-79.3733
2023-02,Ontario,Real estate and rental and leasing [53],116212,B,43.7417,-79.3733
2023-03,Ontario,Real estate and rental and leasing [53],117288,B,43.7417,-79.3733
2023-04,Ontario,Real estate and rental and leasing [53],116409,B,43.7417,-79.3733
2023-05,Ontario,Real estate and rental and leasing [53],119691,B,43.7417,-79.3733
2023-06,Ontario,Real estate and rental and leasing [53],122950,B,43.7417,-79.3733
2023-07,Ontario,Real estate and rental and leasing [53],122775,B,43.7417,-79.3733
2023-08,Ontario,Real estate and rental and leasing [53],122775,B,43.7417,-79.3733
2023-09,Ontario,Real estate and rental and leasing [53],122900,B,43.7417,-79.3733
2023-10,Ontario,Real estate and rental and leasing [53],122934,B,43.7417,-79.3733
2023-11,Ontario,Real estate and rental and leasing [53],122280,B,43.7417,-79.3733
2023-12,Ontario,Real estate and rental and leasing [53],125204,B,43.7417,-79.3733
2024-01,Ontario,Real estate and rental and leasing [53],121544,B,43.7417,-79.3733
2024-02,Ontario,Real estate and rental and leasing [53],120595,C,43.7417,-79.3733
2018-01,Ontario,"Professional, scientific and technical services [54,541]",389685,A,43.7417,-79.3733
2018-02,Ontario,"Professional, scientific and technical services [54,541]",391055,A,43.7417,-79.3733
2018-03,Ontario,"Professional, scientific and technical services [54,541]",397184,A,43.7417,-79.3733
2018-04,Ontario,"Professional, scientific and technical services [54,541]",398148,A,43.7417,-79.3733
2018-05,Ontario,"Professional, scientific and technical services [54,541]",404608,A,43.7417,-79.3733
2018-06,Ontario,"Professional, scientific and technical services [54,541]",408495,A,43.7417,-79.3733
2018-07,Ontario,"Professional, scientific and technical services [54,541]",407017,A,43.7417,-79.3733
2018-08,Ontario,"Professional, scientific and technical services [54,541]",408044,A,43.7417,-79.3733
2018-09,Ontario,"Professional, scientific and technical services [54,541]",405015,A,43.7417,-79.3733
2018-10,Ontario,"Professional, scientific and technical services [54,541]",406093,A,43.7417,-79.3733
2018-11,Ontario,"Professional, scientific and technical services [54,541]",411676,A,43.7417,-79.3733
2018-12,Ontario,"Professional, scientific and technical services [54,541]",421195,A,43.7417,-79.3733
2019-01,Ontario,"Professional, scientific and technical services [54,541]",414064,A,43.7417,-79.3733
2019-02,Ontario,"Professional, scientific and technical services [54,541]",414038,A,43.7417,-79.3733
2019-03,Ontario,"Professional, scientific and technical services [54,541]",417082,A,43.7417,-79.3733
2019-04,Ontario,"Professional, scientific and technical services [54,541]",418228,A,43.7417,-79.3733
2019-05,Ontario,"Professional, scientific and technical services [54,541]",423233,A,43.7417,-79.3733
2019-06,Ontario,"Professional, scientific and technical services [54,541]",429767,A,43.7417,-79.3733
2019-07,Ontario,"Professional, scientific and technical services [54,541]",434349,A,43.7417,-79.3733
2019-08,Ontario,"Professional, scientific and technical services [54,541]",434283,A,43.7417,-79.3733
2019-09,Ontario,"Professional, scientific and technical services [54,541]",431266,A,43.7417,-79.3733
2019-10,Ontario,"Professional, scientific and technical services [54,541]",431011,A,43.7417,-79.3733
2019-11,Ontario,"Professional, scientific and technical services [54,541]",436089,A,43.7417,-79.3733
2019-12,Ontario,"Professional, scientific and technical services [54,541]",441432,A,43.7417,-79.3733
2020-01,Ontario,"Professional, scientific and technical services [54,541]",434501,A,43.7417,-79.3733
2020-02,Ontario,"Professional, scientific and technical services [54,541]",429932,B,43.7417,-79.3733
2020-03,Ontario,"Professional, scientific and technical services [54,541]",419718,B,43.7417,-79.3733
2020-04,Ontario,"Professional, scientific and technical services [54,541]",402533,B,43.7417,-79.3733
2020-05,Ontario,"Professional, scientific and technical services [54,541]",396219,B,43.7417,-79.3733
2020-06,Ontario,"Professional, scientific and technical services [54,541]",401439,B,43.7417,-79.3733
2020-07,Ontario,"Professional, scientific and technical services [54,541]",404855,B,43.7417,-79.3733
2020-08,Ontario,"Professional, scientific and technical services [54,541]",409933,A,43.7417,-79.3733
2020-09,Ontario,"Professional, scientific and technical services [54,541]",414758,B,43.7417,-79.3733
2020-10,Ontario,"Professional, scientific and technical services [54,541]",420365,B,43.7417,-79.3733
2020-11,Ontario,"Professional, scientific and technical services [54,541]",425539,B,43.7417,-79.3733
2020-12,Ontario,"Professional, scientific and technical services [54,541]",431121,A,43.7417,-79.3733
2021-01,Ontario,"Professional, scientific and technical services [54,541]",430458,B,43.7417,-79.3733
2021-02,Ontario,"Professional, scientific and technical services [54,541]",432365,B,43.7417,-79.3733
2021-03,Ontario,"Professional, scientific and technical services [54,541]",435386,B,43.7417,-79.3733
2021-04,Ontario,"Professional, scientific and technical services [54,541]",438640,B,43.7417,-79.3733
2021-05,Ontario,"Professional, scientific and technical services [54,541]",443080,A,43.7417,-79.3733
2021-06,Ontario,"Professional, scientific and technical services [54,541]",452568,A,43.7417,-79.3733
2021-07,Ontario,"Professional, scientific and technical services [54,541]",458051,B,43.7417,-79.3733
2021-08,Ontario,"Professional, scientific and technical services [54,541]",460495,A,43.7417,-79.3733
2021-09,Ontario,"Professional, scientific and technical services [54,541]",461188,A,43.7417,-79.3733
2021-10,Ontario,"Professional, scientific and technical services [54,541]",466839,B,43.7417,-79.3733
2021-11,Ontario,"Professional, scientific and technical services [54,541]",473045,B,43.7417,-79.3733
2021-12,Ontario,"Professional, scientific and technical services [54,541]",481620,B,43.7417,-79.3733
2022-01,Ontario,"Professional, scientific and technical services [54,541]",483861,B,43.7417,-79.3733
2022-02,Ontario,"Professional, scientific and technical services [54,541]",486652,A,43.7417,-79.3733
2022-03,Ontario,"Professional, scientific and technical services [54,541]",490495,B,43.7417,-79.3733
2022-04,Ontario,"Professional, scientific and technical services [54,541]",492609,B,43.7417,-79.3733
2022-05,Ontario,"Professional, scientific and technical services [54,541]",501928,B,43.7417,-79.3733
2022-06,Ontario,"Professional, scientific and technical services [54,541]",507287,B,43.7417,-79.3733
2022-07,Ontario,"Professional, scientific and technical services [54,541]",509348,B,43.7417,-79.3733
2022-08,Ontario,"Professional, scientific and technical services [54,541]",512155,B,43.7417,-79.3733
2022-09,Ontario,"Professional, scientific and technical services [54,541]",515257,B,43.7417,-79.3733
2022-10,Ontario,"Professional, scientific and technical services [54,541]",517671,B,43.7417,-79.3733
2022-11,Ontario,"Professional, scientific and technical services [54,541]",516807,B,43.7417,-79.3733
2022-12,Ontario,"Professional, scientific and technical services [54,541]",526860,B,43.7417,-79.3733
2023-01,Ontario,"Professional, scientific and technical services [54,541]",520901,A,43.7417,-79.3733
2023-02,Ontario,"Professional, scientific and technical services [54,541]",522756,B,43.7417,-79.3733
2023-03,Ontario,"Professional, scientific and technical services [54,541]",523870,A,43.7417,-79.3733
2023-04,Ontario,"Professional, scientific and technical services [54,541]",523272,B,43.7417,-79.3733
2023-05,Ontario,"Professional, scientific and technical services [54,541]",527734,B,43.7417,-79.3733
2023-06,Ontario,"Professional, scientific and technical services [54,541]",532477,B,43.7417,-79.3733
2023-07,Ontario,"Professional, scientific and technical services [54,541]",530426,B,43.7417,-79.3733
2023-08,Ontario,"Professional, scientific and technical services [54,541]",530536,A,43.7417,-79.3733
2023-09,Ontario,"Professional, scientific and technical services [54,541]",530053,B,43.7417,-79.3733
2023-10,Ontario,"Professional, scientific and technical services [54,541]",531575,B,43.7417,-79.3733
2023-11,Ontario,"Professional, scientific and technical services [54,541]",533289,B,43.7417,-79.3733
2023-12,Ontario,"Professional, scientific and technical services [54,541]",537869,B,43.7417,-79.3733
2024-01,Ontario,"Professional, scientific and technical services [54,541]",533215,B,43.7417,-79.3733
2024-02,Ontario,"Professional, scientific and technical services [54,541]",532807,B,43.7417,-79.3733
2018-01,Ontario,"Management of companies and enterprises [55,551,5511]",34318,A,43.7417,-79.3733
2018-02,Ontario,"Management of companies and enterprises [55,551,5511]",33161,A,43.7417,-79.3733
2018-03,Ontario,"Management of companies and enterprises [55,551,5511]",32407,A,43.7417,-79.3733
2018-04,Ontario,"Management of companies and enterprises [55,551,5511]",32563,A,43.7417,-79.3733
2018-05,Ontario,"Management of companies and enterprises [55,551,5511]",33468,A,43.7417,-79.3733
2018-06,Ontario,"Management of companies and enterprises [55,551,5511]",35099,A,43.7417,-79.3733
2018-07,Ontario,"Management of companies and enterprises [55,551,5511]",35720,A,43.7417,-79.3733
2018-08,Ontario,"Management of companies and enterprises [55,551,5511]",35835,A,43.7417,-79.3733
2018-09,Ontario,"Management of companies and enterprises [55,551,5511]",36918,A,43.7417,-79.3733
2018-10,Ontario,"Management of companies and enterprises [55,551,5511]",36328,A,43.7417,-79.3733
2018-11,Ontario,"Management of companies and enterprises [55,551,5511]",37498,A,43.7417,-79.3733
2018-12,Ontario,"Management of companies and enterprises [55,551,5511]",38020,A,43.7417,-79.3733
2019-01,Ontario,"Management of companies and enterprises [55,551,5511]",36712,A,43.7417,-79.3733
2019-02,Ontario,"Management of companies and enterprises [55,551,5511]",36771,A,43.7417,-79.3733
2019-03,Ontario,"Management of companies and enterprises [55,551,5511]",36881,A,43.7417,-79.3733
2019-04,Ontario,"Management of companies and enterprises [55,551,5511]",37751,A,43.7417,-79.3733
2019-05,Ontario,"Management of companies and enterprises [55,551,5511]",38256,A,43.7417,-79.3733
2019-06,Ontario,"Management of companies and enterprises [55,551,5511]",39698,A,43.7417,-79.3733
2019-07,Ontario,"Management of companies and enterprises [55,551,5511]",38902,A,43.7417,-79.3733
2019-08,Ontario,"Management of companies and enterprises [55,551,5511]",39006,A,43.7417,-79.3733
2019-09,Ontario,"Management of companies and enterprises [55,551,5511]",39735,A,43.7417,-79.3733
2019-10,Ontario,"Management of companies and enterprises [55,551,5511]",38860,A,43.7417,-79.3733
2019-11,Ontario,"Management of companies and enterprises [55,551,5511]",38820,B,43.7417,-79.3733
2019-12,Ontario,"Management of companies and enterprises [55,551,5511]",38821,B,43.7417,-79.3733
2020-01,Ontario,"Management of companies and enterprises [55,551,5511]",39825,A,43.7417,-79.3733
2020-02,Ontario,"Management of companies and enterprises [55,551,5511]",39978,B,43.7417,-79.3733
2020-03,Ontario,"Management of companies and enterprises [55,551,5511]",39438,B,43.7417,-79.3733
2020-04,Ontario,"Management of companies and enterprises [55,551,5511]",39718,B,43.7417,-79.3733
2020-05,Ontario,"Management of companies and enterprises [55,551,5511]",38537,B,43.7417,-79.3733
2020-06,Ontario,"Management of companies and enterprises [55,551,5511]",40089,B,43.7417,-79.3733
2020-07,Ontario,"Management of companies and enterprises [55,551,5511]",37052,B,43.7417,-79.3733
2020-08,Ontario,"Management of companies and enterprises [55,551,5511]",39583,B,43.7417,-79.3733
2020-09,Ontario,"Management of companies and enterprises [55,551,5511]",41903,B,43.7417,-79.3733
2020-10,Ontario,"Management of companies and enterprises [55,551,5511]",45880,B,43.7417,-79.3733
2020-11,Ontario,"Management of companies and enterprises [55,551,5511]",44924,A,43.7417,-79.3733
2020-12,Ontario,"Management of companies and enterprises [55,551,5511]",45363,A,43.7417,-79.3733
2021-01,Ontario,"Management of companies and enterprises [55,551,5511]",45494,B,43.7417,-79.3733
2021-02,Ontario,"Management of companies and enterprises [55,551,5511]",44445,B,43.7417,-79.3733
2021-03,Ontario,"Management of companies and enterprises [55,551,5511]",44084,A,43.7417,-79.3733
2021-04,Ontario,"Management of companies and enterprises [55,551,5511]",44288,A,43.7417,-79.3733
2021-05,Ontario,"Management of companies and enterprises [55,551,5511]",44376,B,43.7417,-79.3733
2021-06,Ontario,"Management of companies and enterprises [55,551,5511]",45390,A,43.7417,-79.3733
2021-07,Ontario,"Management of companies and enterprises [55,551,5511]",45109,A,43.7417,-79.3733
2021-08,Ontario,"Management of companies and enterprises [55,551,5511]",47034,A,43.7417,-79.3733
2021-09,Ontario,"Management of companies and enterprises [55,551,5511]",46636,A,43.7417,-79.3733
2021-10,Ontario,"Management of companies and enterprises [55,551,5511]",46887,A,43.7417,-79.3733
2021-11,Ontario,"Management of companies and enterprises [55,551,5511]",46566,A,43.7417,-79.3733
2021-12,Ontario,"Management of companies and enterprises [55,551,5511]",47560,A,43.7417,-79.3733
2022-01,Ontario,"Management of companies and enterprises [55,551,5511]",47669,B,43.7417,-79.3733
2022-02,Ontario,"Management of companies and enterprises [55,551,5511]",48706,A,43.7417,-79.3733
2022-03,Ontario,"Management of companies and enterprises [55,551,5511]",50530,B,43.7417,-79.3733
2022-04,Ontario,"Management of companies and enterprises [55,551,5511]",46412,A,43.7417,-79.3733
2022-05,Ontario,"Management of companies and enterprises [55,551,5511]",45877,A,43.7417,-79.3733
2022-06,Ontario,"Management of companies and enterprises [55,551,5511]",46485,A,43.7417,-79.3733
2022-07,Ontario,"Management of companies and enterprises [55,551,5511]",46616,B,43.7417,-79.3733
2022-08,Ontario,"Management of companies and enterprises [55,551,5511]",45260,A,43.7417,-79.3733
2022-09,Ontario,"Management of companies and enterprises [55,551,5511]",45835,A,43.7417,-79.3733
2022-10,Ontario,"Management of companies and enterprises [55,551,5511]",46212,B,43.7417,-79.3733
2022-11,Ontario,"Management of companies and enterprises [55,551,5511]",46622,B,43.7417,-79.3733
2022-12,Ontario,"Management of companies and enterprises [55,551,5511]",46846,B,43.7417,-79.3733
2023-01,Ontario,"Management of companies and enterprises [55,551,5511]",47186,B,43.7417,-79.3733
2023-02,Ontario,"Management of companies and enterprises [55,551,5511]",47166,B,43.7417,-79.3733
2023-03,Ontario,"Management of companies and enterprises [55,551,5511]",47200,B,43.7417,-79.3733
2023-04,Ontario,"Management of companies and enterprises [55,551,5511]",47896,B,43.7417,-79.3733
2023-05,Ontario,"Management of companies and enterprises [55,551,5511]",47924,A,43.7417,-79.3733
2023-06,Ontario,"Management of companies and enterprises [55,551,5511]",49060,B,43.7417,-79.3733
2023-07,Ontario,"Management of companies and enterprises [55,551,5511]",48772,B,43.7417,-79.3733
2023-08,Ontario,"Management of companies and enterprises [55,551,5511]",48916,A,43.7417,-79.3733
2023-09,Ontario,"Management of companies and enterprises [55,551,5511]",49513,B,43.7417,-79.3733
2023-10,Ontario,"Management of companies and enterprises [55,551,5511]",46649,B,43.7417,-79.3733
2023-11,Ontario,"Management of companies and enterprises [55,551,5511]",46337,B,43.7417,-79.3733
2023-12,Ontario,"Management of companies and enterprises [55,551,5511]",47556,B,43.7417,-79.3733
2024-01,Ontario,"Management of companies and enterprises [55,551,5511]",46868,B,43.7417,-79.3733
2024-02,Ontario,"Management of companies and enterprises [55,551,5511]",45833,B,43.7417,-79.3733
2018-01,Ontario,"Administrative and support, waste management and remediation services [56]",352970,A,43.7417,-79.3733
2018-02,Ontario,"Administrative and support, waste management and remediation services [56]",352730,A,43.7417,-79.3733
2018-03,Ontario,"Administrative and support, waste management and remediation services [56]",356173,A,43.7417,-79.3733
2018-04,Ontario,"Administrative and support, waste management and remediation services [56]",360578,A,43.7417,-79.3733
2018-05,Ontario,"Administrative and support, waste management and remediation services [56]",372282,A,43.7417,-79.3733
2018-06,Ontario,"Administrative and support, waste management and remediation services [56]",381403,A,43.7417,-79.3733
2018-07,Ontario,"Administrative and support, waste management and remediation services [56]",382234,A,43.7417,-79.3733
2018-08,Ontario,"Administrative and support, waste management and remediation services [56]",385245,A,43.7417,-79.3733
2018-09,Ontario,"Administrative and support, waste management and remediation services [56]",392948,A,43.7417,-79.3733
2018-10,Ontario,"Administrative and support, waste management and remediation services [56]",392456,A,43.7417,-79.3733
2018-11,Ontario,"Administrative and support, waste management and remediation services [56]",396652,A,43.7417,-79.3733
2018-12,Ontario,"Administrative and support, waste management and remediation services [56]",385555,A,43.7417,-79.3733
2019-01,Ontario,"Administrative and support, waste management and remediation services [56]",365401,A,43.7417,-79.3733
2019-02,Ontario,"Administrative and support, waste management and remediation services [56]",368790,A,43.7417,-79.3733
2019-03,Ontario,"Administrative and support, waste management and remediation services [56]",367654,A,43.7417,-79.3733
2019-04,Ontario,"Administrative and support, waste management and remediation services [56]",367649,A,43.7417,-79.3733
2019-05,Ontario,"Administrative and support, waste management and remediation services [56]",381062,A,43.7417,-79.3733
2019-06,Ontario,"Administrative and support, waste management and remediation services [56]",388702,A,43.7417,-79.3733
2019-07,Ontario,"Administrative and support, waste management and remediation services [56]",391016,A,43.7417,-79.3733
2019-08,Ontario,"Administrative and support, waste management and remediation services [56]",393404,A,43.7417,-79.3733
2019-09,Ontario,"Administrative and support, waste management and remediation services [56]",396634,B,43.7417,-79.3733
2019-10,Ontario,"Administrative and support, waste management and remediation services [56]",402154,B,43.7417,-79.3733
2019-11,Ontario,"Administrative and support, waste management and remediation services [56]",401283,B,43.7417,-79.3733
2019-12,Ontario,"Administrative and support, waste management and remediation services [56]",394686,A,43.7417,-79.3733
2020-01,Ontario,"Administrative and support, waste management and remediation services [56]",371827,B,43.7417,-79.3733
2020-02,Ontario,"Administrative and support, waste management and remediation services [56]",371824,B,43.7417,-79.3733
2020-03,Ontario,"Administrative and support, waste management and remediation services [56]",355625,B,43.7417,-79.3733
2020-04,Ontario,"Administrative and support, waste management and remediation services [56]",316234,B,43.7417,-79.3733
2020-05,Ontario,"Administrative and support, waste management and remediation services [56]",307571,B,43.7417,-79.3733
2020-06,Ontario,"Administrative and support, waste management and remediation services [56]",323084,B,43.7417,-79.3733
2020-07,Ontario,"Administrative and support, waste management and remediation services [56]",340241,B,43.7417,-79.3733
2020-08,Ontario,"Administrative and support, waste management and remediation services [56]",345200,B,43.7417,-79.3733
2020-09,Ontario,"Administrative and support, waste management and remediation services [56]",352887,A,43.7417,-79.3733
2020-10,Ontario,"Administrative and support, waste management and remediation services [56]",361283,B,43.7417,-79.3733
2020-11,Ontario,"Administrative and support, waste management and remediation services [56]",360572,B,43.7417,-79.3733
2020-12,Ontario,"Administrative and support, waste management and remediation services [56]",359764,B,43.7417,-79.3733
2021-01,Ontario,"Administrative and support, waste management and remediation services [56]",345164,B,43.7417,-79.3733
2021-02,Ontario,"Administrative and support, waste management and remediation services [56]",343046,B,43.7417,-79.3733
2021-03,Ontario,"Administrative and support, waste management and remediation services [56]",342303,B,43.7417,-79.3733
2021-04,Ontario,"Administrative and support, waste management and remediation services [56]",357225,A,43.7417,-79.3733
2021-05,Ontario,"Administrative and support, waste management and remediation services [56]",361164,B,43.7417,-79.3733
2021-06,Ontario,"Administrative and support, waste management and remediation services [56]",369036,B,43.7417,-79.3733
2021-07,Ontario,"Administrative and support, waste management and remediation services [56]",374700,B,43.7417,-79.3733
2021-08,Ontario,"Administrative and support, waste management and remediation services [56]",373981,B,43.7417,-79.3733
2021-09,Ontario,"Administrative and support, waste management and remediation services [56]",372485,B,43.7417,-79.3733
2021-10,Ontario,"Administrative and support, waste management and remediation services [56]",376171,B,43.7417,-79.3733
2021-11,Ontario,"Administrative and support, waste management and remediation services [56]",376532,B,43.7417,-79.3733
2021-12,Ontario,"Administrative and support, waste management and remediation services [56]",375846,B,43.7417,-79.3733
2022-01,Ontario,"Administrative and support, waste management and remediation services [56]",358185,B,43.7417,-79.3733
2022-02,Ontario,"Administrative and support, waste management and remediation services [56]",359986,B,43.7417,-79.3733
2022-03,Ontario,"Administrative and support, waste management and remediation services [56]",363418,B,43.7417,-79.3733
2022-04,Ontario,"Administrative and support, waste management and remediation services [56]",373720,B,43.7417,-79.3733
2022-05,Ontario,"Administrative and support, waste management and remediation services [56]",377973,B,43.7417,-79.3733
2022-06,Ontario,"Administrative and support, waste management and remediation services [56]",387084,C,43.7417,-79.3733
2022-07,Ontario,"Administrative and support, waste management and remediation services [56]",388183,B,43.7417,-79.3733
2022-08,Ontario,"Administrative and support, waste management and remediation services [56]",389524,B,43.7417,-79.3733
2022-09,Ontario,"Administrative and support, waste management and remediation services [56]",393168,B,43.7417,-79.3733
2022-10,Ontario,"Administrative and support, waste management and remediation services [56]",392489,B,43.7417,-79.3733
2022-11,Ontario,"Administrative and support, waste management and remediation services [56]",393026,B,43.7417,-79.3733
2022-12,Ontario,"Administrative and support, waste management and remediation services [56]",391336,B,43.7417,-79.3733
2023-01,Ontario,"Administrative and support, waste management and remediation services [56]",375305,B,43.7417,-79.3733
2023-02,Ontario,"Administrative and support, waste management and remediation services [56]",370699,B,43.7417,-79.3733
2023-03,Ontario,"Administrative and support, waste management and remediation services [56]",372826,B,43.7417,-79.3733
2023-04,Ontario,"Administrative and support, waste management and remediation services [56]",376532,B,43.7417,-79.3733
2023-05,Ontario,"Administrative and support, waste management and remediation services [56]",379959,B,43.7417,-79.3733
2023-06,Ontario,"Administrative and support, waste management and remediation services [56]",386361,B,43.7417,-79.3733
2023-07,Ontario,"Administrative and support, waste management and remediation services [56]",385114,B,43.7417,-79.3733
2023-08,Ontario,"Administrative and support, waste management and remediation services [56]",386419,B,43.7417,-79.3733
2023-09,Ontario,"Administrative and support, waste management and remediation services [56]",388772,B,43.7417,-79.3733
2023-10,Ontario,"Administrative and support, waste management and remediation services [56]",384077,B,43.7417,-79.3733
2023-11,Ontario,"Administrative and support, waste management and remediation services [56]",384889,B,43.7417,-79.3733
2023-12,Ontario,"Administrative and support, waste management and remediation services [56]",384364,B,43.7417,-79.3733
2024-01,Ontario,"Administrative and support, waste management and remediation services [56]",367038,B,43.7417,-79.3733
2024-02,Ontario,"Administrative and support, waste management and remediation services [56]",360623,B,43.7417,-79.3733
2018-01,Ontario,"Educational services [61,611]",512390,A,43.7417,-79.3733
2018-02,Ontario,"Educational services [61,611]",530571,A,43.7417,-79.3733
2018-03,Ontario,"Educational services [61,611]",534854,A,43.7417,-79.3733
2018-04,Ontario,"Educational services [61,611]",534195,A,43.7417,-79.3733
2018-05,Ontario,"Educational services [61,611]",513449,A,43.7417,-79.3733
2018-06,Ontario,"Educational services [61,611]",505939,A,43.7417,-79.3733
2018-07,Ontario,"Educational services [61,611]",397938,A,43.7417,-79.3733
2018-08,Ontario,"Educational services [61,611]",351171,A,43.7417,-79.3733
2018-09,Ontario,"Educational services [61,611]",481962,A,43.7417,-79.3733
2018-10,Ontario,"Educational services [61,611]",541983,A,43.7417,-79.3733
2018-11,Ontario,"Educational services [61,611]",547669,A,43.7417,-79.3733
2018-12,Ontario,"Educational services [61,611]",546835,A,43.7417,-79.3733
2019-01,Ontario,"Educational services [61,611]",522681,A,43.7417,-79.3733
2019-02,Ontario,"Educational services [61,611]",545363,A,43.7417,-79.3733
2019-03,Ontario,"Educational services [61,611]",553146,A,43.7417,-79.3733
2019-04,Ontario,"Educational services [61,611]",554046,A,43.7417,-79.3733
2019-05,Ontario,"Educational services [61,611]",526157,A,43.7417,-79.3733
2019-06,Ontario,"Educational services [61,611]",518672,A,43.7417,-79.3733
2019-07,Ontario,"Educational services [61,611]",409905,A,43.7417,-79.3733
2019-08,Ontario,"Educational services [61,611]",358915,A,43.7417,-79.3733
2019-09,Ontario,"Educational services [61,611]",494626,A,43.7417,-79.3733
2019-10,Ontario,"Educational services [61,611]",550139,B,43.7417,-79.3733
2019-11,Ontario,"Educational services [61,611]",560631,B,43.7417,-79.3733
2019-12,Ontario,"Educational services [61,611]",557081,A,43.7417,-79.3733
2020-01,Ontario,"Educational services [61,611]",534866,B,43.7417,-79.3733
2020-02,Ontario,"Educational services [61,611]",553843,B,43.7417,-79.3733
2020-03,Ontario,"Educational services [61,611]",549555,A,43.7417,-79.3733
2020-04,Ontario,"Educational services [61,611]",513538,A,43.7417,-79.3733
2020-05,Ontario,"Educational services [61,611]",447736,A,43.7417,-79.3733
2020-06,Ontario,"Educational services [61,611]",436793,B,43.7417,-79.3733
2020-07,Ontario,"Educational services [61,611]",372530,A,43.7417,-79.3733
2020-08,Ontario,"Educational services [61,611]",336167,B,43.7417,-79.3733
2020-09,Ontario,"Educational services [61,611]",458753,A,43.7417,-79.3733
2020-10,Ontario,"Educational services [61,611]",516728,A,43.7417,-79.3733
2020-11,Ontario,"Educational services [61,611]",527719,A,43.7417,-79.3733
2020-12,Ontario,"Educational services [61,611]",536876,A,43.7417,-79.3733
2021-01,Ontario,"Educational services [61,611]",502211,A,43.7417,-79.3733
2021-02,Ontario,"Educational services [61,611]",516976,B,43.7417,-79.3733
2021-03,Ontario,"Educational services [61,611]",539174,A,43.7417,-79.3733
2021-04,Ontario,"Educational services [61,611]",536061,A,43.7417,-79.3733
2021-05,Ontario,"Educational services [61,611]",486644,A,43.7417,-79.3733
2021-06,Ontario,"Educational services [61,611]",491085,A,43.7417,-79.3733
2021-07,Ontario,"Educational services [61,611]",402294,B,43.7417,-79.3733
2021-08,Ontario,"Educational services [61,611]",358810,A,43.7417,-79.3733
2021-09,Ontario,"Educational services [61,611]",489960,A,43.7417,-79.3733
2021-10,Ontario,"Educational services [61,611]",540090,A,43.7417,-79.3733
2021-11,Ontario,"Educational services [61,611]",556992,B,43.7417,-79.3733
2021-12,Ontario,"Educational services [61,611]",567160,A,43.7417,-79.3733
2022-01,Ontario,"Educational services [61,611]",532126,B,43.7417,-79.3733
2022-02,Ontario,"Educational services [61,611]",562452,B,43.7417,-79.3733
2022-03,Ontario,"Educational services [61,611]",563202,B,43.7417,-79.3733
2022-04,Ontario,"Educational services [61,611]",570779,A,43.7417,-79.3733
2022-05,Ontario,"Educational services [61,611]",534772,A,43.7417,-79.3733
2022-06,Ontario,"Educational services [61,611]",540568,B,43.7417,-79.3733
2022-07,Ontario,"Educational services [61,611]",434014,B,43.7417,-79.3733
2022-08,Ontario,"Educational services [61,611]",380656,A,43.7417,-79.3733
2022-09,Ontario,"Educational services [61,611]",515792,A,43.7417,-79.3733
2022-10,Ontario,"Educational services [61,611]",567305,B,43.7417,-79.3733
2022-11,Ontario,"Educational services [61,611]",577089,A,43.7417,-79.3733
2022-12,Ontario,"Educational services [61,611]",583426,A,43.7417,-79.3733
2023-01,Ontario,"Educational services [61,611]",548755,B,43.7417,-79.3733
2023-02,Ontario,"Educational services [61,611]",579647,B,43.7417,-79.3733
2023-03,Ontario,"Educational services [61,611]",587974,A,43.7417,-79.3733
2023-04,Ontario,"Educational services [61,611]",588136,A,43.7417,-79.3733
2023-05,Ontario,"Educational services [61,611]",560742,A,43.7417,-79.3733
2023-06,Ontario,"Educational services [61,611]",562239,A,43.7417,-79.3733
2023-07,Ontario,"Educational services [61,611]",451217,A,43.7417,-79.3733
2023-08,Ontario,"Educational services [61,611]",392311,B,43.7417,-79.3733
2023-09,Ontario,"Educational services [61,611]",540487,A,43.7417,-79.3733
2023-10,Ontario,"Educational services [61,611]",587741,B,43.7417,-79.3733
2023-11,Ontario,"Educational services [61,611]",598152,A,43.7417,-79.3733
2023-12,Ontario,"Educational services [61,611]",599982,A,43.7417,-79.3733
2024-01,Ontario,"Educational services [61,611]",558020,A,43.7417,-79.3733
2024-02,Ontario,"Educational services [61,611]",591443,A,43.7417,-79.3733
2018-01,Ontario,Health care and social assistance [62],715095,A,43.7417,-79.3733
2018-02,Ontario,Health care and social assistance [62],708137,A,43.7417,-79.3733
2018-03,Ontario,Health care and social assistance [62],711927,A,43.7417,-79.3733
2018-04,Ontario,Health care and social assistance [62],715778,A,43.7417,-79.3733
2018-05,Ontario,Health care and social assistance [62],719238,A,43.7417,-79.3733
2018-06,Ontario,Health care and social assistance [62],724818,A,43.7417,-79.3733
2018-07,Ontario,Health care and social assistance [62],728059,A,43.7417,-79.3733
2018-08,Ontario,Health care and social assistance [62],732741,A,43.7417,-79.3733
2018-09,Ontario,Health care and social assistance [62],732960,A,43.7417,-79.3733
2018-10,Ontario,Health care and social assistance [62],734504,A,43.7417,-79.3733
2018-11,Ontario,Health care and social assistance [62],734587,A,43.7417,-79.3733
2018-12,Ontario,Health care and social assistance [62],738819,A,43.7417,-79.3733
2019-01,Ontario,Health care and social assistance [62],735199,A,43.7417,-79.3733
2019-02,Ontario,Health care and social assistance [62],730973,A,43.7417,-79.3733
2019-03,Ontario,Health care and social assistance [62],732887,A,43.7417,-79.3733
2019-04,Ontario,Health care and social assistance [62],728528,A,43.7417,-79.3733
2019-05,Ontario,Health care and social assistance [62],735631,A,43.7417,-79.3733
2019-06,Ontario,Health care and social assistance [62],743441,A,43.7417,-79.3733
2019-07,Ontario,Health care and social assistance [62],747896,A,43.7417,-79.3733
2019-08,Ontario,Health care and social assistance [62],747220,A,43.7417,-79.3733
2019-09,Ontario,Health care and social assistance [62],745847,A,43.7417,-79.3733
2019-10,Ontario,Health care and social assistance [62],744779,A,43.7417,-79.3733
2019-11,Ontario,Health care and social assistance [62],749555,A,43.7417,-79.3733
2019-12,Ontario,Health care and social assistance [62],755283,A,43.7417,-79.3733
2020-01,Ontario,Health care and social assistance [62],751395,B,43.7417,-79.3733
2020-02,Ontario,Health care and social assistance [62],747122,B,43.7417,-79.3733
2020-03,Ontario,Health care and social assistance [62],724101,B,43.7417,-79.3733
2020-04,Ontario,Health care and social assistance [62],659749,B,43.7417,-79.3733
2020-05,Ontario,Health care and social assistance [62],624601,B,43.7417,-79.3733
2020-06,Ontario,Health care and social assistance [62],655266,A,43.7417,-79.3733
2020-07,Ontario,Health care and social assistance [62],693774,B,43.7417,-79.3733
2020-08,Ontario,Health care and social assistance [62],703939,A,43.7417,-79.3733
2020-09,Ontario,Health care and social assistance [62],718609,A,43.7417,-79.3733
2020-10,Ontario,Health care and social assistance [62],714965,A,43.7417,-79.3733
2020-11,Ontario,Health care and social assistance [62],720421,A,43.7417,-79.3733
2020-12,Ontario,Health care and social assistance [62],730127,A,43.7417,-79.3733
2021-01,Ontario,Health care and social assistance [62],727983,A,43.7417,-79.3733
2021-02,Ontario,Health care and social assistance [62],726271,A,43.7417,-79.3733
2021-03,Ontario,Health care and social assistance [62],732927,A,43.7417,-79.3733
2021-04,Ontario,Health care and social assistance [62],743689,A,43.7417,-79.3733
2021-05,Ontario,Health care and social assistance [62],740527,A,43.7417,-79.3733
2021-06,Ontario,Health care and social assistance [62],751017,A,43.7417,-79.3733
2021-07,Ontario,Health care and social assistance [62],766508,A,43.7417,-79.3733
2021-08,Ontario,Health care and social assistance [62],760177,A,43.7417,-79.3733
2021-09,Ontario,Health care and social assistance [62],761994,A,43.7417,-79.3733
2021-10,Ontario,Health care and social assistance [62],763803,A,43.7417,-79.3733
2021-11,Ontario,Health care and social assistance [62],767325,A,43.7417,-79.3733
2021-12,Ontario,Health care and social assistance [62],776089,A,43.7417,-79.3733
2022-01,Ontario,Health care and social assistance [62],769718,B,43.7417,-79.3733
2022-02,Ontario,Health care and social assistance [62],769948,A,43.7417,-79.3733
2022-03,Ontario,Health care and social assistance [62],770980,A,43.7417,-79.3733
2022-04,Ontario,Health care and social assistance [62],783601,A,43.7417,-79.3733
2022-05,Ontario,Health care and social assistance [62],785346,B,43.7417,-79.3733
2022-06,Ontario,Health care and social assistance [62],797394,B,43.7417,-79.3733
2022-07,Ontario,Health care and social assistance [62],800480,B,43.7417,-79.3733
2022-08,Ontario,Health care and social assistance [62],795466,A,43.7417,-79.3733
2022-09,Ontario,Health care and social assistance [62],798284,A,43.7417,-79.3733
2022-10,Ontario,Health care and social assistance [62],794306,A,43.7417,-79.3733
2022-11,Ontario,Health care and social assistance [62],797340,B,43.7417,-79.3733
2022-12,Ontario,Health care and social assistance [62],808871,B,43.7417,-79.3733
2023-01,Ontario,Health care and social assistance [62],800602,B,43.7417,-79.3733
2023-02,Ontario,Health care and social assistance [62],797000,B,43.7417,-79.3733
2023-03,Ontario,Health care and social assistance [62],802602,B,43.7417,-79.3733
2023-04,Ontario,Health care and social assistance [62],801516,B,43.7417,-79.3733
2023-05,Ontario,Health care and social assistance [62],806312,B,43.7417,-79.3733
2023-06,Ontario,Health care and social assistance [62],819551,B,43.7417,-79.3733
2023-07,Ontario,Health care and social assistance [62],826200,B,43.7417,-79.3733
2023-08,Ontario,Health care and social assistance [62],823933,B,43.7417,-79.3733
2023-09,Ontario,Health care and social assistance [62],831339,B,43.7417,-79.3733
2023-10,Ontario,Health care and social assistance [62],832481,B,43.7417,-79.3733
2023-11,Ontario,Health care and social assistance [62],833498,B,43.7417,-79.3733
2023-12,Ontario,Health care and social assistance [62],841452,B,43.7417,-79.3733
2024-01,Ontario,Health care and social assistance [62],837516,B,43.7417,-79.3733
2024-02,Ontario,Health care and social assistance [62],829013,B,43.7417,-79.3733
2018-01,Ontario,"Arts, entertainment and recreation [71]",102088,A,43.7417,-79.3733
2018-02,Ontario,"Arts, entertainment and recreation [71]",102120,A,43.7417,-79.3733
2018-03,Ontario,"Arts, entertainment and recreation [71]",103234,A,43.7417,-79.3733
2018-04,Ontario,"Arts, entertainment and recreation [71]",106074,A,43.7417,-79.3733
2018-05,Ontario,"Arts, entertainment and recreation [71]",119955,A,43.7417,-79.3733
2018-06,Ontario,"Arts, entertainment and recreation [71]",125892,A,43.7417,-79.3733
2018-07,Ontario,"Arts, entertainment and recreation [71]",130028,A,43.7417,-79.3733
2018-08,Ontario,"Arts, entertainment and recreation [71]",127860,A,43.7417,-79.3733
2018-09,Ontario,"Arts, entertainment and recreation [71]",125379,A,43.7417,-79.3733
2018-10,Ontario,"Arts, entertainment and recreation [71]",118560,A,43.7417,-79.3733
2018-11,Ontario,"Arts, entertainment and recreation [71]",111092,A,43.7417,-79.3733
2018-12,Ontario,"Arts, entertainment and recreation [71]",106000,A,43.7417,-79.3733
2019-01,Ontario,"Arts, entertainment and recreation [71]",104140,A,43.7417,-79.3733
2019-02,Ontario,"Arts, entertainment and recreation [71]",102827,A,43.7417,-79.3733
2019-03,Ontario,"Arts, entertainment and recreation [71]",106194,A,43.7417,-79.3733
2019-04,Ontario,"Arts, entertainment and recreation [71]",108927,A,43.7417,-79.3733
2019-05,Ontario,"Arts, entertainment and recreation [71]",124187,A,43.7417,-79.3733
2019-06,Ontario,"Arts, entertainment and recreation [71]",130307,A,43.7417,-79.3733
2019-07,Ontario,"Arts, entertainment and recreation [71]",134588,A,43.7417,-79.3733
2019-08,Ontario,"Arts, entertainment and recreation [71]",134009,A,43.7417,-79.3733
2019-09,Ontario,"Arts, entertainment and recreation [71]",130359,B,43.7417,-79.3733
2019-10,Ontario,"Arts, entertainment and recreation [71]",125043,B,43.7417,-79.3733
2019-11,Ontario,"Arts, entertainment and recreation [71]",117020,A,43.7417,-79.3733
2019-12,Ontario,"Arts, entertainment and recreation [71]",111836,B,43.7417,-79.3733
2020-01,Ontario,"Arts, entertainment and recreation [71]",109214,B,43.7417,-79.3733
2020-02,Ontario,"Arts, entertainment and recreation [71]",109461,A,43.7417,-79.3733
2020-03,Ontario,"Arts, entertainment and recreation [71]",100470,B,43.7417,-79.3733
2020-04,Ontario,"Arts, entertainment and recreation [71]",60837,B,43.7417,-79.3733
2020-05,Ontario,"Arts, entertainment and recreation [71]",58040,B,43.7417,-79.3733
2020-06,Ontario,"Arts, entertainment and recreation [71]",67804,A,43.7417,-79.3733
2020-07,Ontario,"Arts, entertainment and recreation [71]",82269,B,43.7417,-79.3733
2020-08,Ontario,"Arts, entertainment and recreation [71]",87821,B,43.7417,-79.3733
2020-09,Ontario,"Arts, entertainment and recreation [71]",91701,B,43.7417,-79.3733
2020-10,Ontario,"Arts, entertainment and recreation [71]",90605,B,43.7417,-79.3733
2020-11,Ontario,"Arts, entertainment and recreation [71]",79517,A,43.7417,-79.3733
2020-12,Ontario,"Arts, entertainment and recreation [71]",73846,B,43.7417,-79.3733
2021-01,Ontario,"Arts, entertainment and recreation [71]",55678,B,43.7417,-79.3733
2021-02,Ontario,"Arts, entertainment and recreation [71]",53935,B,43.7417,-79.3733
2021-03,Ontario,"Arts, entertainment and recreation [71]",63592,B,43.7417,-79.3733
2021-04,Ontario,"Arts, entertainment and recreation [71]",69851,A,43.7417,-79.3733
2021-05,Ontario,"Arts, entertainment and recreation [71]",62462,A,43.7417,-79.3733
2021-06,Ontario,"Arts, entertainment and recreation [71]",76230,A,43.7417,-79.3733
2021-07,Ontario,"Arts, entertainment and recreation [71]",94043,B,43.7417,-79.3733
2021-08,Ontario,"Arts, entertainment and recreation [71]",103223,A,43.7417,-79.3733
2021-09,Ontario,"Arts, entertainment and recreation [71]",104059,A,43.7417,-79.3733
2021-10,Ontario,"Arts, entertainment and recreation [71]",101263,A,43.7417,-79.3733
2021-11,Ontario,"Arts, entertainment and recreation [71]",95446,A,43.7417,-79.3733
2021-12,Ontario,"Arts, entertainment and recreation [71]",92124,B,43.7417,-79.3733
2022-01,Ontario,"Arts, entertainment and recreation [71]",83818,B,43.7417,-79.3733
2022-02,Ontario,"Arts, entertainment and recreation [71]",85557,A,43.7417,-79.3733
2022-03,Ontario,"Arts, entertainment and recreation [71]",90378,B,43.7417,-79.3733
2022-04,Ontario,"Arts, entertainment and recreation [71]",99059,A,43.7417,-79.3733
2022-05,Ontario,"Arts, entertainment and recreation [71]",111807,A,43.7417,-79.3733
2022-06,Ontario,"Arts, entertainment and recreation [71]",121636,C,43.7417,-79.3733
2022-07,Ontario,"Arts, entertainment and recreation [71]",126391,B,43.7417,-79.3733
2022-08,Ontario,"Arts, entertainment and recreation [71]",127249,B,43.7417,-79.3733
2022-09,Ontario,"Arts, entertainment and recreation [71]",126374,A,43.7417,-79.3733
2022-10,Ontario,"Arts, entertainment and recreation [71]",115124,B,43.7417,-79.3733
2022-11,Ontario,"Arts, entertainment and recreation [71]",108263,B,43.7417,-79.3733
2022-12,Ontario,"Arts, entertainment and recreation [71]",105353,B,43.7417,-79.3733
2023-01,Ontario,"Arts, entertainment and recreation [71]",101638,B,43.7417,-79.3733
2023-02,Ontario,"Arts, entertainment and recreation [71]",101696,B,43.7417,-79.3733
2023-03,Ontario,"Arts, entertainment and recreation [71]",103996,B,43.7417,-79.3733
2023-04,Ontario,"Arts, entertainment and recreation [71]",108126,B,43.7417,-79.3733
2023-05,Ontario,"Arts, entertainment and recreation [71]",122024,B,43.7417,-79.3733
2023-06,Ontario,"Arts, entertainment and recreation [71]",131102,B,43.7417,-79.3733
2023-07,Ontario,"Arts, entertainment and recreation [71]",136356,B,43.7417,-79.3733
2023-08,Ontario,"Arts, entertainment and recreation [71]",136517,B,43.7417,-79.3733
2023-09,Ontario,"Arts, entertainment and recreation [71]",131875,B,43.7417,-79.3733
2023-10,Ontario,"Arts, entertainment and recreation [71]",123967,A,43.7417,-79.3733
2023-11,Ontario,"Arts, entertainment and recreation [71]",114555,A,43.7417,-79.3733
2023-12,Ontario,"Arts, entertainment and recreation [71]",110445,B,43.7417,-79.3733
2024-01,Ontario,"Arts, entertainment and recreation [71]",103838,B,43.7417,-79.3733
2024-02,Ontario,"Arts, entertainment and recreation [71]",103837,A,43.7417,-79.3733
2018-01,Ontario,Accommodation and food services [72],473743,A,43.7417,-79.3733
2018-02,Ontario,Accommodation and food services [72],468819,A,43.7417,-79.3733
2018-03,Ontario,Accommodation and food services [72],473781,A,43.7417,-79.3733
2018-04,Ontario,Accommodation and food services [72],477704,A,43.7417,-79.3733
2018-05,Ontario,Accommodation and food services [72],492732,A,43.7417,-79.3733
2018-06,Ontario,Accommodation and food services [72],505281,A,43.7417,-79.3733
2018-07,Ontario,Accommodation and food services [72],505097,A,43.7417,-79.3733
2018-08,Ontario,Accommodation and food services [72],507437,A,43.7417,-79.3733
2018-09,Ontario,Accommodation and food services [72],506332,A,43.7417,-79.3733
2018-10,Ontario,Accommodation and food services [72],498820,A,43.7417,-79.3733
2018-11,Ontario,Accommodation and food services [72],491823,A,43.7417,-79.3733
2018-12,Ontario,Accommodation and food services [72],493866,A,43.7417,-79.3733
2019-01,Ontario,Accommodation and food services [72],483197,A,43.7417,-79.3733
2019-02,Ontario,Accommodation and food services [72],478433,A,43.7417,-79.3733
2019-03,Ontario,Accommodation and food services [72],483425,A,43.7417,-79.3733
2019-04,Ontario,Accommodation and food services [72],486082,A,43.7417,-79.3733
2019-05,Ontario,Accommodation and food services [72],501057,A,43.7417,-79.3733
2019-06,Ontario,Accommodation and food services [72],510851,A,43.7417,-79.3733
2019-07,Ontario,Accommodation and food services [72],518355,A,43.7417,-79.3733
2019-08,Ontario,Accommodation and food services [72],518681,A,43.7417,-79.3733
2019-09,Ontario,Accommodation and food services [72],514748,B,43.7417,-79.3733
2019-10,Ontario,Accommodation and food services [72],504054,B,43.7417,-79.3733
2019-11,Ontario,Accommodation and food services [72],496687,B,43.7417,-79.3733
2019-12,Ontario,Accommodation and food services [72],498187,A,43.7417,-79.3733
2020-01,Ontario,Accommodation and food services [72],486391,B,43.7417,-79.3733
2020-02,Ontario,Accommodation and food services [72],479044,B,43.7417,-79.3733
2020-03,Ontario,Accommodation and food services [72],406443,B,43.7417,-79.3733
2020-04,Ontario,Accommodation and food services [72],249730,B,43.7417,-79.3733
2020-05,Ontario,Accommodation and food services [72],209978,B,43.7417,-79.3733
2020-06,Ontario,Accommodation and food services [72],253708,B,43.7417,-79.3733
2020-07,Ontario,Accommodation and food services [72],316312,B,43.7417,-79.3733
2020-08,Ontario,Accommodation and food services [72],353776,B,43.7417,-79.3733
2020-09,Ontario,Accommodation and food services [72],375316,B,43.7417,-79.3733
2020-10,Ontario,Accommodation and food services [72],372969,B,43.7417,-79.3733
2020-11,Ontario,Accommodation and food services [72],352540,B,43.7417,-79.3733
2020-12,Ontario,Accommodation and food services [72],340169,B,43.7417,-79.3733
2021-01,Ontario,Accommodation and food services [72],307489,B,43.7417,-79.3733
2021-02,Ontario,Accommodation and food services [72],296877,B,43.7417,-79.3733
2021-03,Ontario,Accommodation and food services [72],321473,B,43.7417,-79.3733
2021-04,Ontario,Accommodation and food services [72],330106,B,43.7417,-79.3733
2021-05,Ontario,Accommodation and food services [72],308212,B,43.7417,-79.3733
2021-06,Ontario,Accommodation and food services [72],347481,B,43.7417,-79.3733
2021-07,Ontario,Accommodation and food services [72],394598,B,43.7417,-79.3733
2021-08,Ontario,Accommodation and food services [72],422775,B,43.7417,-79.3733
2021-09,Ontario,Accommodation and food services [72],430449,B,43.7417,-79.3733
2021-10,Ontario,Accommodation and food services [72],430153,B,43.7417,-79.3733
2021-11,Ontario,Accommodation and food services [72],426663,B,43.7417,-79.3733
2021-12,Ontario,Accommodation and food services [72],425652,B,43.7417,-79.3733
2022-01,Ontario,Accommodation and food services [72],389054,B,43.7417,-79.3733
2022-02,Ontario,Accommodation and food services [72],394462,B,43.7417,-79.3733
2022-03,Ontario,Accommodation and food services [72],415079,B,43.7417,-79.3733
2022-04,Ontario,Accommodation and food services [72],434412,B,43.7417,-79.3733
2022-05,Ontario,Accommodation and food services [72],456191,B,43.7417,-79.3733
2022-06,Ontario,Accommodation and food services [72],476301,C,43.7417,-79.3733
2022-07,Ontario,Accommodation and food services [72],485381,C,43.7417,-79.3733
2022-08,Ontario,Accommodation and food services [72],486921,B,43.7417,-79.3733
2022-09,Ontario,Accommodation and food services [72],489015,B,43.7417,-79.3733
2022-10,Ontario,Accommodation and food services [72],477884,B,43.7417,-79.3733
2022-11,Ontario,Accommodation and food services [72],471856,B,43.7417,-79.3733
2022-12,Ontario,Accommodation and food services [72],472028,B,43.7417,-79.3733
2023-01,Ontario,Accommodation and food services [72],458720,B,43.7417,-79.3733
2023-02,Ontario,Accommodation and food services [72],455388,B,43.7417,-79.3733
2023-03,Ontario,Accommodation and food services [72],459972,B,43.7417,-79.3733
2023-04,Ontario,Accommodation and food services [72],467453,B,43.7417,-79.3733
2023-05,Ontario,Accommodation and food services [72],482937,B,43.7417,-79.3733
2023-06,Ontario,Accommodation and food services [72],499546,B,43.7417,-79.3733
2023-07,Ontario,Accommodation and food services [72],501666,B,43.7417,-79.3733
2023-08,Ontario,Accommodation and food services [72],501070,B,43.7417,-79.3733
2023-09,Ontario,Accommodation and food services [72],499635,B,43.7417,-79.3733
2023-10,Ontario,Accommodation and food services [72],486718,B,43.7417,-79.3733
2023-11,Ontario,Accommodation and food services [72],475987,B,43.7417,-79.3733
2023-12,Ontario,Accommodation and food services [72],472795,B,43.7417,-79.3733
2024-01,Ontario,Accommodation and food services [72],464154,B,43.7417,-79.3733
2024-02,Ontario,Accommodation and food services [72],454134,B,43.7417,-79.3733
2018-01,Ontario,Other services (except public administration) [81],196298,A,43.7417,-79.3733
2018-02,Ontario,Other services (except public administration) [81],195969,A,43.7417,-79.3733
2018-03,Ontario,Other services (except public administration) [81],196604,A,43.7417,-79.3733
2018-04,Ontario,Other services (except public administration) [81],196044,A,43.7417,-79.3733
2018-05,Ontario,Other services (except public administration) [81],199412,A,43.7417,-79.3733
2018-06,Ontario,Other services (except public administration) [81],201533,A,43.7417,-79.3733
2018-07,Ontario,Other services (except public administration) [81],202441,A,43.7417,-79.3733
2018-08,Ontario,Other services (except public administration) [81],201520,A,43.7417,-79.3733
2018-09,Ontario,Other services (except public administration) [81],201609,A,43.7417,-79.3733
2018-10,Ontario,Other services (except public administration) [81],202403,A,43.7417,-79.3733
2018-11,Ontario,Other services (except public administration) [81],203051,A,43.7417,-79.3733
2018-12,Ontario,Other services (except public administration) [81],204297,A,43.7417,-79.3733
2019-01,Ontario,Other services (except public administration) [81],199142,A,43.7417,-79.3733
2019-02,Ontario,Other services (except public administration) [81],198728,A,43.7417,-79.3733
2019-03,Ontario,Other services (except public administration) [81],200364,A,43.7417,-79.3733
2019-04,Ontario,Other services (except public administration) [81],200566,A,43.7417,-79.3733
2019-05,Ontario,Other services (except public administration) [81],201083,A,43.7417,-79.3733
2019-06,Ontario,Other services (except public administration) [81],203303,A,43.7417,-79.3733
2019-07,Ontario,Other services (except public administration) [81],205026,A,43.7417,-79.3733
2019-08,Ontario,Other services (except public administration) [81],203804,A,43.7417,-79.3733
2019-09,Ontario,Other services (except public administration) [81],203980,C,43.7417,-79.3733
2019-10,Ontario,Other services (except public administration) [81],203115,B,43.7417,-79.3733
2019-11,Ontario,Other services (except public administration) [81],203291,A,43.7417,-79.3733
2019-12,Ontario,Other services (except public administration) [81],204617,A,43.7417,-79.3733
2020-01,Ontario,Other services (except public administration) [81],199129,A,43.7417,-79.3733
2020-02,Ontario,Other services (except public administration) [81],196593,B,43.7417,-79.3733
2020-03,Ontario,Other services (except public administration) [81],181231,B,43.7417,-79.3733
2020-04,Ontario,Other services (except public administration) [81],144150,B,43.7417,-79.3733
2020-05,Ontario,Other services (except public administration) [81],130247,B,43.7417,-79.3733
2020-06,Ontario,Other services (except public administration) [81],143278,A,43.7417,-79.3733
2020-07,Ontario,Other services (except public administration) [81],162897,B,43.7417,-79.3733
2020-08,Ontario,Other services (except public administration) [81],167210,A,43.7417,-79.3733
2020-09,Ontario,Other services (except public administration) [81],172871,B,43.7417,-79.3733
2020-10,Ontario,Other services (except public administration) [81],174690,B,43.7417,-79.3733
2020-11,Ontario,Other services (except public administration) [81],176145,A,43.7417,-79.3733
2020-12,Ontario,Other services (except public administration) [81],176478,B,43.7417,-79.3733
2021-01,Ontario,Other services (except public administration) [81],159160,A,43.7417,-79.3733
2021-02,Ontario,Other services (except public administration) [81],156784,A,43.7417,-79.3733
2021-03,Ontario,Other services (except public administration) [81],165412,B,43.7417,-79.3733
2021-04,Ontario,Other services (except public administration) [81],164681,B,43.7417,-79.3733
2021-05,Ontario,Other services (except public administration) [81],154036,B,43.7417,-79.3733
2021-06,Ontario,Other services (except public administration) [81],154952,A,43.7417,-79.3733
2021-07,Ontario,Other services (except public administration) [81],179346,A,43.7417,-79.3733
2021-08,Ontario,Other services (except public administration) [81],182204,B,43.7417,-79.3733
2021-09,Ontario,Other services (except public administration) [81],185652,B,43.7417,-79.3733
2021-10,Ontario,Other services (except public administration) [81],187787,B,43.7417,-79.3733
2021-11,Ontario,Other services (except public administration) [81],188486,B,43.7417,-79.3733
2021-12,Ontario,Other services (except public administration) [81],191988,A,43.7417,-79.3733
2022-01,Ontario,Other services (except public administration) [81],186310,A,43.7417,-79.3733
2022-02,Ontario,Other services (except public administration) [81],185340,A,43.7417,-79.3733
2022-03,Ontario,Other services (except public administration) [81],186221,B,43.7417,-79.3733
2022-04,Ontario,Other services (except public administration) [81],187977,B,43.7417,-79.3733
2022-05,Ontario,Other services (except public administration) [81],190519,B,43.7417,-79.3733
2022-06,Ontario,Other services (except public administration) [81],195126,B,43.7417,-79.3733
2022-07,Ontario,Other services (except public administration) [81],197070,B,43.7417,-79.3733
2022-08,Ontario,Other services (except public administration) [81],196976,A,43.7417,-79.3733
2022-09,Ontario,Other services (except public administration) [81],198285,B,43.7417,-79.3733
2022-10,Ontario,Other services (except public administration) [81],197660,B,43.7417,-79.3733
2022-11,Ontario,Other services (except public administration) [81],198290,B,43.7417,-79.3733
2022-12,Ontario,Other services (except public administration) [81],201372,B,43.7417,-79.3733
2023-01,Ontario,Other services (except public administration) [81],197780,B,43.7417,-79.3733
2023-02,Ontario,Other services (except public administration) [81],196206,A,43.7417,-79.3733
2023-03,Ontario,Other services (except public administration) [81],196339,B,43.7417,-79.3733
2023-04,Ontario,Other services (except public administration) [81],197695,B,43.7417,-79.3733
2023-05,Ontario,Other services (except public administration) [81],199038,B,43.7417,-79.3733
2023-06,Ontario,Other services (except public administration) [81],202047,B,43.7417,-79.3733
2023-07,Ontario,Other services (except public administration) [81],202971,B,43.7417,-79.3733
2023-08,Ontario,Other services (except public administration) [81],202924,B,43.7417,-79.3733
2023-09,Ontario,Other services (except public administration) [81],204142,B,43.7417,-79.3733
2023-10,Ontario,Other services (except public administration) [81],203123,A,43.7417,-79.3733
2023-11,Ontario,Other services (except public administration) [81],203707,B,43.7417,-79.3733
2023-12,Ontario,Other services (except public administration) [81],206280,B,43.7417,-79.3733
2024-01,Ontario,Other services (except public administration) [81],202897,B,43.7417,-79.3733
2024-02,Ontario,Other services (except public administration) [81],200283,B,43.7417,-79.3733
2018-01,Ontario,Public administration [91],408919,A,43.7417,-79.3733
2018-02,Ontario,Public administration [91],412176,A,43.7417,-79.3733
2018-03,Ontario,Public administration [91],415158,A,43.7417,-79.3733
2018-04,Ontario,Public administration [91],413267,A,43.7417,-79.3733
2018-05,Ontario,Public administration [91],425183,A,43.7417,-79.3733
2018-06,Ontario,Public administration [91],432581,A,43.7417,-79.3733
2018-07,Ontario,Public administration [91],435187,A,43.7417,-79.3733
2018-08,Ontario,Public administration [91],433454,A,43.7417,-79.3733
2018-09,Ontario,Public administration [91],427629,A,43.7417,-79.3733
2018-10,Ontario,Public administration [91],423907,A,43.7417,-79.3733
2018-11,Ontario,Public administration [91],426330,A,43.7417,-79.3733
2018-12,Ontario,Public administration [91],423518,A,43.7417,-79.3733
2019-01,Ontario,Public administration [91],422111,A,43.7417,-79.3733
2019-02,Ontario,Public administration [91],424116,A,43.7417,-79.3733
2019-03,Ontario,Public administration [91],425619,A,43.7417,-79.3733
2019-04,Ontario,Public administration [91],426095,A,43.7417,-79.3733
2019-05,Ontario,Public administration [91],441490,A,43.7417,-79.3733
2019-06,Ontario,Public administration [91],445855,A,43.7417,-79.3733
2019-07,Ontario,Public administration [91],448071,A,43.7417,-79.3733
2019-08,Ontario,Public administration [91],444123,A,43.7417,-79.3733
2019-09,Ontario,Public administration [91],438474,A,43.7417,-79.3733
2019-10,Ontario,Public administration [91],430526,A,43.7417,-79.3733
2019-11,Ontario,Public administration [91],430990,A,43.7417,-79.3733
2019-12,Ontario,Public administration [91],430550,A,43.7417,-79.3733
2020-01,Ontario,Public administration [91],429424,A,43.7417,-79.3733
2020-02,Ontario,Public administration [91],428803,B,43.7417,-79.3733
2020-03,Ontario,Public administration [91],427756,A,43.7417,-79.3733
2020-04,Ontario,Public administration [91],415771,A,43.7417,-79.3733
2020-05,Ontario,Public administration [91],395251,A,43.7417,-79.3733
2020-06,Ontario,Public administration [91],401727,A,43.7417,-79.3733
2020-07,Ontario,Public administration [91],408009,A,43.7417,-79.3733
2020-08,Ontario,Public administration [91],411897,A,43.7417,-79.3733
2020-09,Ontario,Public administration [91],416001,A,43.7417,-79.3733
2020-10,Ontario,Public administration [91],420653,A,43.7417,-79.3733
2020-11,Ontario,Public administration [91],418366,A,43.7417,-79.3733
2020-12,Ontario,Public administration [91],422733,A,43.7417,-79.3733
2021-01,Ontario,Public administration [91],412506,A,43.7417,-79.3733
2021-02,Ontario,Public administration [91],410826,A,43.7417,-79.3733
2021-03,Ontario,Public administration [91],417610,A,43.7417,-79.3733
2021-04,Ontario,Public administration [91],420227,A,43.7417,-79.3733
2021-05,Ontario,Public administration [91],432664,A,43.7417,-79.3733
2021-06,Ontario,Public administration [91],446880,A,43.7417,-79.3733
2021-07,Ontario,Public administration [91],449740,A,43.7417,-79.3733
2021-08,Ontario,Public administration [91],444507,A,43.7417,-79.3733
2021-09,Ontario,Public administration [91],444189,A,43.7417,-79.3733
2021-10,Ontario,Public administration [91],439486,A,43.7417,-79.3733
2021-11,Ontario,Public administration [91],438846,A,43.7417,-79.3733
2021-12,Ontario,Public administration [91],442348,A,43.7417,-79.3733
2022-01,Ontario,Public administration [91],437525,A,43.7417,-79.3733
2022-02,Ontario,Public administration [91],441151,A,43.7417,-79.3733
2022-03,Ontario,Public administration [91],445311,A,43.7417,-79.3733
2022-04,Ontario,Public administration [91],443819,A,43.7417,-79.3733
2022-05,Ontario,Public administration [91],452833,A,43.7417,-79.3733
2022-06,Ontario,Public administration [91],458526,A,43.7417,-79.3733
2022-07,Ontario,Public administration [91],461620,B,43.7417,-79.3733
2022-08,Ontario,Public administration [91],459276,A,43.7417,-79.3733
2022-09,Ontario,Public administration [91],459579,A,43.7417,-79.3733
2022-10,Ontario,Public administration [91],456789,A,43.7417,-79.3733
2022-11,Ontario,Public administration [91],460233,A,43.7417,-79.3733
2022-12,Ontario,Public administration [91],460803,A,43.7417,-79.3733
2023-01,Ontario,Public administration [91],464867,A,43.7417,-79.3733
2023-02,Ontario,Public administration [91],465898,A,43.7417,-79.3733
2023-03,Ontario,Public administration [91],469418,A,43.7417,-79.3733
2023-04,Ontario,Public administration [91],425880,A,43.7417,-79.3733
2023-05,Ontario,Public administration [91],478184,A,43.7417,-79.3733
2023-06,Ontario,Public administration [91],485458,A,43.7417,-79.3733
2023-07,Ontario,Public administration [91],491693,B,43.7417,-79.3733
2023-08,Ontario,Public administration [91],490242,A,43.7417,-79.3733
2023-09,Ontario,Public administration [91],489779,A,43.7417,-79.3733
2023-10,Ontario,Public administration [91],485409,A,43.7417,-79.3733
2023-11,Ontario,Public administration [91],485209,A,43.7417,-79.3733
2023-12,Ontario,Public administration [91],487849,A,43.7417,-79.3733
2024-01,Ontario,Public administration [91],486137,B,43.7417,-79.3733
2024-02,Ontario,Public administration [91],488236,A,43.7417,-79.3733
2018-01,Ontario,Unclassified businesses [00],133014,A,43.7417,-79.3733
2018-02,Ontario,Unclassified businesses [00],129097,A,43.7417,-79.3733
2018-03,Ontario,Unclassified businesses [00],124711,A,43.7417,-79.3733
2018-04,Ontario,Unclassified businesses [00],126334,A,43.7417,-79.3733
2018-05,Ontario,Unclassified businesses [00],129558,A,43.7417,-79.3733
2018-06,Ontario,Unclassified businesses [00],132773,A,43.7417,-79.3733
2018-07,Ontario,Unclassified businesses [00],131269,A,43.7417,-79.3733
2018-08,Ontario,Unclassified businesses [00],127963,A,43.7417,-79.3733
2018-09,Ontario,Unclassified businesses [00],129184,A,43.7417,-79.3733
2018-10,Ontario,Unclassified businesses [00],130012,A,43.7417,-79.3733
2018-11,Ontario,Unclassified businesses [00],105043,A,43.7417,-79.3733
2018-12,Ontario,Unclassified businesses [00],107641,A,43.7417,-79.3733
2019-01,Ontario,Unclassified businesses [00],110849,A,43.7417,-79.3733
2019-02,Ontario,Unclassified businesses [00],107265,A,43.7417,-79.3733
2019-03,Ontario,Unclassified businesses [00],112206,A,43.7417,-79.3733
2019-04,Ontario,Unclassified businesses [00],114339,A,43.7417,-79.3733
2019-05,Ontario,Unclassified businesses [00],118988,A,43.7417,-79.3733
2019-06,Ontario,Unclassified businesses [00],114905,A,43.7417,-79.3733
2019-07,Ontario,Unclassified businesses [00],115049,A,43.7417,-79.3733
2019-08,Ontario,Unclassified businesses [00],118925,A,43.7417,-79.3733
2019-09,Ontario,Unclassified businesses [00],113148,B,43.7417,-79.3733
2019-10,Ontario,Unclassified businesses [00],115345,B,43.7417,-79.3733
2019-11,Ontario,Unclassified businesses [00],114808,B,43.7417,-79.3733
2019-12,Ontario,Unclassified businesses [00],119701,A,43.7417,-79.3733
2020-01,Ontario,Unclassified businesses [00],120207,A,43.7417,-79.3733
2020-02,Ontario,Unclassified businesses [00],117351,B,43.7417,-79.3733
2020-03,Ontario,Unclassified businesses [00],111248,B,43.7417,-79.3733
2020-04,Ontario,Unclassified businesses [00],95559,B,43.7417,-79.3733
2020-05,Ontario,Unclassified businesses [00],86285,B,43.7417,-79.3733
2020-06,Ontario,Unclassified businesses [00],92375,B,43.7417,-79.3733
2020-07,Ontario,Unclassified businesses [00],96719,B,43.7417,-79.3733
2020-08,Ontario,Unclassified businesses [00],104838,B,43.7417,-79.3733
2020-09,Ontario,Unclassified businesses [00],108427,A,43.7417,-79.3733
2020-10,Ontario,Unclassified businesses [00],110301,B,43.7417,-79.3733
2020-11,Ontario,Unclassified businesses [00],99637,B,43.7417,-79.3733
2020-12,Ontario,Unclassified businesses [00],105076,B,43.7417,-79.3733
2021-01,Ontario,Unclassified businesses [00],105381,A,43.7417,-79.3733
2021-02,Ontario,Unclassified businesses [00],100421,A,43.7417,-79.3733
2021-03,Ontario,Unclassified businesses [00],102212,A,43.7417,-79.3733
2021-04,Ontario,Unclassified businesses [00],104072,B,43.7417,-79.3733
2021-05,Ontario,Unclassified businesses [00],108614,B,43.7417,-79.3733
2021-06,Ontario,Unclassified businesses [00],108755,B,43.7417,-79.3733
2021-07,Ontario,Unclassified businesses [00],111722,B,43.7417,-79.3733
2021-08,Ontario,Unclassified businesses [00],111923,B,43.7417,-79.3733
2021-09,Ontario,Unclassified businesses [00],113720,A,43.7417,-79.3733
2021-10,Ontario,Unclassified businesses [00],118591,A,43.7417,-79.3733
2021-11,Ontario,Unclassified businesses [00],117610,B,43.7417,-79.3733
2021-12,Ontario,Unclassified businesses [00],121598,B,43.7417,-79.3733
2022-01,Ontario,Unclassified businesses [00],123803,B,43.7417,-79.3733
2022-02,Ontario,Unclassified businesses [00],120809,B,43.7417,-79.3733
2022-03,Ontario,Unclassified businesses [00],121231,B,43.7417,-79.3733
2022-04,Ontario,Unclassified businesses [00],126531,B,43.7417,-79.3733
2022-05,Ontario,Unclassified businesses [00],130206,B,43.7417,-79.3733
2022-06,Ontario,Unclassified businesses [00],135385,B,43.7417,-79.3733
2022-07,Ontario,Unclassified businesses [00],130548,B,43.7417,-79.3733
2022-08,Ontario,Unclassified businesses [00],128896,B,43.7417,-79.3733
2022-09,Ontario,Unclassified businesses [00],128475,B,43.7417,-79.3733
2022-10,Ontario,Unclassified businesses [00],124968,B,43.7417,-79.3733
2022-11,Ontario,Unclassified businesses [00],122064,B,43.7417,-79.3733
2022-12,Ontario,Unclassified businesses [00],125843,B,43.7417,-79.3733
2023-01,Ontario,Unclassified businesses [00],127619,B,43.7417,-79.3733
2023-02,Ontario,Unclassified businesses [00],122079,B,43.7417,-79.3733
2023-03,Ontario,Unclassified businesses [00],126515,B,43.7417,-79.3733
2023-04,Ontario,Unclassified businesses [00],124609,B,43.7417,-79.3733
2023-05,Ontario,Unclassified businesses [00],125692,B,43.7417,-79.3733
2023-06,Ontario,Unclassified businesses [00],127969,B,43.7417,-79.3733
2023-07,Ontario,Unclassified businesses [00],130989,B,43.7417,-79.3733
2023-08,Ontario,Unclassified businesses [00],129259,B,43.7417,-79.3733
2023-09,Ontario,Unclassified businesses [00],126784,B,43.7417,-79.3733
2023-10,Ontario,Unclassified businesses [00],124773,B,43.7417,-79.3733
2023-11,Ontario,Unclassified businesses [00],125056,B,43.7417,-79.3733
2023-12,Ontario,Unclassified businesses [00],127198,B,43.7417,-79.3733
2024-01,Ontario,Unclassified businesses [00],124834,B,43.7417,-79.3733
2024-02,Ontario,Unclassified businesses [00],123251,B,43.7417,-79.3733
2018-01,Manitoba,Goods producing industries [11-33N],92295,A,49.8844,-97.1464
2018-02,Manitoba,Goods producing industries [11-33N],93779,A,49.8844,-97.1464
2018-03,Manitoba,Goods producing industries [11-33N],95502,A,49.8844,-97.1464
2018-04,Manitoba,Goods producing industries [11-33N],96179,A,49.8844,-97.1464
2018-05,Manitoba,Goods producing industries [11-33N],99511,A,49.8844,-97.1464
2018-06,Manitoba,Goods producing industries [11-33N],103257,A,49.8844,-97.1464
2018-07,Manitoba,Goods producing industries [11-33N],103987,A,49.8844,-97.1464
2018-08,Manitoba,Goods producing industries [11-33N],104178,A,49.8844,-97.1464
2018-09,Manitoba,Goods producing industries [11-33N],103589,A,49.8844,-97.1464
2018-10,Manitoba,Goods producing industries [11-33N],103678,A,49.8844,-97.1464
2018-11,Manitoba,Goods producing industries [11-33N],103708,A,49.8844,-97.1464
2018-12,Manitoba,Goods producing industries [11-33N],101841,A,49.8844,-97.1464
2019-01,Manitoba,Goods producing industries [11-33N],97856,A,49.8844,-97.1464
2019-02,Manitoba,Goods producing industries [11-33N],98046,A,49.8844,-97.1464
2019-03,Manitoba,Goods producing industries [11-33N],97984,A,49.8844,-97.1464
2019-04,Manitoba,Goods producing industries [11-33N],98419,A,49.8844,-97.1464
2019-05,Manitoba,Goods producing industries [11-33N],102240,A,49.8844,-97.1464
2019-06,Manitoba,Goods producing industries [11-33N],105038,A,49.8844,-97.1464
2019-07,Manitoba,Goods producing industries [11-33N],106182,A,49.8844,-97.1464
2019-08,Manitoba,Goods producing industries [11-33N],106198,A,49.8844,-97.1464
2019-09,Manitoba,Goods producing industries [11-33N],105366,B,49.8844,-97.1464
2019-10,Manitoba,Goods producing industries [11-33N],103719,B,49.8844,-97.1464
2019-11,Manitoba,Goods producing industries [11-33N],101711,B,49.8844,-97.1464
2019-12,Manitoba,Goods producing industries [11-33N],99262,B,49.8844,-97.1464
2020-01,Manitoba,Goods producing industries [11-33N],95948,B,49.8844,-97.1464
2020-02,Manitoba,Goods producing industries [11-33N],96125,B,49.8844,-97.1464
2020-03,Manitoba,Goods producing industries [11-33N],91856,B,49.8844,-97.1464
2020-04,Manitoba,Goods producing industries [11-33N],86763,B,49.8844,-97.1464
2020-05,Manitoba,Goods producing industries [11-33N],87363,B,49.8844,-97.1464
2020-06,Manitoba,Goods producing industries [11-33N],94111,B,49.8844,-97.1464
2020-07,Manitoba,Goods producing industries [11-33N],97568,B,49.8844,-97.1464
2020-08,Manitoba,Goods producing industries [11-33N],98041,A,49.8844,-97.1464
2020-09,Manitoba,Goods producing industries [11-33N],98870,A,49.8844,-97.1464
2020-10,Manitoba,Goods producing industries [11-33N],99194,A,49.8844,-97.1464
2020-11,Manitoba,Goods producing industries [11-33N],96945,A,49.8844,-97.1464
2020-12,Manitoba,Goods producing industries [11-33N],96310,A,49.8844,-97.1464
2021-01,Manitoba,Goods producing industries [11-33N],93370,B,49.8844,-97.1464
2021-02,Manitoba,Goods producing industries [11-33N],93348,A,49.8844,-97.1464
2021-03,Manitoba,Goods producing industries [11-33N],93917,B,49.8844,-97.1464
2021-04,Manitoba,Goods producing industries [11-33N],94959,A,49.8844,-97.1464
2021-05,Manitoba,Goods producing industries [11-33N],98649,B,49.8844,-97.1464
2021-06,Manitoba,Goods producing industries [11-33N],100210,A,49.8844,-97.1464
2021-07,Manitoba,Goods producing industries [11-33N],103049,B,49.8844,-97.1464
2021-08,Manitoba,Goods producing industries [11-33N],102667,B,49.8844,-97.1464
2021-09,Manitoba,Goods producing industries [11-33N],103150,B,49.8844,-97.1464
2021-10,Manitoba,Goods producing industries [11-33N],101520,B,49.8844,-97.1464
2021-11,Manitoba,Goods producing industries [11-33N],100954,B,49.8844,-97.1464
2021-12,Manitoba,Goods producing industries [11-33N],100304,B,49.8844,-97.1464
2022-01,Manitoba,Goods producing industries [11-33N],97472,B,49.8844,-97.1464
2022-02,Manitoba,Goods producing industries [11-33N],98132,B,49.8844,-97.1464
2022-03,Manitoba,Goods producing industries [11-33N],97472,A,49.8844,-97.1464
2022-04,Manitoba,Goods producing industries [11-33N],98356,B,49.8844,-97.1464
2022-05,Manitoba,Goods producing industries [11-33N],100115,B,49.8844,-97.1464
2022-06,Manitoba,Goods producing industries [11-33N],104385,B,49.8844,-97.1464
2022-07,Manitoba,Goods producing industries [11-33N],106509,B,49.8844,-97.1464
2022-08,Manitoba,Goods producing industries [11-33N],107396,B,49.8844,-97.1464
2022-09,Manitoba,Goods producing industries [11-33N],108195,A,49.8844,-97.1464
2022-10,Manitoba,Goods producing industries [11-33N],106571,B,49.8844,-97.1464
2022-11,Manitoba,Goods producing industries [11-33N],104910,B,49.8844,-97.1464
2022-12,Manitoba,Goods producing industries [11-33N],104534,B,49.8844,-97.1464
2023-01,Manitoba,Goods producing industries [11-33N],100155,B,49.8844,-97.1464
2023-02,Manitoba,Goods producing industries [11-33N],100095,B,49.8844,-97.1464
2023-03,Manitoba,Goods producing industries [11-33N],99711,B,49.8844,-97.1464
2023-04,Manitoba,Goods producing industries [11-33N],100405,B,49.8844,-97.1464
2023-05,Manitoba,Goods producing industries [11-33N],104354,B,49.8844,-97.1464
2023-06,Manitoba,Goods producing industries [11-33N],107523,B,49.8844,-97.1464
2023-07,Manitoba,Goods producing industries [11-33N],108670,B,49.8844,-97.1464
2023-08,Manitoba,Goods producing industries [11-33N],108301,B,49.8844,-97.1464
2023-09,Manitoba,Goods producing industries [11-33N],108489,B,49.8844,-97.1464
2023-10,Manitoba,Goods producing industries [11-33N],107027,B,49.8844,-97.1464
2023-11,Manitoba,Goods producing industries [11-33N],106271,B,49.8844,-97.1464
2023-12,Manitoba,Goods producing industries [11-33N],104349,B,49.8844,-97.1464
2024-01,Manitoba,Goods producing industries [11-33N],100572,B,49.8844,-97.1464
2024-02,Manitoba,Goods producing industries [11-33N],100574,B,49.8844,-97.1464
2018-01,Manitoba,"Forestry, logging and support [11N]",,x,49.8844,-97.1464
2018-02,Manitoba,"Forestry, logging and support [11N]",,x,49.8844,-97.1464
2018-03,Manitoba,"Forestry, logging and support [11N]",,x,49.8844,-97.1464
2018-04,Manitoba,"Forestry, logging and support [11N]",,x,49.8844,-97.1464
2018-05,Manitoba,"Forestry, logging and support [11N]",,x,49.8844,-97.1464
2018-06,Manitoba,"Forestry, logging and support [11N]",,x,49.8844,-97.1464
2018-07,Manitoba,"Forestry, logging and support [11N]",,x,49.8844,-97.1464
2018-08,Manitoba,"Forestry, logging and support [11N]",,x,49.8844,-97.1464
2018-09,Manitoba,"Forestry, logging and support [11N]",,x,49.8844,-97.1464
2018-10,Manitoba,"Forestry, logging and support [11N]",,x,49.8844,-97.1464
2018-11,Manitoba,"Forestry, logging and support [11N]",,x,49.8844,-97.1464
2018-12,Manitoba,"Forestry, logging and support [11N]",,x,49.8844,-97.1464
2019-01,Manitoba,"Forestry, logging and support [11N]",,x,49.8844,-97.1464
2019-02,Manitoba,"Forestry, logging and support [11N]",,x,49.8844,-97.1464
2019-03,Manitoba,"Forestry, logging and support [11N]",,x,49.8844,-97.1464
2019-04,Manitoba,"Forestry, logging and support [11N]",,x,49.8844,-97.1464
2019-05,Manitoba,"Forestry, logging and support [11N]",,x,49.8844,-97.1464
2019-06,Manitoba,"Forestry, logging and support [11N]",,x,49.8844,-97.1464
2019-07,Manitoba,"Forestry, logging and support [11N]",,x,49.8844,-97.1464
2019-08,Manitoba,"Forestry, logging and support [11N]",,x,49.8844,-97.1464
2019-09,Manitoba,"Forestry, logging and support [11N]",,x,49.8844,-97.1464
2019-10,Manitoba,"Forestry, logging and support [11N]",,x,49.8844,-97.1464
2019-11,Manitoba,"Forestry, logging and support [11N]",,x,49.8844,-97.1464
2019-12,Manitoba,"Forestry, logging and support [11N]",,x,49.8844,-97.1464
2020-01,Manitoba,"Forestry, logging and support [11N]",,x,49.8844,-97.1464
2020-02,Manitoba,"Forestry, logging and support [11N]",,x,49.8844,-97.1464
2020-03,Manitoba,"Forestry, logging and support [11N]",,x,49.8844,-97.1464
2020-04,Manitoba,"Forestry, logging and support [11N]",,x,49.8844,-97.1464
2020-05,Manitoba,"Forestry, logging and support [11N]",,x,49.8844,-97.1464
2020-06,Manitoba,"Forestry, logging and support [11N]",,x,49.8844,-97.1464
2020-07,Manitoba,"Forestry, logging and support [11N]",,x,49.8844,-97.1464
2020-08,Manitoba,"Forestry, logging and support [11N]",,x,49.8844,-97.1464
2020-09,Manitoba,"Forestry, logging and support [11N]",,x,49.8844,-97.1464
2020-10,Manitoba,"Forestry, logging and support [11N]",,x,49.8844,-97.1464
2020-11,Manitoba,"Forestry, logging and support [11N]",,x,49.8844,-97.1464
2020-12,Manitoba,"Forestry, logging and support [11N]",,x,49.8844,-97.1464
2021-01,Manitoba,"Forestry, logging and support [11N]",,x,49.8844,-97.1464
2021-02,Manitoba,"Forestry, logging and support [11N]",,x,49.8844,-97.1464
2021-03,Manitoba,"Forestry, logging and support [11N]",,x,49.8844,-97.1464
2021-04,Manitoba,"Forestry, logging and support [11N]",,x,49.8844,-97.1464
2021-05,Manitoba,"Forestry, logging and support [11N]",,x,49.8844,-97.1464
2021-06,Manitoba,"Forestry, logging and support [11N]",,x,49.8844,-97.1464
2021-07,Manitoba,"Forestry, logging and support [11N]",,x,49.8844,-97.1464
2021-08,Manitoba,"Forestry, logging and support [11N]",,x,49.8844,-97.1464
2021-09,Manitoba,"Forestry, logging and support [11N]",,x,49.8844,-97.1464
2021-10,Manitoba,"Forestry, logging and support [11N]",,x,49.8844,-97.1464
2021-11,Manitoba,"Forestry, logging and support [11N]",,x,49.8844,-97.1464
2021-12,Manitoba,"Forestry, logging and support [11N]",,x,49.8844,-97.1464
2022-01,Manitoba,"Forestry, logging and support [11N]",,x,49.8844,-97.1464
2022-02,Manitoba,"Forestry, logging and support [11N]",,x,49.8844,-97.1464
2022-03,Manitoba,"Forestry, logging and support [11N]",,x,49.8844,-97.1464
2022-04,Manitoba,"Forestry, logging and support [11N]",,x,49.8844,-97.1464
2022-05,Manitoba,"Forestry, logging and support [11N]",,x,49.8844,-97.1464
2022-06,Manitoba,"Forestry, logging and support [11N]",,x,49.8844,-97.1464
2022-07,Manitoba,"Forestry, logging and support [11N]",,x,49.8844,-97.1464
2022-08,Manitoba,"Forestry, logging and support [11N]",,x,49.8844,-97.1464
2022-09,Manitoba,"Forestry, logging and support [11N]",,x,49.8844,-97.1464
2022-10,Manitoba,"Forestry, logging and support [11N]",,x,49.8844,-97.1464
2022-11,Manitoba,"Forestry, logging and support [11N]",,x,49.8844,-97.1464
2022-12,Manitoba,"Forestry, logging and support [11N]",,x,49.8844,-97.1464
2023-01,Manitoba,"Forestry, logging and support [11N]",,x,49.8844,-97.1464
2023-02,Manitoba,"Forestry, logging and support [11N]",,x,49.8844,-97.1464
2023-03,Manitoba,"Forestry, logging and support [11N]",,x,49.8844,-97.1464
2023-04,Manitoba,"Forestry, logging and support [11N]",,x,49.8844,-97.1464
2023-05,Manitoba,"Forestry, logging and support [11N]",,x,49.8844,-97.1464
2023-06,Manitoba,"Forestry, logging and support [11N]",,x,49.8844,-97.1464
2023-07,Manitoba,"Forestry, logging and support [11N]",,x,49.8844,-97.1464
2023-08,Manitoba,"Forestry, logging and support [11N]",,x,49.8844,-97.1464
2023-09,Manitoba,"Forestry, logging and support [11N]",,x,49.8844,-97.1464
2023-10,Manitoba,"Forestry, logging and support [11N]",,x,49.8844,-97.1464
2023-11,Manitoba,"Forestry, logging and support [11N]",,x,49.8844,-97.1464
2023-12,Manitoba,"Forestry, logging and support [11N]",,x,49.8844,-97.1464
2024-01,Manitoba,"Forestry, logging and support [11N]",,x,49.8844,-97.1464
2024-02,Manitoba,"Forestry, logging and support [11N]",,x,49.8844,-97.1464
2018-01,Manitoba,"Mining, quarrying, and oil and gas extraction [21]",,x,49.8844,-97.1464
2018-02,Manitoba,"Mining, quarrying, and oil and gas extraction [21]",,x,49.8844,-97.1464
2018-03,Manitoba,"Mining, quarrying, and oil and gas extraction [21]",,x,49.8844,-97.1464
2018-04,Manitoba,"Mining, quarrying, and oil and gas extraction [21]",,x,49.8844,-97.1464
2018-05,Manitoba,"Mining, quarrying, and oil and gas extraction [21]",,x,49.8844,-97.1464
2018-06,Manitoba,"Mining, quarrying, and oil and gas extraction [21]",,x,49.8844,-97.1464
2018-07,Manitoba,"Mining, quarrying, and oil and gas extraction [21]",,x,49.8844,-97.1464
2018-08,Manitoba,"Mining, quarrying, and oil and gas extraction [21]",,x,49.8844,-97.1464
2018-09,Manitoba,"Mining, quarrying, and oil and gas extraction [21]",,x,49.8844,-97.1464
2018-10,Manitoba,"Mining, quarrying, and oil and gas extraction [21]",,x,49.8844,-97.1464
2018-11,Manitoba,"Mining, quarrying, and oil and gas extraction [21]",,x,49.8844,-97.1464
2018-12,Manitoba,"Mining, quarrying, and oil and gas extraction [21]",,x,49.8844,-97.1464
2019-01,Manitoba,"Mining, quarrying, and oil and gas extraction [21]",,x,49.8844,-97.1464
2019-02,Manitoba,"Mining, quarrying, and oil and gas extraction [21]",,x,49.8844,-97.1464
2019-03,Manitoba,"Mining, quarrying, and oil and gas extraction [21]",,x,49.8844,-97.1464
2019-04,Manitoba,"Mining, quarrying, and oil and gas extraction [21]",,x,49.8844,-97.1464
2019-05,Manitoba,"Mining, quarrying, and oil and gas extraction [21]",,x,49.8844,-97.1464
2019-06,Manitoba,"Mining, quarrying, and oil and gas extraction [21]",,x,49.8844,-97.1464
2019-07,Manitoba,"Mining, quarrying, and oil and gas extraction [21]",,x,49.8844,-97.1464
2019-08,Manitoba,"Mining, quarrying, and oil and gas extraction [21]",,x,49.8844,-97.1464
2019-09,Manitoba,"Mining, quarrying, and oil and gas extraction [21]",,x,49.8844,-97.1464
2019-10,Manitoba,"Mining, quarrying, and oil and gas extraction [21]",,x,49.8844,-97.1464
2019-11,Manitoba,"Mining, quarrying, and oil and gas extraction [21]",,x,49.8844,-97.1464
2019-12,Manitoba,"Mining, quarrying, and oil and gas extraction [21]",,x,49.8844,-97.1464
2020-01,Manitoba,"Mining, quarrying, and oil and gas extraction [21]",,x,49.8844,-97.1464
2020-02,Manitoba,"Mining, quarrying, and oil and gas extraction [21]",,x,49.8844,-97.1464
2020-03,Manitoba,"Mining, quarrying, and oil and gas extraction [21]",,x,49.8844,-97.1464
2020-04,Manitoba,"Mining, quarrying, and oil and gas extraction [21]",,x,49.8844,-97.1464
2020-05,Manitoba,"Mining, quarrying, and oil and gas extraction [21]",,x,49.8844,-97.1464
2020-06,Manitoba,"Mining, quarrying, and oil and gas extraction [21]",,x,49.8844,-97.1464
2020-07,Manitoba,"Mining, quarrying, and oil and gas extraction [21]",,x,49.8844,-97.1464
2020-08,Manitoba,"Mining, quarrying, and oil and gas extraction [21]",,x,49.8844,-97.1464
2020-09,Manitoba,"Mining, quarrying, and oil and gas extraction [21]",,x,49.8844,-97.1464
2020-10,Manitoba,"Mining, quarrying, and oil and gas extraction [21]",,x,49.8844,-97.1464
2020-11,Manitoba,"Mining, quarrying, and oil and gas extraction [21]",,x,49.8844,-97.1464
2020-12,Manitoba,"Mining, quarrying, and oil and gas extraction [21]",,x,49.8844,-97.1464
2021-01,Manitoba,"Mining, quarrying, and oil and gas extraction [21]",,x,49.8844,-97.1464
2021-02,Manitoba,"Mining, quarrying, and oil and gas extraction [21]",,x,49.8844,-97.1464
2021-03,Manitoba,"Mining, quarrying, and oil and gas extraction [21]",,x,49.8844,-97.1464
2021-04,Manitoba,"Mining, quarrying, and oil and gas extraction [21]",,x,49.8844,-97.1464
2021-05,Manitoba,"Mining, quarrying, and oil and gas extraction [21]",,x,49.8844,-97.1464
2021-06,Manitoba,"Mining, quarrying, and oil and gas extraction [21]",,x,49.8844,-97.1464
2021-07,Manitoba,"Mining, quarrying, and oil and gas extraction [21]",,x,49.8844,-97.1464
2021-08,Manitoba,"Mining, quarrying, and oil and gas extraction [21]",,x,49.8844,-97.1464
2021-09,Manitoba,"Mining, quarrying, and oil and gas extraction [21]",,x,49.8844,-97.1464
2021-10,Manitoba,"Mining, quarrying, and oil and gas extraction [21]",,x,49.8844,-97.1464
2021-11,Manitoba,"Mining, quarrying, and oil and gas extraction [21]",,x,49.8844,-97.1464
2021-12,Manitoba,"Mining, quarrying, and oil and gas extraction [21]",,x,49.8844,-97.1464
2022-01,Manitoba,"Mining, quarrying, and oil and gas extraction [21]",,x,49.8844,-97.1464
2022-02,Manitoba,"Mining, quarrying, and oil and gas extraction [21]",,x,49.8844,-97.1464
2022-03,Manitoba,"Mining, quarrying, and oil and gas extraction [21]",,x,49.8844,-97.1464
2022-04,Manitoba,"Mining, quarrying, and oil and gas extraction [21]",,x,49.8844,-97.1464
2022-05,Manitoba,"Mining, quarrying, and oil and gas extraction [21]",,x,49.8844,-97.1464
2022-06,Manitoba,"Mining, quarrying, and oil and gas extraction [21]",,x,49.8844,-97.1464
2022-07,Manitoba,"Mining, quarrying, and oil and gas extraction [21]",,x,49.8844,-97.1464
2022-08,Manitoba,"Mining, quarrying, and oil and gas extraction [21]",,x,49.8844,-97.1464
2022-09,Manitoba,"Mining, quarrying, and oil and gas extraction [21]",,x,49.8844,-97.1464
2022-10,Manitoba,"Mining, quarrying, and oil and gas extraction [21]",,x,49.8844,-97.1464
2022-11,Manitoba,"Mining, quarrying, and oil and gas extraction [21]",,x,49.8844,-97.1464
2022-12,Manitoba,"Mining, quarrying, and oil and gas extraction [21]",,x,49.8844,-97.1464
2023-01,Manitoba,"Mining, quarrying, and oil and gas extraction [21]",,x,49.8844,-97.1464
2023-02,Manitoba,"Mining, quarrying, and oil and gas extraction [21]",,x,49.8844,-97.1464
2023-03,Manitoba,"Mining, quarrying, and oil and gas extraction [21]",,x,49.8844,-97.1464
2023-04,Manitoba,"Mining, quarrying, and oil and gas extraction [21]",,x,49.8844,-97.1464
2023-05,Manitoba,"Mining, quarrying, and oil and gas extraction [21]",,x,49.8844,-97.1464
2023-06,Manitoba,"Mining, quarrying, and oil and gas extraction [21]",,x,49.8844,-97.1464
2023-07,Manitoba,"Mining, quarrying, and oil and gas extraction [21]",,x,49.8844,-97.1464
2023-08,Manitoba,"Mining, quarrying, and oil and gas extraction [21]",,x,49.8844,-97.1464
2023-09,Manitoba,"Mining, quarrying, and oil and gas extraction [21]",,x,49.8844,-97.1464
2023-10,Manitoba,"Mining, quarrying, and oil and gas extraction [21]",,x,49.8844,-97.1464
2023-11,Manitoba,"Mining, quarrying, and oil and gas extraction [21]",,x,49.8844,-97.1464
2023-12,Manitoba,"Mining, quarrying, and oil and gas extraction [21]",,x,49.8844,-97.1464
2024-01,Manitoba,"Mining, quarrying, and oil and gas extraction [21]",,x,49.8844,-97.1464
2024-02,Manitoba,"Mining, quarrying, and oil and gas extraction [21]",,x,49.8844,-97.1464
2018-01,Manitoba,"Utilities [22,221]",,x,49.8844,-97.1464
2018-02,Manitoba,"Utilities [22,221]",,x,49.8844,-97.1464
2018-03,Manitoba,"Utilities [22,221]",,x,49.8844,-97.1464
2018-04,Manitoba,"Utilities [22,221]",,x,49.8844,-97.1464
2018-05,Manitoba,"Utilities [22,221]",,x,49.8844,-97.1464
2018-06,Manitoba,"Utilities [22,221]",,x,49.8844,-97.1464
2018-07,Manitoba,"Utilities [22,221]",,x,49.8844,-97.1464
2018-08,Manitoba,"Utilities [22,221]",,x,49.8844,-97.1464
2018-09,Manitoba,"Utilities [22,221]",,x,49.8844,-97.1464
2018-10,Manitoba,"Utilities [22,221]",,x,49.8844,-97.1464
2018-11,Manitoba,"Utilities [22,221]",,x,49.8844,-97.1464
2018-12,Manitoba,"Utilities [22,221]",,x,49.8844,-97.1464
2019-01,Manitoba,"Utilities [22,221]",,x,49.8844,-97.1464
2019-02,Manitoba,"Utilities [22,221]",,x,49.8844,-97.1464
2019-03,Manitoba,"Utilities [22,221]",,x,49.8844,-97.1464
2019-04,Manitoba,"Utilities [22,221]",,x,49.8844,-97.1464
2019-05,Manitoba,"Utilities [22,221]",,x,49.8844,-97.1464
2019-06,Manitoba,"Utilities [22,221]",,x,49.8844,-97.1464
2019-07,Manitoba,"Utilities [22,221]",,x,49.8844,-97.1464
2019-08,Manitoba,"Utilities [22,221]",,x,49.8844,-97.1464
2019-09,Manitoba,"Utilities [22,221]",,x,49.8844,-97.1464
2019-10,Manitoba,"Utilities [22,221]",,x,49.8844,-97.1464
2019-11,Manitoba,"Utilities [22,221]",,x,49.8844,-97.1464
2019-12,Manitoba,"Utilities [22,221]",,x,49.8844,-97.1464
2020-01,Manitoba,"Utilities [22,221]",,x,49.8844,-97.1464
2020-02,Manitoba,"Utilities [22,221]",,x,49.8844,-97.1464
2020-03,Manitoba,"Utilities [22,221]",,x,49.8844,-97.1464
2020-04,Manitoba,"Utilities [22,221]",,x,49.8844,-97.1464
2020-05,Manitoba,"Utilities [22,221]",,x,49.8844,-97.1464
2020-06,Manitoba,"Utilities [22,221]",,x,49.8844,-97.1464
2020-07,Manitoba,"Utilities [22,221]",,x,49.8844,-97.1464
2020-08,Manitoba,"Utilities [22,221]",,x,49.8844,-97.1464
2020-09,Manitoba,"Utilities [22,221]",,x,49.8844,-97.1464
2020-10,Manitoba,"Utilities [22,221]",,x,49.8844,-97.1464
2020-11,Manitoba,"Utilities [22,221]",,x,49.8844,-97.1464
2020-12,Manitoba,"Utilities [22,221]",,x,49.8844,-97.1464
2021-01,Manitoba,"Utilities [22,221]",,x,49.8844,-97.1464
2021-02,Manitoba,"Utilities [22,221]",,x,49.8844,-97.1464
2021-03,Manitoba,"Utilities [22,221]",,x,49.8844,-97.1464
2021-04,Manitoba,"Utilities [22,221]",,x,49.8844,-97.1464
2021-05,Manitoba,"Utilities [22,221]",,x,49.8844,-97.1464
2021-06,Manitoba,"Utilities [22,221]",,x,49.8844,-97.1464
2021-07,Manitoba,"Utilities [22,221]",,x,49.8844,-97.1464
2021-08,Manitoba,"Utilities [22,221]",,x,49.8844,-97.1464
2021-09,Manitoba,"Utilities [22,221]",,x,49.8844,-97.1464
2021-10,Manitoba,"Utilities [22,221]",,x,49.8844,-97.1464
2021-11,Manitoba,"Utilities [22,221]",,x,49.8844,-97.1464
2021-12,Manitoba,"Utilities [22,221]",,x,49.8844,-97.1464
2022-01,Manitoba,"Utilities [22,221]",,x,49.8844,-97.1464
2022-02,Manitoba,"Utilities [22,221]",,x,49.8844,-97.1464
2022-03,Manitoba,"Utilities [22,221]",,x,49.8844,-97.1464
2022-04,Manitoba,"Utilities [22,221]",,x,49.8844,-97.1464
2022-05,Manitoba,"Utilities [22,221]",,x,49.8844,-97.1464
2022-06,Manitoba,"Utilities [22,221]",,x,49.8844,-97.1464
2022-07,Manitoba,"Utilities [22,221]",,x,49.8844,-97.1464
2022-08,Manitoba,"Utilities [22,221]",,x,49.8844,-97.1464
2022-09,Manitoba,"Utilities [22,221]",,x,49.8844,-97.1464
2022-10,Manitoba,"Utilities [22,221]",,x,49.8844,-97.1464
2022-11,Manitoba,"Utilities [22,221]",,x,49.8844,-97.1464
2022-12,Manitoba,"Utilities [22,221]",,x,49.8844,-97.1464
2023-01,Manitoba,"Utilities [22,221]",,x,49.8844,-97.1464
2023-02,Manitoba,"Utilities [22,221]",,x,49.8844,-97.1464
2023-03,Manitoba,"Utilities [22,221]",,x,49.8844,-97.1464
2023-04,Manitoba,"Utilities [22,221]",,x,49.8844,-97.1464
2023-05,Manitoba,"Utilities [22,221]",,x,49.8844,-97.1464
2023-06,Manitoba,"Utilities [22,221]",,x,49.8844,-97.1464
2023-07,Manitoba,"Utilities [22,221]",,x,49.8844,-97.1464
2023-08,Manitoba,"Utilities [22,221]",,x,49.8844,-97.1464
2023-09,Manitoba,"Utilities [22,221]",,x,49.8844,-97.1464
2023-10,Manitoba,"Utilities [22,221]",,x,49.8844,-97.1464
2023-11,Manitoba,"Utilities [22,221]",,x,49.8844,-97.1464
2023-12,Manitoba,"Utilities [22,221]",,x,49.8844,-97.1464
2024-01,Manitoba,"Utilities [22,221]",,x,49.8844,-97.1464
2024-02,Manitoba,"Utilities [22,221]",,x,49.8844,-97.1464
2018-01,Manitoba,Construction [23],29621,A,49.8844,-97.1464
2018-02,Manitoba,Construction [23],30210,A,49.8844,-97.1464
2018-03,Manitoba,Construction [23],31277,A,49.8844,-97.1464
2018-04,Manitoba,Construction [23],31492,A,49.8844,-97.1464
2018-05,Manitoba,Construction [23],34193,A,49.8844,-97.1464
2018-06,Manitoba,Construction [23],36910,A,49.8844,-97.1464
2018-07,Manitoba,Construction [23],37709,A,49.8844,-97.1464
2018-08,Manitoba,Construction [23],38619,A,49.8844,-97.1464
2018-09,Manitoba,Construction [23],38051,A,49.8844,-97.1464
2018-10,Manitoba,Construction [23],37444,A,49.8844,-97.1464
2018-11,Manitoba,Construction [23],36811,A,49.8844,-97.1464
2018-12,Manitoba,Construction [23],34194,A,49.8844,-97.1464
2019-01,Manitoba,Construction [23],31325,A,49.8844,-97.1464
2019-02,Manitoba,Construction [23],31809,A,49.8844,-97.1464
2019-03,Manitoba,Construction [23],31681,A,49.8844,-97.1464
2019-04,Manitoba,Construction [23],32120,A,49.8844,-97.1464
2019-05,Manitoba,Construction [23],35266,A,49.8844,-97.1464
2019-06,Manitoba,Construction [23],37598,A,49.8844,-97.1464
2019-07,Manitoba,Construction [23],38404,A,49.8844,-97.1464
2019-08,Manitoba,Construction [23],39144,A,49.8844,-97.1464
2019-09,Manitoba,Construction [23],38752,A,49.8844,-97.1464
2019-10,Manitoba,Construction [23],37599,A,49.8844,-97.1464
2019-11,Manitoba,Construction [23],36711,A,49.8844,-97.1464
2019-12,Manitoba,Construction [23],34319,A,49.8844,-97.1464
2020-01,Manitoba,Construction [23],31264,A,49.8844,-97.1464
2020-02,Manitoba,Construction [23],31259,B,49.8844,-97.1464
2020-03,Manitoba,Construction [23],29865,B,49.8844,-97.1464
2020-04,Manitoba,Construction [23],27398,A,49.8844,-97.1464
2020-05,Manitoba,Construction [23],29455,A,49.8844,-97.1464
2020-06,Manitoba,Construction [23],33003,B,49.8844,-97.1464
2020-07,Manitoba,Construction [23],35153,A,49.8844,-97.1464
2020-08,Manitoba,Construction [23],35516,A,49.8844,-97.1464
2020-09,Manitoba,Construction [23],35980,A,49.8844,-97.1464
2020-10,Manitoba,Construction [23],36078,A,49.8844,-97.1464
2020-11,Manitoba,Construction [23],34503,A,49.8844,-97.1464
2020-12,Manitoba,Construction [23],32797,A,49.8844,-97.1464
2021-01,Manitoba,Construction [23],31199,B,49.8844,-97.1464
2021-02,Manitoba,Construction [23],30782,A,49.8844,-97.1464
2021-03,Manitoba,Construction [23],31227,B,49.8844,-97.1464
2021-04,Manitoba,Construction [23],32327,A,49.8844,-97.1464
2021-05,Manitoba,Construction [23],35407,B,49.8844,-97.1464
2021-06,Manitoba,Construction [23],36750,A,49.8844,-97.1464
2021-07,Manitoba,Construction [23],37683,A,49.8844,-97.1464
2021-08,Manitoba,Construction [23],37692,B,49.8844,-97.1464
2021-09,Manitoba,Construction [23],38233,B,49.8844,-97.1464
2021-10,Manitoba,Construction [23],37084,B,49.8844,-97.1464
2021-11,Manitoba,Construction [23],35939,B,49.8844,-97.1464
2021-12,Manitoba,Construction [23],34646,B,49.8844,-97.1464
2022-01,Manitoba,Construction [23],32031,B,49.8844,-97.1464
2022-02,Manitoba,Construction [23],32486,A,49.8844,-97.1464
2022-03,Manitoba,Construction [23],32208,A,49.8844,-97.1464
2022-04,Manitoba,Construction [23],32816,A,49.8844,-97.1464
2022-05,Manitoba,Construction [23],34316,A,49.8844,-97.1464
2022-06,Manitoba,Construction [23],37429,B,49.8844,-97.1464
2022-07,Manitoba,Construction [23],38874,B,49.8844,-97.1464
2022-08,Manitoba,Construction [23],39706,B,49.8844,-97.1464
2022-09,Manitoba,Construction [23],39744,A,49.8844,-97.1464
2022-10,Manitoba,Construction [23],38704,A,49.8844,-97.1464
2022-11,Manitoba,Construction [23],38043,B,49.8844,-97.1464
2022-12,Manitoba,Construction [23],37037,A,49.8844,-97.1464
2023-01,Manitoba,Construction [23],33986,B,49.8844,-97.1464
2023-02,Manitoba,Construction [23],33614,A,49.8844,-97.1464
2023-03,Manitoba,Construction [23],33655,B,49.8844,-97.1464
2023-04,Manitoba,Construction [23],34229,A,49.8844,-97.1464
2023-05,Manitoba,Construction [23],37402,A,49.8844,-97.1464
2023-06,Manitoba,Construction [23],39525,A,49.8844,-97.1464
2023-07,Manitoba,Construction [23],40518,A,49.8844,-97.1464
2023-08,Manitoba,Construction [23],40371,B,49.8844,-97.1464
2023-09,Manitoba,Construction [23],40592,B,49.8844,-97.1464
2023-10,Manitoba,Construction [23],39640,A,49.8844,-97.1464
2023-11,Manitoba,Construction [23],38707,A,49.8844,-97.1464
2023-12,Manitoba,Construction [23],36678,A,49.8844,-97.1464
2024-01,Manitoba,Construction [23],33994,A,49.8844,-97.1464
2024-02,Manitoba,Construction [23],34032,B,49.8844,-97.1464
2018-01,Manitoba,Manufacturing [31-33],53616,A,49.8844,-97.1464
2018-02,Manitoba,Manufacturing [31-33],54588,A,49.8844,-97.1464
2018-03,Manitoba,Manufacturing [31-33],55358,A,49.8844,-97.1464
2018-04,Manitoba,Manufacturing [31-33],56131,A,49.8844,-97.1464
2018-05,Manitoba,Manufacturing [31-33],56525,A,49.8844,-97.1464
2018-06,Manitoba,Manufacturing [31-33],57387,A,49.8844,-97.1464
2018-07,Manitoba,Manufacturing [31-33],57252,A,49.8844,-97.1464
2018-08,Manitoba,Manufacturing [31-33],56501,A,49.8844,-97.1464
2018-09,Manitoba,Manufacturing [31-33],56666,A,49.8844,-97.1464
2018-10,Manitoba,Manufacturing [31-33],57624,A,49.8844,-97.1464
2018-11,Manitoba,Manufacturing [31-33],58355,A,49.8844,-97.1464
2018-12,Manitoba,Manufacturing [31-33],59214,A,49.8844,-97.1464
2019-01,Manitoba,Manufacturing [31-33],58089,A,49.8844,-97.1464
2019-02,Manitoba,Manufacturing [31-33],57963,A,49.8844,-97.1464
2019-03,Manitoba,Manufacturing [31-33],58053,A,49.8844,-97.1464
2019-04,Manitoba,Manufacturing [31-33],58125,A,49.8844,-97.1464
2019-05,Manitoba,Manufacturing [31-33],58561,A,49.8844,-97.1464
2019-06,Manitoba,Manufacturing [31-33],58963,A,49.8844,-97.1464
2019-07,Manitoba,Manufacturing [31-33],59211,A,49.8844,-97.1464
2019-08,Manitoba,Manufacturing [31-33],58346,A,49.8844,-97.1464
2019-09,Manitoba,Manufacturing [31-33],57968,B,49.8844,-97.1464
2019-10,Manitoba,Manufacturing [31-33],57633,B,49.8844,-97.1464
2019-11,Manitoba,Manufacturing [31-33],56515,B,49.8844,-97.1464
2019-12,Manitoba,Manufacturing [31-33],56561,B,49.8844,-97.1464
2020-01,Manitoba,Manufacturing [31-33],56241,B,49.8844,-97.1464
2020-02,Manitoba,Manufacturing [31-33],56597,B,49.8844,-97.1464
2020-03,Manitoba,Manufacturing [31-33],53817,B,49.8844,-97.1464
2020-04,Manitoba,Manufacturing [31-33],51516,B,49.8844,-97.1464
2020-05,Manitoba,Manufacturing [31-33],50192,B,49.8844,-97.1464
2020-06,Manitoba,Manufacturing [31-33],53213,B,49.8844,-97.1464
2020-07,Manitoba,Manufacturing [31-33],54397,B,49.8844,-97.1464
2020-08,Manitoba,Manufacturing [31-33],54462,B,49.8844,-97.1464
2020-09,Manitoba,Manufacturing [31-33],55039,A,49.8844,-97.1464
2020-10,Manitoba,Manufacturing [31-33],55284,A,49.8844,-97.1464
2020-11,Manitoba,Manufacturing [31-33],54590,B,49.8844,-97.1464
2020-12,Manitoba,Manufacturing [31-33],55745,B,49.8844,-97.1464
2021-01,Manitoba,Manufacturing [31-33],54285,B,49.8844,-97.1464
2021-02,Manitoba,Manufacturing [31-33],54704,A,49.8844,-97.1464
2021-03,Manitoba,Manufacturing [31-33],54882,B,49.8844,-97.1464
2021-04,Manitoba,Manufacturing [31-33],54758,A,49.8844,-97.1464
2021-05,Manitoba,Manufacturing [31-33],55217,B,49.8844,-97.1464
2021-06,Manitoba,Manufacturing [31-33],55290,B,49.8844,-97.1464
2021-07,Manitoba,Manufacturing [31-33],56823,B,49.8844,-97.1464
2021-08,Manitoba,Manufacturing [31-33],56172,B,49.8844,-97.1464
2021-09,Manitoba,Manufacturing [31-33],56196,B,49.8844,-97.1464
2021-10,Manitoba,Manufacturing [31-33],55455,B,49.8844,-97.1464
2021-11,Manitoba,Manufacturing [31-33],55713,B,49.8844,-97.1464
2021-12,Manitoba,Manufacturing [31-33],56175,B,49.8844,-97.1464
2022-01,Manitoba,Manufacturing [31-33],55844,B,49.8844,-97.1464
2022-02,Manitoba,Manufacturing [31-33],56097,B,49.8844,-97.1464
2022-03,Manitoba,Manufacturing [31-33],56754,B,49.8844,-97.1464
2022-04,Manitoba,Manufacturing [31-33],57048,B,49.8844,-97.1464
2022-05,Manitoba,Manufacturing [31-33],57310,B,49.8844,-97.1464
2022-06,Manitoba,Manufacturing [31-33],58123,B,49.8844,-97.1464
2022-07,Manitoba,Manufacturing [31-33],58637,B,49.8844,-97.1464
2022-08,Manitoba,Manufacturing [31-33],58640,B,49.8844,-97.1464
2022-09,Manitoba,Manufacturing [31-33],59233,B,49.8844,-97.1464
2022-10,Manitoba,Manufacturing [31-33],58977,B,49.8844,-97.1464
2022-11,Manitoba,Manufacturing [31-33],57963,B,49.8844,-97.1464
2022-12,Manitoba,Manufacturing [31-33],58624,B,49.8844,-97.1464
2023-01,Manitoba,Manufacturing [31-33],57391,B,49.8844,-97.1464
2023-02,Manitoba,Manufacturing [31-33],57743,B,49.8844,-97.1464
2023-03,Manitoba,Manufacturing [31-33],57404,B,49.8844,-97.1464
2023-04,Manitoba,Manufacturing [31-33],57590,B,49.8844,-97.1464
2023-05,Manitoba,Manufacturing [31-33],58275,B,49.8844,-97.1464
2023-06,Manitoba,Manufacturing [31-33],59030,B,49.8844,-97.1464
2023-07,Manitoba,Manufacturing [31-33],59063,B,49.8844,-97.1464
2023-08,Manitoba,Manufacturing [31-33],58801,B,49.8844,-97.1464
2023-09,Manitoba,Manufacturing [31-33],58721,B,49.8844,-97.1464
2023-10,Manitoba,Manufacturing [31-33],58453,B,49.8844,-97.1464
2023-11,Manitoba,Manufacturing [31-33],58612,B,49.8844,-97.1464
2023-12,Manitoba,Manufacturing [31-33],58834,B,49.8844,-97.1464
2024-01,Manitoba,Manufacturing [31-33],57853,B,49.8844,-97.1464
2024-02,Manitoba,Manufacturing [31-33],57701,B,49.8844,-97.1464
2018-01,Manitoba,Trade [41-45N],92603,A,49.8844,-97.1464
2018-02,Manitoba,Trade [41-45N],90922,A,49.8844,-97.1464
2018-03,Manitoba,Trade [41-45N],91607,A,49.8844,-97.1464
2018-04,Manitoba,Trade [41-45N],92179,A,49.8844,-97.1464
2018-05,Manitoba,Trade [41-45N],93792,A,49.8844,-97.1464
2018-06,Manitoba,Trade [41-45N],95326,A,49.8844,-97.1464
2018-07,Manitoba,Trade [41-45N],94195,A,49.8844,-97.1464
2018-08,Manitoba,Trade [41-45N],94963,A,49.8844,-97.1464
2018-09,Manitoba,Trade [41-45N],95053,A,49.8844,-97.1464
2018-10,Manitoba,Trade [41-45N],94868,A,49.8844,-97.1464
2018-11,Manitoba,Trade [41-45N],96843,A,49.8844,-97.1464
2018-12,Manitoba,Trade [41-45N],96415,A,49.8844,-97.1464
2019-01,Manitoba,Trade [41-45N],93782,A,49.8844,-97.1464
2019-02,Manitoba,Trade [41-45N],93253,A,49.8844,-97.1464
2019-03,Manitoba,Trade [41-45N],93451,A,49.8844,-97.1464
2019-04,Manitoba,Trade [41-45N],93468,A,49.8844,-97.1464
2019-05,Manitoba,Trade [41-45N],95456,A,49.8844,-97.1464
2019-06,Manitoba,Trade [41-45N],95754,A,49.8844,-97.1464
2019-07,Manitoba,Trade [41-45N],95213,A,49.8844,-97.1464
2019-08,Manitoba,Trade [41-45N],94483,A,49.8844,-97.1464
2019-09,Manitoba,Trade [41-45N],94219,A,49.8844,-97.1464
2019-10,Manitoba,Trade [41-45N],93930,A,49.8844,-97.1464
2019-11,Manitoba,Trade [41-45N],95200,B,49.8844,-97.1464
2019-12,Manitoba,Trade [41-45N],96547,A,49.8844,-97.1464
2020-01,Manitoba,Trade [41-45N],94340,A,49.8844,-97.1464
2020-02,Manitoba,Trade [41-45N],92701,B,49.8844,-97.1464
2020-03,Manitoba,Trade [41-45N],88350,B,49.8844,-97.1464
2020-04,Manitoba,Trade [41-45N],80162,B,49.8844,-97.1464
2020-05,Manitoba,Trade [41-45N],80180,B,49.8844,-97.1464
2020-06,Manitoba,Trade [41-45N],85886,B,49.8844,-97.1464
2020-07,Manitoba,Trade [41-45N],89125,B,49.8844,-97.1464
2020-08,Manitoba,Trade [41-45N],89496,B,49.8844,-97.1464
2020-09,Manitoba,Trade [41-45N],90049,A,49.8844,-97.1464
2020-10,Manitoba,Trade [41-45N],91670,A,49.8844,-97.1464
2020-11,Manitoba,Trade [41-45N],91904,B,49.8844,-97.1464
2020-12,Manitoba,Trade [41-45N],91661,A,49.8844,-97.1464
2021-01,Manitoba,Trade [41-45N],88173,B,49.8844,-97.1464
2021-02,Manitoba,Trade [41-45N],87705,A,49.8844,-97.1464
2021-03,Manitoba,Trade [41-45N],89678,A,49.8844,-97.1464
2021-04,Manitoba,Trade [41-45N],90549,A,49.8844,-97.1464
2021-05,Manitoba,Trade [41-45N],89802,A,49.8844,-97.1464
2021-06,Manitoba,Trade [41-45N],91085,B,49.8844,-97.1464
2021-07,Manitoba,Trade [41-45N],92228,B,49.8844,-97.1464
2021-08,Manitoba,Trade [41-45N],91716,B,49.8844,-97.1464
2021-09,Manitoba,Trade [41-45N],91706,A,49.8844,-97.1464
2021-10,Manitoba,Trade [41-45N],90995,B,49.8844,-97.1464
2021-11,Manitoba,Trade [41-45N],91925,B,49.8844,-97.1464
2021-12,Manitoba,Trade [41-45N],92861,B,49.8844,-97.1464
2022-01,Manitoba,Trade [41-45N],90758,B,49.8844,-97.1464
2022-02,Manitoba,Trade [41-45N],89539,A,49.8844,-97.1464
2022-03,Manitoba,Trade [41-45N],89604,B,49.8844,-97.1464
2022-04,Manitoba,Trade [41-45N],90524,A,49.8844,-97.1464
2022-05,Manitoba,Trade [41-45N],91382,A,49.8844,-97.1464
2022-06,Manitoba,Trade [41-45N],92629,B,49.8844,-97.1464
2022-07,Manitoba,Trade [41-45N],92689,B,49.8844,-97.1464
2022-08,Manitoba,Trade [41-45N],92331,B,49.8844,-97.1464
2022-09,Manitoba,Trade [41-45N],92729,B,49.8844,-97.1464
2022-10,Manitoba,Trade [41-45N],91849,B,49.8844,-97.1464
2022-11,Manitoba,Trade [41-45N],93269,B,49.8844,-97.1464
2022-12,Manitoba,Trade [41-45N],93284,B,49.8844,-97.1464
2023-01,Manitoba,Trade [41-45N],92174,B,49.8844,-97.1464
2023-02,Manitoba,Trade [41-45N],91564,A,49.8844,-97.1464
2023-03,Manitoba,Trade [41-45N],91074,B,49.8844,-97.1464
2023-04,Manitoba,Trade [41-45N],91457,B,49.8844,-97.1464
2023-05,Manitoba,Trade [41-45N],92706,B,49.8844,-97.1464
2023-06,Manitoba,Trade [41-45N],93611,B,49.8844,-97.1464
2023-07,Manitoba,Trade [41-45N],93338,B,49.8844,-97.1464
2023-08,Manitoba,Trade [41-45N],92736,B,49.8844,-97.1464
2023-09,Manitoba,Trade [41-45N],92468,A,49.8844,-97.1464
2023-10,Manitoba,Trade [41-45N],92698,A,49.8844,-97.1464
2023-11,Manitoba,Trade [41-45N],93169,B,49.8844,-97.1464
2023-12,Manitoba,Trade [41-45N],93444,B,49.8844,-97.1464
2024-01,Manitoba,Trade [41-45N],91615,B,49.8844,-97.1464
2024-02,Manitoba,Trade [41-45N],90015,B,49.8844,-97.1464
2018-01,Manitoba,Transportation and warehousing [48-49],32799,A,49.8844,-97.1464
2018-02,Manitoba,Transportation and warehousing [48-49],32863,A,49.8844,-97.1464
2018-03,Manitoba,Transportation and warehousing [48-49],33007,A,49.8844,-97.1464
2018-04,Manitoba,Transportation and warehousing [48-49],33389,A,49.8844,-97.1464
2018-05,Manitoba,Transportation and warehousing [48-49],33899,A,49.8844,-97.1464
2018-06,Manitoba,Transportation and warehousing [48-49],34747,A,49.8844,-97.1464
2018-07,Manitoba,Transportation and warehousing [48-49],34705,A,49.8844,-97.1464
2018-08,Manitoba,Transportation and warehousing [48-49],34385,A,49.8844,-97.1464
2018-09,Manitoba,Transportation and warehousing [48-49],34609,A,49.8844,-97.1464
2018-10,Manitoba,Transportation and warehousing [48-49],34651,A,49.8844,-97.1464
2018-11,Manitoba,Transportation and warehousing [48-49],35180,A,49.8844,-97.1464
2018-12,Manitoba,Transportation and warehousing [48-49],35404,A,49.8844,-97.1464
2019-01,Manitoba,Transportation and warehousing [48-49],34535,A,49.8844,-97.1464
2019-02,Manitoba,Transportation and warehousing [48-49],34546,A,49.8844,-97.1464
2019-03,Manitoba,Transportation and warehousing [48-49],34180,A,49.8844,-97.1464
2019-04,Manitoba,Transportation and warehousing [48-49],34239,A,49.8844,-97.1464
2019-05,Manitoba,Transportation and warehousing [48-49],34679,A,49.8844,-97.1464
2019-06,Manitoba,Transportation and warehousing [48-49],35000,A,49.8844,-97.1464
2019-07,Manitoba,Transportation and warehousing [48-49],34829,A,49.8844,-97.1464
2019-08,Manitoba,Transportation and warehousing [48-49],34397,A,49.8844,-97.1464
2019-09,Manitoba,Transportation and warehousing [48-49],34467,B,49.8844,-97.1464
2019-10,Manitoba,Transportation and warehousing [48-49],34819,B,49.8844,-97.1464
2019-11,Manitoba,Transportation and warehousing [48-49],34711,B,49.8844,-97.1464
2019-12,Manitoba,Transportation and warehousing [48-49],35262,B,49.8844,-97.1464
2020-01,Manitoba,Transportation and warehousing [48-49],35134,B,49.8844,-97.1464
2020-02,Manitoba,Transportation and warehousing [48-49],34205,B,49.8844,-97.1464
2020-03,Manitoba,Transportation and warehousing [48-49],33088,B,49.8844,-97.1464
2020-04,Manitoba,Transportation and warehousing [48-49],32464,B,49.8844,-97.1464
2020-05,Manitoba,Transportation and warehousing [48-49],31362,B,49.8844,-97.1464
2020-06,Manitoba,Transportation and warehousing [48-49],32580,B,49.8844,-97.1464
2020-07,Manitoba,Transportation and warehousing [48-49],32484,B,49.8844,-97.1464
2020-08,Manitoba,Transportation and warehousing [48-49],32430,B,49.8844,-97.1464
2020-09,Manitoba,Transportation and warehousing [48-49],33714,A,49.8844,-97.1464
2020-10,Manitoba,Transportation and warehousing [48-49],34425,B,49.8844,-97.1464
2020-11,Manitoba,Transportation and warehousing [48-49],34484,B,49.8844,-97.1464
2020-12,Manitoba,Transportation and warehousing [48-49],35185,B,49.8844,-97.1464
2021-01,Manitoba,Transportation and warehousing [48-49],34296,B,49.8844,-97.1464
2021-02,Manitoba,Transportation and warehousing [48-49],34700,B,49.8844,-97.1464
2021-03,Manitoba,Transportation and warehousing [48-49],34692,B,49.8844,-97.1464
2021-04,Manitoba,Transportation and warehousing [48-49],35291,B,49.8844,-97.1464
2021-05,Manitoba,Transportation and warehousing [48-49],35126,B,49.8844,-97.1464
2021-06,Manitoba,Transportation and warehousing [48-49],35649,B,49.8844,-97.1464
2021-07,Manitoba,Transportation and warehousing [48-49],36230,B,49.8844,-97.1464
2021-08,Manitoba,Transportation and warehousing [48-49],36075,B,49.8844,-97.1464
2021-09,Manitoba,Transportation and warehousing [48-49],36350,B,49.8844,-97.1464
2021-10,Manitoba,Transportation and warehousing [48-49],36343,B,49.8844,-97.1464
2021-11,Manitoba,Transportation and warehousing [48-49],36695,B,49.8844,-97.1464
2021-12,Manitoba,Transportation and warehousing [48-49],37442,B,49.8844,-97.1464
2022-01,Manitoba,Transportation and warehousing [48-49],36598,B,49.8844,-97.1464
2022-02,Manitoba,Transportation and warehousing [48-49],36722,B,49.8844,-97.1464
2022-03,Manitoba,Transportation and warehousing [48-49],36573,B,49.8844,-97.1464
2022-04,Manitoba,Transportation and warehousing [48-49],37156,B,49.8844,-97.1464
2022-05,Manitoba,Transportation and warehousing [48-49],37025,B,49.8844,-97.1464
2022-06,Manitoba,Transportation and warehousing [48-49],37742,B,49.8844,-97.1464
2022-07,Manitoba,Transportation and warehousing [48-49],37794,B,49.8844,-97.1464
2022-08,Manitoba,Transportation and warehousing [48-49],38030,B,49.8844,-97.1464
2022-09,Manitoba,Transportation and warehousing [48-49],38033,B,49.8844,-97.1464
2022-10,Manitoba,Transportation and warehousing [48-49],38242,B,49.8844,-97.1464
2022-11,Manitoba,Transportation and warehousing [48-49],38328,B,49.8844,-97.1464
2022-12,Manitoba,Transportation and warehousing [48-49],39105,B,49.8844,-97.1464
2023-01,Manitoba,Transportation and warehousing [48-49],38387,B,49.8844,-97.1464
2023-02,Manitoba,Transportation and warehousing [48-49],38656,B,49.8844,-97.1464
2023-03,Manitoba,Transportation and warehousing [48-49],38362,B,49.8844,-97.1464
2023-04,Manitoba,Transportation and warehousing [48-49],38459,B,49.8844,-97.1464
2023-05,Manitoba,Transportation and warehousing [48-49],38784,B,49.8844,-97.1464
2023-06,Manitoba,Transportation and warehousing [48-49],39313,C,49.8844,-97.1464
2023-07,Manitoba,Transportation and warehousing [48-49],39949,B,49.8844,-97.1464
2023-08,Manitoba,Transportation and warehousing [48-49],39136,B,49.8844,-97.1464
2023-09,Manitoba,Transportation and warehousing [48-49],38959,B,49.8844,-97.1464
2023-10,Manitoba,Transportation and warehousing [48-49],39123,B,49.8844,-97.1464
2023-11,Manitoba,Transportation and warehousing [48-49],38925,B,49.8844,-97.1464
2023-12,Manitoba,Transportation and warehousing [48-49],39033,B,49.8844,-97.1464
2024-01,Manitoba,Transportation and warehousing [48-49],38418,B,49.8844,-97.1464
2024-02,Manitoba,Transportation and warehousing [48-49],38539,B,49.8844,-97.1464
2018-01,Manitoba,Information and cultural industries [51],11848,A,49.8844,-97.1464
2018-02,Manitoba,Information and cultural industries [51],11865,A,49.8844,-97.1464
2018-03,Manitoba,Information and cultural industries [51],11744,A,49.8844,-97.1464
2018-04,Manitoba,Information and cultural industries [51],11574,A,49.8844,-97.1464
2018-05,Manitoba,Information and cultural industries [51],11397,A,49.8844,-97.1464
2018-06,Manitoba,Information and cultural industries [51],12150,A,49.8844,-97.1464
2018-07,Manitoba,Information and cultural industries [51],12133,A,49.8844,-97.1464
2018-08,Manitoba,Information and cultural industries [51],12140,A,49.8844,-97.1464
2018-09,Manitoba,Information and cultural industries [51],12154,A,49.8844,-97.1464
2018-10,Manitoba,Information and cultural industries [51],11978,A,49.8844,-97.1464
2018-11,Manitoba,Information and cultural industries [51],12112,A,49.8844,-97.1464
2018-12,Manitoba,Information and cultural industries [51],11974,A,49.8844,-97.1464
2019-01,Manitoba,Information and cultural industries [51],12168,A,49.8844,-97.1464
2019-02,Manitoba,Information and cultural industries [51],11821,A,49.8844,-97.1464
2019-03,Manitoba,Information and cultural industries [51],11708,A,49.8844,-97.1464
2019-04,Manitoba,Information and cultural industries [51],11732,A,49.8844,-97.1464
2019-05,Manitoba,Information and cultural industries [51],11723,A,49.8844,-97.1464
2019-06,Manitoba,Information and cultural industries [51],11939,A,49.8844,-97.1464
2019-07,Manitoba,Information and cultural industries [51],12085,A,49.8844,-97.1464
2019-08,Manitoba,Information and cultural industries [51],11784,A,49.8844,-97.1464
2019-09,Manitoba,Information and cultural industries [51],12053,A,49.8844,-97.1464
2019-10,Manitoba,Information and cultural industries [51],12011,A,49.8844,-97.1464
2019-11,Manitoba,Information and cultural industries [51],12134,A,49.8844,-97.1464
2019-12,Manitoba,Information and cultural industries [51],12185,A,49.8844,-97.1464
2020-01,Manitoba,Information and cultural industries [51],12141,A,49.8844,-97.1464
2020-02,Manitoba,Information and cultural industries [51],12403,B,49.8844,-97.1464
2020-03,Manitoba,Information and cultural industries [51],13639,B,49.8844,-97.1464
2020-04,Manitoba,Information and cultural industries [51],13776,B,49.8844,-97.1464
2020-05,Manitoba,Information and cultural industries [51],13200,B,49.8844,-97.1464
2020-06,Manitoba,Information and cultural industries [51],13655,B,49.8844,-97.1464
2020-07,Manitoba,Information and cultural industries [51],14929,B,49.8844,-97.1464
2020-08,Manitoba,Information and cultural industries [51],16140,A,49.8844,-97.1464
2020-09,Manitoba,Information and cultural industries [51],16157,B,49.8844,-97.1464
2020-10,Manitoba,Information and cultural industries [51],16250,A,49.8844,-97.1464
2020-11,Manitoba,Information and cultural industries [51],16445,A,49.8844,-97.1464
2020-12,Manitoba,Information and cultural industries [51],15997,D,49.8844,-97.1464
2021-01,Manitoba,Information and cultural industries [51],15850,B,49.8844,-97.1464
2021-02,Manitoba,Information and cultural industries [51],16084,A,49.8844,-97.1464
2021-03,Manitoba,Information and cultural industries [51],17049,B,49.8844,-97.1464
2021-04,Manitoba,Information and cultural industries [51],17915,A,49.8844,-97.1464
2021-05,Manitoba,Information and cultural industries [51],16559,A,49.8844,-97.1464
2021-06,Manitoba,Information and cultural industries [51],16741,A,49.8844,-97.1464
2021-07,Manitoba,Information and cultural industries [51],17008,A,49.8844,-97.1464
2021-08,Manitoba,Information and cultural industries [51],17070,B,49.8844,-97.1464
2021-09,Manitoba,Information and cultural industries [51],16922,A,49.8844,-97.1464
2021-10,Manitoba,Information and cultural industries [51],16909,A,49.8844,-97.1464
2021-11,Manitoba,Information and cultural industries [51],17735,B,49.8844,-97.1464
2021-12,Manitoba,Information and cultural industries [51],17692,B,49.8844,-97.1464
2022-01,Manitoba,Information and cultural industries [51],17985,A,49.8844,-97.1464
2022-02,Manitoba,Information and cultural industries [51],18122,A,49.8844,-97.1464
2022-03,Manitoba,Information and cultural industries [51],17905,A,49.8844,-97.1464
2022-04,Manitoba,Information and cultural industries [51],18120,A,49.8844,-97.1464
2022-05,Manitoba,Information and cultural industries [51],17942,A,49.8844,-97.1464
2022-06,Manitoba,Information and cultural industries [51],18352,B,49.8844,-97.1464
2022-07,Manitoba,Information and cultural industries [51],18660,C,49.8844,-97.1464
2022-08,Manitoba,Information and cultural industries [51],18474,B,49.8844,-97.1464
2022-09,Manitoba,Information and cultural industries [51],18317,A,49.8844,-97.1464
2022-10,Manitoba,Information and cultural industries [51],18096,A,49.8844,-97.1464
2022-11,Manitoba,Information and cultural industries [51],18090,B,49.8844,-97.1464
2022-12,Manitoba,Information and cultural industries [51],18345,B,49.8844,-97.1464
2023-01,Manitoba,Information and cultural industries [51],18354,E,49.8844,-97.1464
2023-02,Manitoba,Information and cultural industries [51],18349,B,49.8844,-97.1464
2023-03,Manitoba,Information and cultural industries [51],18120,B,49.8844,-97.1464
2023-04,Manitoba,Information and cultural industries [51],17954,B,49.8844,-97.1464
2023-05,Manitoba,Information and cultural industries [51],17861,B,49.8844,-97.1464
2023-06,Manitoba,Information and cultural industries [51],17771,C,49.8844,-97.1464
2023-07,Manitoba,Information and cultural industries [51],17762,B,49.8844,-97.1464
2023-08,Manitoba,Information and cultural industries [51],17525,B,49.8844,-97.1464
2023-09,Manitoba,Information and cultural industries [51],17684,A,49.8844,-97.1464
2023-10,Manitoba,Information and cultural industries [51],17768,B,49.8844,-97.1464
2023-11,Manitoba,Information and cultural industries [51],18603,A,49.8844,-97.1464
2023-12,Manitoba,Information and cultural industries [51],18473,A,49.8844,-97.1464
2024-01,Manitoba,Information and cultural industries [51],18443,A,49.8844,-97.1464
2024-02,Manitoba,Information and cultural industries [51],18338,B,49.8844,-97.1464
2018-01,Manitoba,Finance and insurance [52],33053,A,49.8844,-97.1464
2018-02,Manitoba,Finance and insurance [52],33405,A,49.8844,-97.1464
2018-03,Manitoba,Finance and insurance [52],33468,A,49.8844,-97.1464
2018-04,Manitoba,Finance and insurance [52],33470,A,49.8844,-97.1464
2018-05,Manitoba,Finance and insurance [52],33968,A,49.8844,-97.1464
2018-06,Manitoba,Finance and insurance [52],34231,A,49.8844,-97.1464
2018-07,Manitoba,Finance and insurance [52],34219,A,49.8844,-97.1464
2018-08,Manitoba,Finance and insurance [52],34527,A,49.8844,-97.1464
2018-09,Manitoba,Finance and insurance [52],34356,A,49.8844,-97.1464
2018-10,Manitoba,Finance and insurance [52],34246,A,49.8844,-97.1464
2018-11,Manitoba,Finance and insurance [52],34741,A,49.8844,-97.1464
2018-12,Manitoba,Finance and insurance [52],35688,A,49.8844,-97.1464
2019-01,Manitoba,Finance and insurance [52],34534,A,49.8844,-97.1464
2019-02,Manitoba,Finance and insurance [52],34307,A,49.8844,-97.1464
2019-03,Manitoba,Finance and insurance [52],34269,A,49.8844,-97.1464
2019-04,Manitoba,Finance and insurance [52],34308,A,49.8844,-97.1464
2019-05,Manitoba,Finance and insurance [52],34654,A,49.8844,-97.1464
2019-06,Manitoba,Finance and insurance [52],34778,A,49.8844,-97.1464
2019-07,Manitoba,Finance and insurance [52],34909,A,49.8844,-97.1464
2019-08,Manitoba,Finance and insurance [52],34842,A,49.8844,-97.1464
2019-09,Manitoba,Finance and insurance [52],34762,A,49.8844,-97.1464
2019-10,Manitoba,Finance and insurance [52],34551,A,49.8844,-97.1464
2019-11,Manitoba,Finance and insurance [52],34975,A,49.8844,-97.1464
2019-12,Manitoba,Finance and insurance [52],35961,A,49.8844,-97.1464
2020-01,Manitoba,Finance and insurance [52],34757,A,49.8844,-97.1464
2020-02,Manitoba,Finance and insurance [52],34375,A,49.8844,-97.1464
2020-03,Manitoba,Finance and insurance [52],33588,B,49.8844,-97.1464
2020-04,Manitoba,Finance and insurance [52],30054,B,49.8844,-97.1464
2020-05,Manitoba,Finance and insurance [52],29675,A,49.8844,-97.1464
2020-06,Manitoba,Finance and insurance [52],29917,A,49.8844,-97.1464
2020-07,Manitoba,Finance and insurance [52],30211,A,49.8844,-97.1464
2020-08,Manitoba,Finance and insurance [52],30055,A,49.8844,-97.1464
2020-09,Manitoba,Finance and insurance [52],30186,A,49.8844,-97.1464
2020-10,Manitoba,Finance and insurance [52],30427,A,49.8844,-97.1464
2020-11,Manitoba,Finance and insurance [52],30600,A,49.8844,-97.1464
2020-12,Manitoba,Finance and insurance [52],30826,A,49.8844,-97.1464
2021-01,Manitoba,Finance and insurance [52],30560,A,49.8844,-97.1464
2021-02,Manitoba,Finance and insurance [52],30955,A,49.8844,-97.1464
2021-03,Manitoba,Finance and insurance [52],30802,A,49.8844,-97.1464
2021-04,Manitoba,Finance and insurance [52],31148,A,49.8844,-97.1464
2021-05,Manitoba,Finance and insurance [52],31368,A,49.8844,-97.1464
2021-06,Manitoba,Finance and insurance [52],31676,A,49.8844,-97.1464
2021-07,Manitoba,Finance and insurance [52],31469,A,49.8844,-97.1464
2021-08,Manitoba,Finance and insurance [52],31215,A,49.8844,-97.1464
2021-09,Manitoba,Finance and insurance [52],31630,A,49.8844,-97.1464
2021-10,Manitoba,Finance and insurance [52],31471,A,49.8844,-97.1464
2021-11,Manitoba,Finance and insurance [52],31508,A,49.8844,-97.1464
2021-12,Manitoba,Finance and insurance [52],32317,A,49.8844,-97.1464
2022-01,Manitoba,Finance and insurance [52],32583,A,49.8844,-97.1464
2022-02,Manitoba,Finance and insurance [52],32323,A,49.8844,-97.1464
2022-03,Manitoba,Finance and insurance [52],32441,A,49.8844,-97.1464
2022-04,Manitoba,Finance and insurance [52],32719,A,49.8844,-97.1464
2022-05,Manitoba,Finance and insurance [52],32554,A,49.8844,-97.1464
2022-06,Manitoba,Finance and insurance [52],33165,B,49.8844,-97.1464
2022-07,Manitoba,Finance and insurance [52],33212,B,49.8844,-97.1464
2022-08,Manitoba,Finance and insurance [52],33274,A,49.8844,-97.1464
2022-09,Manitoba,Finance and insurance [52],33408,B,49.8844,-97.1464
2022-10,Manitoba,Finance and insurance [52],33142,A,49.8844,-97.1464
2022-11,Manitoba,Finance and insurance [52],33167,A,49.8844,-97.1464
2022-12,Manitoba,Finance and insurance [52],34305,A,49.8844,-97.1464
2023-01,Manitoba,Finance and insurance [52],33594,A,49.8844,-97.1464
2023-02,Manitoba,Finance and insurance [52],33557,A,49.8844,-97.1464
2023-03,Manitoba,Finance and insurance [52],33586,A,49.8844,-97.1464
2023-04,Manitoba,Finance and insurance [52],33493,A,49.8844,-97.1464
2023-05,Manitoba,Finance and insurance [52],33714,B,49.8844,-97.1464
2023-06,Manitoba,Finance and insurance [52],33986,A,49.8844,-97.1464
2023-07,Manitoba,Finance and insurance [52],34479,A,49.8844,-97.1464
2023-08,Manitoba,Finance and insurance [52],33956,B,49.8844,-97.1464
2023-09,Manitoba,Finance and insurance [52],34245,B,49.8844,-97.1464
2023-10,Manitoba,Finance and insurance [52],33480,A,49.8844,-97.1464
2023-11,Manitoba,Finance and insurance [52],32919,A,49.8844,-97.1464
2023-12,Manitoba,Finance and insurance [52],33120,A,49.8844,-97.1464
2024-01,Manitoba,Finance and insurance [52],33041,A,49.8844,-97.1464
2024-02,Manitoba,Finance and insurance [52],33175,A,49.8844,-97.1464
2018-01,Manitoba,Real estate and rental and leasing [53],9331,A,49.8844,-97.1464
2018-02,Manitoba,Real estate and rental and leasing [53],9582,A,49.8844,-97.1464
2018-03,Manitoba,Real estate and rental and leasing [53],9493,A,49.8844,-97.1464
2018-04,Manitoba,Real estate and rental and leasing [53],9536,A,49.8844,-97.1464
2018-05,Manitoba,Real estate and rental and leasing [53],9810,A,49.8844,-97.1464
2018-06,Manitoba,Real estate and rental and leasing [53],10054,A,49.8844,-97.1464
2018-07,Manitoba,Real estate and rental and leasing [53],10181,A,49.8844,-97.1464
2018-08,Manitoba,Real estate and rental and leasing [53],10032,A,49.8844,-97.1464
2018-09,Manitoba,Real estate and rental and leasing [53],10082,A,49.8844,-97.1464
2018-10,Manitoba,Real estate and rental and leasing [53],9936,A,49.8844,-97.1464
2018-11,Manitoba,Real estate and rental and leasing [53],9853,A,49.8844,-97.1464
2018-12,Manitoba,Real estate and rental and leasing [53],10020,A,49.8844,-97.1464
2019-01,Manitoba,Real estate and rental and leasing [53],8861,A,49.8844,-97.1464
2019-02,Manitoba,Real estate and rental and leasing [53],9002,A,49.8844,-97.1464
2019-03,Manitoba,Real estate and rental and leasing [53],11507,A,49.8844,-97.1464
2019-04,Manitoba,Real estate and rental and leasing [53],11152,A,49.8844,-97.1464
2019-05,Manitoba,Real estate and rental and leasing [53],11353,A,49.8844,-97.1464
2019-06,Manitoba,Real estate and rental and leasing [53],11910,A,49.8844,-97.1464
2019-07,Manitoba,Real estate and rental and leasing [53],11847,A,49.8844,-97.1464
2019-08,Manitoba,Real estate and rental and leasing [53],11674,A,49.8844,-97.1464
2019-09,Manitoba,Real estate and rental and leasing [53],11623,A,49.8844,-97.1464
2019-10,Manitoba,Real estate and rental and leasing [53],11444,A,49.8844,-97.1464
2019-11,Manitoba,Real estate and rental and leasing [53],11540,A,49.8844,-97.1464
2019-12,Manitoba,Real estate and rental and leasing [53],11955,A,49.8844,-97.1464
2020-01,Manitoba,Real estate and rental and leasing [53],11260,A,49.8844,-97.1464
2020-02,Manitoba,Real estate and rental and leasing [53],8864,A,49.8844,-97.1464
2020-03,Manitoba,Real estate and rental and leasing [53],8450,B,49.8844,-97.1464
2020-04,Manitoba,Real estate and rental and leasing [53],7836,B,49.8844,-97.1464
2020-05,Manitoba,Real estate and rental and leasing [53],7726,B,49.8844,-97.1464
2020-06,Manitoba,Real estate and rental and leasing [53],8169,B,49.8844,-97.1464
2020-07,Manitoba,Real estate and rental and leasing [53],8369,B,49.8844,-97.1464
2020-08,Manitoba,Real estate and rental and leasing [53],8511,B,49.8844,-97.1464
2020-09,Manitoba,Real estate and rental and leasing [53],8269,A,49.8844,-97.1464
2020-10,Manitoba,Real estate and rental and leasing [53],8308,B,49.8844,-97.1464
2020-11,Manitoba,Real estate and rental and leasing [53],8214,A,49.8844,-97.1464
2020-12,Manitoba,Real estate and rental and leasing [53],8366,A,49.8844,-97.1464
2021-01,Manitoba,Real estate and rental and leasing [53],7970,A,49.8844,-97.1464
2021-02,Manitoba,Real estate and rental and leasing [53],7864,A,49.8844,-97.1464
2021-03,Manitoba,Real estate and rental and leasing [53],7784,A,49.8844,-97.1464
2021-04,Manitoba,Real estate and rental and leasing [53],7737,B,49.8844,-97.1464
2021-05,Manitoba,Real estate and rental and leasing [53],7685,B,49.8844,-97.1464
2021-06,Manitoba,Real estate and rental and leasing [53],7834,A,49.8844,-97.1464
2021-07,Manitoba,Real estate and rental and leasing [53],8258,A,49.8844,-97.1464
2021-08,Manitoba,Real estate and rental and leasing [53],8155,A,49.8844,-97.1464
2021-09,Manitoba,Real estate and rental and leasing [53],8027,A,49.8844,-97.1464
2021-10,Manitoba,Real estate and rental and leasing [53],8013,B,49.8844,-97.1464
2021-11,Manitoba,Real estate and rental and leasing [53],7893,A,49.8844,-97.1464
2021-12,Manitoba,Real estate and rental and leasing [53],8214,B,49.8844,-97.1464
2022-01,Manitoba,Real estate and rental and leasing [53],7814,B,49.8844,-97.1464
2022-02,Manitoba,Real estate and rental and leasing [53],7672,B,49.8844,-97.1464
2022-03,Manitoba,Real estate and rental and leasing [53],7440,B,49.8844,-97.1464
2022-04,Manitoba,Real estate and rental and leasing [53],7593,A,49.8844,-97.1464
2022-05,Manitoba,Real estate and rental and leasing [53],7998,B,49.8844,-97.1464
2022-06,Manitoba,Real estate and rental and leasing [53],8096,B,49.8844,-97.1464
2022-07,Manitoba,Real estate and rental and leasing [53],8161,B,49.8844,-97.1464
2022-08,Manitoba,Real estate and rental and leasing [53],7979,B,49.8844,-97.1464
2022-09,Manitoba,Real estate and rental and leasing [53],7941,B,49.8844,-97.1464
2022-10,Manitoba,Real estate and rental and leasing [53],7896,B,49.8844,-97.1464
2022-11,Manitoba,Real estate and rental and leasing [53],7897,B,49.8844,-97.1464
2022-12,Manitoba,Real estate and rental and leasing [53],8431,B,49.8844,-97.1464
2023-01,Manitoba,Real estate and rental and leasing [53],7663,B,49.8844,-97.1464
2023-02,Manitoba,Real estate and rental and leasing [53],7530,B,49.8844,-97.1464
2023-03,Manitoba,Real estate and rental and leasing [53],7603,B,49.8844,-97.1464
2023-04,Manitoba,Real estate and rental and leasing [53],7619,B,49.8844,-97.1464
2023-05,Manitoba,Real estate and rental and leasing [53],7858,B,49.8844,-97.1464
2023-06,Manitoba,Real estate and rental and leasing [53],8308,B,49.8844,-97.1464
2023-07,Manitoba,Real estate and rental and leasing [53],8462,A,49.8844,-97.1464
2023-08,Manitoba,Real estate and rental and leasing [53],8192,B,49.8844,-97.1464
2023-09,Manitoba,Real estate and rental and leasing [53],8395,B,49.8844,-97.1464
2023-10,Manitoba,Real estate and rental and leasing [53],8240,B,49.8844,-97.1464
2023-11,Manitoba,Real estate and rental and leasing [53],8115,B,49.8844,-97.1464
2023-12,Manitoba,Real estate and rental and leasing [53],8440,A,49.8844,-97.1464
2024-01,Manitoba,Real estate and rental and leasing [53],7981,A,49.8844,-97.1464
2024-02,Manitoba,Real estate and rental and leasing [53],7749,B,49.8844,-97.1464
2018-01,Manitoba,"Professional, scientific and technical services [54,541]",17079,A,49.8844,-97.1464
2018-02,Manitoba,"Professional, scientific and technical services [54,541]",17391,A,49.8844,-97.1464
2018-03,Manitoba,"Professional, scientific and technical services [54,541]",17580,A,49.8844,-97.1464
2018-04,Manitoba,"Professional, scientific and technical services [54,541]",17549,A,49.8844,-97.1464
2018-05,Manitoba,"Professional, scientific and technical services [54,541]",18101,A,49.8844,-97.1464
2018-06,Manitoba,"Professional, scientific and technical services [54,541]",17930,A,49.8844,-97.1464
2018-07,Manitoba,"Professional, scientific and technical services [54,541]",17750,A,49.8844,-97.1464
2018-08,Manitoba,"Professional, scientific and technical services [54,541]",17916,A,49.8844,-97.1464
2018-09,Manitoba,"Professional, scientific and technical services [54,541]",17572,A,49.8844,-97.1464
2018-10,Manitoba,"Professional, scientific and technical services [54,541]",17698,A,49.8844,-97.1464
2018-11,Manitoba,"Professional, scientific and technical services [54,541]",17755,A,49.8844,-97.1464
2018-12,Manitoba,"Professional, scientific and technical services [54,541]",18405,A,49.8844,-97.1464
2019-01,Manitoba,"Professional, scientific and technical services [54,541]",18115,A,49.8844,-97.1464
2019-02,Manitoba,"Professional, scientific and technical services [54,541]",18267,A,49.8844,-97.1464
2019-03,Manitoba,"Professional, scientific and technical services [54,541]",18356,A,49.8844,-97.1464
2019-04,Manitoba,"Professional, scientific and technical services [54,541]",18482,A,49.8844,-97.1464
2019-05,Manitoba,"Professional, scientific and technical services [54,541]",18504,A,49.8844,-97.1464
2019-06,Manitoba,"Professional, scientific and technical services [54,541]",18582,A,49.8844,-97.1464
2019-07,Manitoba,"Professional, scientific and technical services [54,541]",18451,A,49.8844,-97.1464
2019-08,Manitoba,"Professional, scientific and technical services [54,541]",18454,A,49.8844,-97.1464
2019-09,Manitoba,"Professional, scientific and technical services [54,541]",18212,B,49.8844,-97.1464
2019-10,Manitoba,"Professional, scientific and technical services [54,541]",17801,A,49.8844,-97.1464
2019-11,Manitoba,"Professional, scientific and technical services [54,541]",17854,B,49.8844,-97.1464
2019-12,Manitoba,"Professional, scientific and technical services [54,541]",18351,A,49.8844,-97.1464
2020-01,Manitoba,"Professional, scientific and technical services [54,541]",18206,A,49.8844,-97.1464
2020-02,Manitoba,"Professional, scientific and technical services [54,541]",18311,B,49.8844,-97.1464
2020-03,Manitoba,"Professional, scientific and technical services [54,541]",18022,B,49.8844,-97.1464
2020-04,Manitoba,"Professional, scientific and technical services [54,541]",17251,B,49.8844,-97.1464
2020-05,Manitoba,"Professional, scientific and technical services [54,541]",17198,B,49.8844,-97.1464
2020-06,Manitoba,"Professional, scientific and technical services [54,541]",17324,B,49.8844,-97.1464
2020-07,Manitoba,"Professional, scientific and technical services [54,541]",17445,B,49.8844,-97.1464
2020-08,Manitoba,"Professional, scientific and technical services [54,541]",17641,B,49.8844,-97.1464
2020-09,Manitoba,"Professional, scientific and technical services [54,541]",17585,A,49.8844,-97.1464
2020-10,Manitoba,"Professional, scientific and technical services [54,541]",17705,B,49.8844,-97.1464
2020-11,Manitoba,"Professional, scientific and technical services [54,541]",17813,A,49.8844,-97.1464
2020-12,Manitoba,"Professional, scientific and technical services [54,541]",17859,A,49.8844,-97.1464
2021-01,Manitoba,"Professional, scientific and technical services [54,541]",18478,A,49.8844,-97.1464
2021-02,Manitoba,"Professional, scientific and technical services [54,541]",19004,A,49.8844,-97.1464
2021-03,Manitoba,"Professional, scientific and technical services [54,541]",18965,B,49.8844,-97.1464
2021-04,Manitoba,"Professional, scientific and technical services [54,541]",19642,A,49.8844,-97.1464
2021-05,Manitoba,"Professional, scientific and technical services [54,541]",20097,A,49.8844,-97.1464
2021-06,Manitoba,"Professional, scientific and technical services [54,541]",20556,A,49.8844,-97.1464
2021-07,Manitoba,"Professional, scientific and technical services [54,541]",20105,B,49.8844,-97.1464
2021-08,Manitoba,"Professional, scientific and technical services [54,541]",20106,A,49.8844,-97.1464
2021-09,Manitoba,"Professional, scientific and technical services [54,541]",20026,A,49.8844,-97.1464
2021-10,Manitoba,"Professional, scientific and technical services [54,541]",20033,A,49.8844,-97.1464
2021-11,Manitoba,"Professional, scientific and technical services [54,541]",19104,B,49.8844,-97.1464
2021-12,Manitoba,"Professional, scientific and technical services [54,541]",19341,A,49.8844,-97.1464
2022-01,Manitoba,"Professional, scientific and technical services [54,541]",19540,A,49.8844,-97.1464
2022-02,Manitoba,"Professional, scientific and technical services [54,541]",19539,A,49.8844,-97.1464
2022-03,Manitoba,"Professional, scientific and technical services [54,541]",19493,B,49.8844,-97.1464
2022-04,Manitoba,"Professional, scientific and technical services [54,541]",19282,B,49.8844,-97.1464
2022-05,Manitoba,"Professional, scientific and technical services [54,541]",19480,A,49.8844,-97.1464
2022-06,Manitoba,"Professional, scientific and technical services [54,541]",19794,B,49.8844,-97.1464
2022-07,Manitoba,"Professional, scientific and technical services [54,541]",19966,B,49.8844,-97.1464
2022-08,Manitoba,"Professional, scientific and technical services [54,541]",19997,B,49.8844,-97.1464
2022-09,Manitoba,"Professional, scientific and technical services [54,541]",19934,B,49.8844,-97.1464
2022-10,Manitoba,"Professional, scientific and technical services [54,541]",19870,B,49.8844,-97.1464
2022-11,Manitoba,"Professional, scientific and technical services [54,541]",19966,B,49.8844,-97.1464
2022-12,Manitoba,"Professional, scientific and technical services [54,541]",20091,B,49.8844,-97.1464
2023-01,Manitoba,"Professional, scientific and technical services [54,541]",20027,A,49.8844,-97.1464
2023-02,Manitoba,"Professional, scientific and technical services [54,541]",19919,B,49.8844,-97.1464
2023-03,Manitoba,"Professional, scientific and technical services [54,541]",19791,A,49.8844,-97.1464
2023-04,Manitoba,"Professional, scientific and technical services [54,541]",19786,A,49.8844,-97.1464
2023-05,Manitoba,"Professional, scientific and technical services [54,541]",20293,B,49.8844,-97.1464
2023-06,Manitoba,"Professional, scientific and technical services [54,541]",20287,B,49.8844,-97.1464
2023-07,Manitoba,"Professional, scientific and technical services [54,541]",20262,A,49.8844,-97.1464
2023-08,Manitoba,"Professional, scientific and technical services [54,541]",20542,A,49.8844,-97.1464
2023-09,Manitoba,"Professional, scientific and technical services [54,541]",20431,A,49.8844,-97.1464
2023-10,Manitoba,"Professional, scientific and technical services [54,541]",20385,A,49.8844,-97.1464
2023-11,Manitoba,"Professional, scientific and technical services [54,541]",20224,B,49.8844,-97.1464
2023-12,Manitoba,"Professional, scientific and technical services [54,541]",20349,A,49.8844,-97.1464
2024-01,Manitoba,"Professional, scientific and technical services [54,541]",20352,A,49.8844,-97.1464
2024-02,Manitoba,"Professional, scientific and technical services [54,541]",20225,B,49.8844,-97.1464
2018-01,Manitoba,"Management of companies and enterprises [55,551,5511]",5101,A,49.8844,-97.1464
2018-02,Manitoba,"Management of companies and enterprises [55,551,5511]",5614,A,49.8844,-97.1464
2018-03,Manitoba,"Management of companies and enterprises [55,551,5511]",5626,A,49.8844,-97.1464
2018-04,Manitoba,"Management of companies and enterprises [55,551,5511]",5643,A,49.8844,-97.1464
2018-05,Manitoba,"Management of companies and enterprises [55,551,5511]",5652,A,49.8844,-97.1464
2018-06,Manitoba,"Management of companies and enterprises [55,551,5511]",5721,A,49.8844,-97.1464
2018-07,Manitoba,"Management of companies and enterprises [55,551,5511]",5864,A,49.8844,-97.1464
2018-08,Manitoba,"Management of companies and enterprises [55,551,5511]",5589,A,49.8844,-97.1464
2018-09,Manitoba,"Management of companies and enterprises [55,551,5511]",5678,A,49.8844,-97.1464
2018-10,Manitoba,"Management of companies and enterprises [55,551,5511]",5601,A,49.8844,-97.1464
2018-11,Manitoba,"Management of companies and enterprises [55,551,5511]",5786,A,49.8844,-97.1464
2018-12,Manitoba,"Management of companies and enterprises [55,551,5511]",5752,A,49.8844,-97.1464
2019-01,Manitoba,"Management of companies and enterprises [55,551,5511]",5585,A,49.8844,-97.1464
2019-02,Manitoba,"Management of companies and enterprises [55,551,5511]",5478,A,49.8844,-97.1464
2019-03,Manitoba,"Management of companies and enterprises [55,551,5511]",5380,A,49.8844,-97.1464
2019-04,Manitoba,"Management of companies and enterprises [55,551,5511]",5351,A,49.8844,-97.1464
2019-05,Manitoba,"Management of companies and enterprises [55,551,5511]",5315,A,49.8844,-97.1464
2019-06,Manitoba,"Management of companies and enterprises [55,551,5511]",5407,A,49.8844,-97.1464
2019-07,Manitoba,"Management of companies and enterprises [55,551,5511]",5405,A,49.8844,-97.1464
2019-08,Manitoba,"Management of companies and enterprises [55,551,5511]",5211,A,49.8844,-97.1464
2019-09,Manitoba,"Management of companies and enterprises [55,551,5511]",5344,B,49.8844,-97.1464
2019-10,Manitoba,"Management of companies and enterprises [55,551,5511]",5283,A,49.8844,-97.1464
2019-11,Manitoba,"Management of companies and enterprises [55,551,5511]",5156,B,49.8844,-97.1464
2019-12,Manitoba,"Management of companies and enterprises [55,551,5511]",5319,B,49.8844,-97.1464
2020-01,Manitoba,"Management of companies and enterprises [55,551,5511]",5138,A,49.8844,-97.1464
2020-02,Manitoba,"Management of companies and enterprises [55,551,5511]",5016,B,49.8844,-97.1464
2020-03,Manitoba,"Management of companies and enterprises [55,551,5511]",4694,B,49.8844,-97.1464
2020-04,Manitoba,"Management of companies and enterprises [55,551,5511]",4287,B,49.8844,-97.1464
2020-05,Manitoba,"Management of companies and enterprises [55,551,5511]",4019,B,49.8844,-97.1464
2020-06,Manitoba,"Management of companies and enterprises [55,551,5511]",4129,B,49.8844,-97.1464
2020-07,Manitoba,"Management of companies and enterprises [55,551,5511]",4315,B,49.8844,-97.1464
2020-08,Manitoba,"Management of companies and enterprises [55,551,5511]",4358,B,49.8844,-97.1464
2020-09,Manitoba,"Management of companies and enterprises [55,551,5511]",4459,A,49.8844,-97.1464
2020-10,Manitoba,"Management of companies and enterprises [55,551,5511]",4659,B,49.8844,-97.1464
2020-11,Manitoba,"Management of companies and enterprises [55,551,5511]",4634,A,49.8844,-97.1464
2020-12,Manitoba,"Management of companies and enterprises [55,551,5511]",4600,A,49.8844,-97.1464
2021-01,Manitoba,"Management of companies and enterprises [55,551,5511]",4602,B,49.8844,-97.1464
2021-02,Manitoba,"Management of companies and enterprises [55,551,5511]",4623,A,49.8844,-97.1464
2021-03,Manitoba,"Management of companies and enterprises [55,551,5511]",4527,A,49.8844,-97.1464
2021-04,Manitoba,"Management of companies and enterprises [55,551,5511]",4561,A,49.8844,-97.1464
2021-05,Manitoba,"Management of companies and enterprises [55,551,5511]",4616,B,49.8844,-97.1464
2021-06,Manitoba,"Management of companies and enterprises [55,551,5511]",4582,A,49.8844,-97.1464
2021-07,Manitoba,"Management of companies and enterprises [55,551,5511]",4583,A,49.8844,-97.1464
2021-08,Manitoba,"Management of companies and enterprises [55,551,5511]",4621,A,49.8844,-97.1464
2021-09,Manitoba,"Management of companies and enterprises [55,551,5511]",4649,A,49.8844,-97.1464
2021-10,Manitoba,"Management of companies and enterprises [55,551,5511]",4605,A,49.8844,-97.1464
2021-11,Manitoba,"Management of companies and enterprises [55,551,5511]",4595,A,49.8844,-97.1464
2021-12,Manitoba,"Management of companies and enterprises [55,551,5511]",4745,A,49.8844,-97.1464
2022-01,Manitoba,"Management of companies and enterprises [55,551,5511]",4545,A,49.8844,-97.1464
2022-02,Manitoba,"Management of companies and enterprises [55,551,5511]",4438,A,49.8844,-97.1464
2022-03,Manitoba,"Management of companies and enterprises [55,551,5511]",4440,B,49.8844,-97.1464
2022-04,Manitoba,"Management of companies and enterprises [55,551,5511]",4607,B,49.8844,-97.1464
2022-05,Manitoba,"Management of companies and enterprises [55,551,5511]",4690,A,49.8844,-97.1464
2022-06,Manitoba,"Management of companies and enterprises [55,551,5511]",4672,B,49.8844,-97.1464
2022-07,Manitoba,"Management of companies and enterprises [55,551,5511]",4729,B,49.8844,-97.1464
2022-08,Manitoba,"Management of companies and enterprises [55,551,5511]",4193,B,49.8844,-97.1464
2022-09,Manitoba,"Management of companies and enterprises [55,551,5511]",4062,B,49.8844,-97.1464
2022-10,Manitoba,"Management of companies and enterprises [55,551,5511]",4222,B,49.8844,-97.1464
2022-11,Manitoba,"Management of companies and enterprises [55,551,5511]",4106,B,49.8844,-97.1464
2022-12,Manitoba,"Management of companies and enterprises [55,551,5511]",4234,B,49.8844,-97.1464
2023-01,Manitoba,"Management of companies and enterprises [55,551,5511]",4232,B,49.8844,-97.1464
2023-02,Manitoba,"Management of companies and enterprises [55,551,5511]",4283,B,49.8844,-97.1464
2023-03,Manitoba,"Management of companies and enterprises [55,551,5511]",3905,B,49.8844,-97.1464
2023-04,Manitoba,"Management of companies and enterprises [55,551,5511]",4026,B,49.8844,-97.1464
2023-05,Manitoba,"Management of companies and enterprises [55,551,5511]",4106,B,49.8844,-97.1464
2023-06,Manitoba,"Management of companies and enterprises [55,551,5511]",4160,B,49.8844,-97.1464
2023-07,Manitoba,"Management of companies and enterprises [55,551,5511]",4147,C,49.8844,-97.1464
2023-08,Manitoba,"Management of companies and enterprises [55,551,5511]",3998,C,49.8844,-97.1464
2023-09,Manitoba,"Management of companies and enterprises [55,551,5511]",3963,B,49.8844,-97.1464
2023-10,Manitoba,"Management of companies and enterprises [55,551,5511]",3984,C,49.8844,-97.1464
2023-11,Manitoba,"Management of companies and enterprises [55,551,5511]",3972,C,49.8844,-97.1464
2023-12,Manitoba,"Management of companies and enterprises [55,551,5511]",4072,B,49.8844,-97.1464
2024-01,Manitoba,"Management of companies and enterprises [55,551,5511]",4106,B,49.8844,-97.1464
2024-02,Manitoba,"Management of companies and enterprises [55,551,5511]",3894,B,49.8844,-97.1464
2018-01,Manitoba,"Administrative and support, waste management and remediation services [56]",21034,A,49.8844,-97.1464
2018-02,Manitoba,"Administrative and support, waste management and remediation services [56]",20920,A,49.8844,-97.1464
2018-03,Manitoba,"Administrative and support, waste management and remediation services [56]",20582,A,49.8844,-97.1464
2018-04,Manitoba,"Administrative and support, waste management and remediation services [56]",21003,A,49.8844,-97.1464
2018-05,Manitoba,"Administrative and support, waste management and remediation services [56]",21867,A,49.8844,-97.1464
2018-06,Manitoba,"Administrative and support, waste management and remediation services [56]",23016,A,49.8844,-97.1464
2018-07,Manitoba,"Administrative and support, waste management and remediation services [56]",22615,A,49.8844,-97.1464
2018-08,Manitoba,"Administrative and support, waste management and remediation services [56]",22435,A,49.8844,-97.1464
2018-09,Manitoba,"Administrative and support, waste management and remediation services [56]",21313,A,49.8844,-97.1464
2018-10,Manitoba,"Administrative and support, waste management and remediation services [56]",21989,A,49.8844,-97.1464
2018-11,Manitoba,"Administrative and support, waste management and remediation services [56]",22128,A,49.8844,-97.1464
2018-12,Manitoba,"Administrative and support, waste management and remediation services [56]",22636,A,49.8844,-97.1464
2019-01,Manitoba,"Administrative and support, waste management and remediation services [56]",21163,A,49.8844,-97.1464
2019-02,Manitoba,"Administrative and support, waste management and remediation services [56]",21603,A,49.8844,-97.1464
2019-03,Manitoba,"Administrative and support, waste management and remediation services [56]",20925,A,49.8844,-97.1464
2019-04,Manitoba,"Administrative and support, waste management and remediation services [56]",21056,A,49.8844,-97.1464
2019-05,Manitoba,"Administrative and support, waste management and remediation services [56]",21806,A,49.8844,-97.1464
2019-06,Manitoba,"Administrative and support, waste management and remediation services [56]",22999,A,49.8844,-97.1464
2019-07,Manitoba,"Administrative and support, waste management and remediation services [56]",23370,A,49.8844,-97.1464
2019-08,Manitoba,"Administrative and support, waste management and remediation services [56]",23362,A,49.8844,-97.1464
2019-09,Manitoba,"Administrative and support, waste management and remediation services [56]",23189,B,49.8844,-97.1464
2019-10,Manitoba,"Administrative and support, waste management and remediation services [56]",23197,B,49.8844,-97.1464
2019-11,Manitoba,"Administrative and support, waste management and remediation services [56]",23236,B,49.8844,-97.1464
2019-12,Manitoba,"Administrative and support, waste management and remediation services [56]",22374,A,49.8844,-97.1464
2020-01,Manitoba,"Administrative and support, waste management and remediation services [56]",21243,A,49.8844,-97.1464
2020-02,Manitoba,"Administrative and support, waste management and remediation services [56]",20752,B,49.8844,-97.1464
2020-03,Manitoba,"Administrative and support, waste management and remediation services [56]",20291,B,49.8844,-97.1464
2020-04,Manitoba,"Administrative and support, waste management and remediation services [56]",19586,A,49.8844,-97.1464
2020-05,Manitoba,"Administrative and support, waste management and remediation services [56]",20375,B,49.8844,-97.1464
2020-06,Manitoba,"Administrative and support, waste management and remediation services [56]",21103,B,49.8844,-97.1464
2020-07,Manitoba,"Administrative and support, waste management and remediation services [56]",21301,B,49.8844,-97.1464
2020-08,Manitoba,"Administrative and support, waste management and remediation services [56]",21390,B,49.8844,-97.1464
2020-09,Manitoba,"Administrative and support, waste management and remediation services [56]",21932,A,49.8844,-97.1464
2020-10,Manitoba,"Administrative and support, waste management and remediation services [56]",22192,B,49.8844,-97.1464
2020-11,Manitoba,"Administrative and support, waste management and remediation services [56]",22082,B,49.8844,-97.1464
2020-12,Manitoba,"Administrative and support, waste management and remediation services [56]",22122,A,49.8844,-97.1464
2021-01,Manitoba,"Administrative and support, waste management and remediation services [56]",21375,B,49.8844,-97.1464
2021-02,Manitoba,"Administrative and support, waste management and remediation services [56]",21069,A,49.8844,-97.1464
2021-03,Manitoba,"Administrative and support, waste management and remediation services [56]",21184,B,49.8844,-97.1464
2021-04,Manitoba,"Administrative and support, waste management and remediation services [56]",22100,B,49.8844,-97.1464
2021-05,Manitoba,"Administrative and support, waste management and remediation services [56]",23391,B,49.8844,-97.1464
2021-06,Manitoba,"Administrative and support, waste management and remediation services [56]",22969,B,49.8844,-97.1464
2021-07,Manitoba,"Administrative and support, waste management and remediation services [56]",23023,B,49.8844,-97.1464
2021-08,Manitoba,"Administrative and support, waste management and remediation services [56]",22555,B,49.8844,-97.1464
2021-09,Manitoba,"Administrative and support, waste management and remediation services [56]",22495,B,49.8844,-97.1464
2021-10,Manitoba,"Administrative and support, waste management and remediation services [56]",22304,B,49.8844,-97.1464
2021-11,Manitoba,"Administrative and support, waste management and remediation services [56]",22102,B,49.8844,-97.1464
2021-12,Manitoba,"Administrative and support, waste management and remediation services [56]",21883,B,49.8844,-97.1464
2022-01,Manitoba,"Administrative and support, waste management and remediation services [56]",21185,B,49.8844,-97.1464
2022-02,Manitoba,"Administrative and support, waste management and remediation services [56]",20815,B,49.8844,-97.1464
2022-03,Manitoba,"Administrative and support, waste management and remediation services [56]",21160,B,49.8844,-97.1464
2022-04,Manitoba,"Administrative and support, waste management and remediation services [56]",20530,B,49.8844,-97.1464
2022-05,Manitoba,"Administrative and support, waste management and remediation services [56]",21349,A,49.8844,-97.1464
2022-06,Manitoba,"Administrative and support, waste management and remediation services [56]",22357,B,49.8844,-97.1464
2022-07,Manitoba,"Administrative and support, waste management and remediation services [56]",22075,B,49.8844,-97.1464
2022-08,Manitoba,"Administrative and support, waste management and remediation services [56]",22165,B,49.8844,-97.1464
2022-09,Manitoba,"Administrative and support, waste management and remediation services [56]",22016,A,49.8844,-97.1464
2022-10,Manitoba,"Administrative and support, waste management and remediation services [56]",21605,B,49.8844,-97.1464
2022-11,Manitoba,"Administrative and support, waste management and remediation services [56]",21081,B,49.8844,-97.1464
2022-12,Manitoba,"Administrative and support, waste management and remediation services [56]",20793,A,49.8844,-97.1464
2023-01,Manitoba,"Administrative and support, waste management and remediation services [56]",19622,B,49.8844,-97.1464
2023-02,Manitoba,"Administrative and support, waste management and remediation services [56]",19292,B,49.8844,-97.1464
2023-03,Manitoba,"Administrative and support, waste management and remediation services [56]",19291,B,49.8844,-97.1464
2023-04,Manitoba,"Administrative and support, waste management and remediation services [56]",19243,A,49.8844,-97.1464
2023-05,Manitoba,"Administrative and support, waste management and remediation services [56]",20349,B,49.8844,-97.1464
2023-06,Manitoba,"Administrative and support, waste management and remediation services [56]",21359,B,49.8844,-97.1464
2023-07,Manitoba,"Administrative and support, waste management and remediation services [56]",22168,B,49.8844,-97.1464
2023-08,Manitoba,"Administrative and support, waste management and remediation services [56]",21175,B,49.8844,-97.1464
2023-09,Manitoba,"Administrative and support, waste management and remediation services [56]",21446,B,49.8844,-97.1464
2023-10,Manitoba,"Administrative and support, waste management and remediation services [56]",20877,A,49.8844,-97.1464
2023-11,Manitoba,"Administrative and support, waste management and remediation services [56]",20916,B,49.8844,-97.1464
2023-12,Manitoba,"Administrative and support, waste management and remediation services [56]",20227,B,49.8844,-97.1464
2024-01,Manitoba,"Administrative and support, waste management and remediation services [56]",19081,B,49.8844,-97.1464
2024-02,Manitoba,"Administrative and support, waste management and remediation services [56]",18732,B,49.8844,-97.1464
2018-01,Manitoba,"Educational services [61,611]",52893,A,49.8844,-97.1464
2018-02,Manitoba,"Educational services [61,611]",55307,A,49.8844,-97.1464
2018-03,Manitoba,"Educational services [61,611]",55893,A,49.8844,-97.1464
2018-04,Manitoba,"Educational services [61,611]",52996,A,49.8844,-97.1464
2018-05,Manitoba,"Educational services [61,611]",53505,A,49.8844,-97.1464
2018-06,Manitoba,"Educational services [61,611]",54462,A,49.8844,-97.1464
2018-07,Manitoba,"Educational services [61,611]",39462,A,49.8844,-97.1464
2018-08,Manitoba,"Educational services [61,611]",30671,A,49.8844,-97.1464
2018-09,Manitoba,"Educational services [61,611]",48200,B,49.8844,-97.1464
2018-10,Manitoba,"Educational services [61,611]",53631,A,49.8844,-97.1464
2018-11,Manitoba,"Educational services [61,611]",55931,A,49.8844,-97.1464
2018-12,Manitoba,"Educational services [61,611]",55551,A,49.8844,-97.1464
2019-01,Manitoba,"Educational services [61,611]",53324,A,49.8844,-97.1464
2019-02,Manitoba,"Educational services [61,611]",54452,A,49.8844,-97.1464
2019-03,Manitoba,"Educational services [61,611]",55689,A,49.8844,-97.1464
2019-04,Manitoba,"Educational services [61,611]",53980,A,49.8844,-97.1464
2019-05,Manitoba,"Educational services [61,611]",56201,A,49.8844,-97.1464
2019-06,Manitoba,"Educational services [61,611]",56292,A,49.8844,-97.1464
2019-07,Manitoba,"Educational services [61,611]",40209,A,49.8844,-97.1464
2019-08,Manitoba,"Educational services [61,611]",30755,A,49.8844,-97.1464
2019-09,Manitoba,"Educational services [61,611]",48671,A,49.8844,-97.1464
2019-10,Manitoba,"Educational services [61,611]",54091,A,49.8844,-97.1464
2019-11,Manitoba,"Educational services [61,611]",55745,B,49.8844,-97.1464
2019-12,Manitoba,"Educational services [61,611]",55676,A,49.8844,-97.1464
2020-01,Manitoba,"Educational services [61,611]",54316,A,49.8844,-97.1464
2020-02,Manitoba,"Educational services [61,611]",55247,B,49.8844,-97.1464
2020-03,Manitoba,"Educational services [61,611]",53362,A,49.8844,-97.1464
2020-04,Manitoba,"Educational services [61,611]",49090,A,49.8844,-97.1464
2020-05,Manitoba,"Educational services [61,611]",46230,A,49.8844,-97.1464
2020-06,Manitoba,"Educational services [61,611]",40200,A,49.8844,-97.1464
2020-07,Manitoba,"Educational services [61,611]",33169,B,49.8844,-97.1464
2020-08,Manitoba,"Educational services [61,611]",29187,C,49.8844,-97.1464
2020-09,Manitoba,"Educational services [61,611]",46868,A,49.8844,-97.1464
2020-10,Manitoba,"Educational services [61,611]",50799,A,49.8844,-97.1464
2020-11,Manitoba,"Educational services [61,611]",52783,A,49.8844,-97.1464
2020-12,Manitoba,"Educational services [61,611]",53377,A,49.8844,-97.1464
2021-01,Manitoba,"Educational services [61,611]",51870,A,49.8844,-97.1464
2021-02,Manitoba,"Educational services [61,611]",53962,A,49.8844,-97.1464
2021-03,Manitoba,"Educational services [61,611]",54091,A,49.8844,-97.1464
2021-04,Manitoba,"Educational services [61,611]",54114,A,49.8844,-97.1464
2021-05,Manitoba,"Educational services [61,611]",54503,A,49.8844,-97.1464
2021-06,Manitoba,"Educational services [61,611]",55529,A,49.8844,-97.1464
2021-07,Manitoba,"Educational services [61,611]",39707,A,49.8844,-97.1464
2021-08,Manitoba,"Educational services [61,611]",29715,A,49.8844,-97.1464
2021-09,Manitoba,"Educational services [61,611]",46961,A,49.8844,-97.1464
2021-10,Manitoba,"Educational services [61,611]",55997,A,49.8844,-97.1464
2021-11,Manitoba,"Educational services [61,611]",56748,A,49.8844,-97.1464
2021-12,Manitoba,"Educational services [61,611]",57498,A,49.8844,-97.1464
2022-01,Manitoba,"Educational services [61,611]",52712,B,49.8844,-97.1464
2022-02,Manitoba,"Educational services [61,611]",56562,A,49.8844,-97.1464
2022-03,Manitoba,"Educational services [61,611]",56738,A,49.8844,-97.1464
2022-04,Manitoba,"Educational services [61,611]",57268,A,49.8844,-97.1464
2022-05,Manitoba,"Educational services [61,611]",55841,A,49.8844,-97.1464
2022-06,Manitoba,"Educational services [61,611]",56223,B,49.8844,-97.1464
2022-07,Manitoba,"Educational services [61,611]",40270,B,49.8844,-97.1464
2022-08,Manitoba,"Educational services [61,611]",31309,B,49.8844,-97.1464
2022-09,Manitoba,"Educational services [61,611]",49611,B,49.8844,-97.1464
2022-10,Manitoba,"Educational services [61,611]",55470,A,49.8844,-97.1464
2022-11,Manitoba,"Educational services [61,611]",56844,A,49.8844,-97.1464
2022-12,Manitoba,"Educational services [61,611]",57548,A,49.8844,-97.1464
2023-01,Manitoba,"Educational services [61,611]",54209,A,49.8844,-97.1464
2023-02,Manitoba,"Educational services [61,611]",57782,A,49.8844,-97.1464
2023-03,Manitoba,"Educational services [61,611]",57903,A,49.8844,-97.1464
2023-04,Manitoba,"Educational services [61,611]",57209,A,49.8844,-97.1464
2023-05,Manitoba,"Educational services [61,611]",56454,A,49.8844,-97.1464
2023-06,Manitoba,"Educational services [61,611]",57872,A,49.8844,-97.1464
2023-07,Manitoba,"Educational services [61,611]",41504,A,49.8844,-97.1464
2023-08,Manitoba,"Educational services [61,611]",30959,A,49.8844,-97.1464
2023-09,Manitoba,"Educational services [61,611]",49931,A,49.8844,-97.1464
2023-10,Manitoba,"Educational services [61,611]",55718,A,49.8844,-97.1464
2023-11,Manitoba,"Educational services [61,611]",56680,A,49.8844,-97.1464
2023-12,Manitoba,"Educational services [61,611]",58829,A,49.8844,-97.1464
2024-01,Manitoba,"Educational services [61,611]",55030,A,49.8844,-97.1464
2024-02,Manitoba,"Educational services [61,611]",58704,A,49.8844,-97.1464
2018-01,Manitoba,Health care and social assistance [62],97065,A,49.8844,-97.1464
2018-02,Manitoba,Health care and social assistance [62],98850,A,49.8844,-97.1464
2018-03,Manitoba,Health care and social assistance [62],99797,A,49.8844,-97.1464
2018-04,Manitoba,Health care and social assistance [62],98767,A,49.8844,-97.1464
2018-05,Manitoba,Health care and social assistance [62],99262,A,49.8844,-97.1464
2018-06,Manitoba,Health care and social assistance [62],100577,A,49.8844,-97.1464
2018-07,Manitoba,Health care and social assistance [62],98469,A,49.8844,-97.1464
2018-08,Manitoba,Health care and social assistance [62],98687,A,49.8844,-97.1464
2018-09,Manitoba,Health care and social assistance [62],98901,A,49.8844,-97.1464
2018-10,Manitoba,Health care and social assistance [62],99790,A,49.8844,-97.1464
2018-11,Manitoba,Health care and social assistance [62],99732,A,49.8844,-97.1464
2018-12,Manitoba,Health care and social assistance [62],100127,A,49.8844,-97.1464
2019-01,Manitoba,Health care and social assistance [62],98459,A,49.8844,-97.1464
2019-02,Manitoba,Health care and social assistance [62],99665,A,49.8844,-97.1464
2019-03,Manitoba,Health care and social assistance [62],99264,A,49.8844,-97.1464
2019-04,Manitoba,Health care and social assistance [62],99950,A,49.8844,-97.1464
2019-05,Manitoba,Health care and social assistance [62],100664,A,49.8844,-97.1464
2019-06,Manitoba,Health care and social assistance [62],101062,A,49.8844,-97.1464
2019-07,Manitoba,Health care and social assistance [62],100732,A,49.8844,-97.1464
2019-08,Manitoba,Health care and social assistance [62],99937,A,49.8844,-97.1464
2019-09,Manitoba,Health care and social assistance [62],100225,A,49.8844,-97.1464
2019-10,Manitoba,Health care and social assistance [62],99283,A,49.8844,-97.1464
2019-11,Manitoba,Health care and social assistance [62],100262,A,49.8844,-97.1464
2019-12,Manitoba,Health care and social assistance [62],100137,A,49.8844,-97.1464
2020-01,Manitoba,Health care and social assistance [62],100770,A,49.8844,-97.1464
2020-02,Manitoba,Health care and social assistance [62],100654,B,49.8844,-97.1464
2020-03,Manitoba,Health care and social assistance [62],96697,B,49.8844,-97.1464
2020-04,Manitoba,Health care and social assistance [62],93090,B,49.8844,-97.1464
2020-05,Manitoba,Health care and social assistance [62],89247,B,49.8844,-97.1464
2020-06,Manitoba,Health care and social assistance [62],93880,A,49.8844,-97.1464
2020-07,Manitoba,Health care and social assistance [62],96766,B,49.8844,-97.1464
2020-08,Manitoba,Health care and social assistance [62],96451,A,49.8844,-97.1464
2020-09,Manitoba,Health care and social assistance [62],97513,A,49.8844,-97.1464
2020-10,Manitoba,Health care and social assistance [62],97869,A,49.8844,-97.1464
2020-11,Manitoba,Health care and social assistance [62],97863,A,49.8844,-97.1464
2020-12,Manitoba,Health care and social assistance [62],98887,A,49.8844,-97.1464
2021-01,Manitoba,Health care and social assistance [62],99651,A,49.8844,-97.1464
2021-02,Manitoba,Health care and social assistance [62],99038,A,49.8844,-97.1464
2021-03,Manitoba,Health care and social assistance [62],100209,A,49.8844,-97.1464
2021-04,Manitoba,Health care and social assistance [62],100377,A,49.8844,-97.1464
2021-05,Manitoba,Health care and social assistance [62],99678,A,49.8844,-97.1464
2021-06,Manitoba,Health care and social assistance [62],100047,A,49.8844,-97.1464
2021-07,Manitoba,Health care and social assistance [62],100792,A,49.8844,-97.1464
2021-08,Manitoba,Health care and social assistance [62],99741,B,49.8844,-97.1464
2021-09,Manitoba,Health care and social assistance [62],99820,B,49.8844,-97.1464
2021-10,Manitoba,Health care and social assistance [62],98392,B,49.8844,-97.1464
2021-11,Manitoba,Health care and social assistance [62],97986,B,49.8844,-97.1464
2021-12,Manitoba,Health care and social assistance [62],99515,A,49.8844,-97.1464
2022-01,Manitoba,Health care and social assistance [62],98020,B,49.8844,-97.1464
2022-02,Manitoba,Health care and social assistance [62],97356,B,49.8844,-97.1464
2022-03,Manitoba,Health care and social assistance [62],97936,B,49.8844,-97.1464
2022-04,Manitoba,Health care and social assistance [62],98383,B,49.8844,-97.1464
2022-05,Manitoba,Health care and social assistance [62],98123,B,49.8844,-97.1464
2022-06,Manitoba,Health care and social assistance [62],98733,B,49.8844,-97.1464
2022-07,Manitoba,Health care and social assistance [62],98508,B,49.8844,-97.1464
2022-08,Manitoba,Health care and social assistance [62],98589,B,49.8844,-97.1464
2022-09,Manitoba,Health care and social assistance [62],98521,B,49.8844,-97.1464
2022-10,Manitoba,Health care and social assistance [62],99869,A,49.8844,-97.1464
2022-11,Manitoba,Health care and social assistance [62],99497,B,49.8844,-97.1464
2022-12,Manitoba,Health care and social assistance [62],101846,C,49.8844,-97.1464
2023-01,Manitoba,Health care and social assistance [62],100587,B,49.8844,-97.1464
2023-02,Manitoba,Health care and social assistance [62],98383,B,49.8844,-97.1464
2023-03,Manitoba,Health care and social assistance [62],99578,B,49.8844,-97.1464
2023-04,Manitoba,Health care and social assistance [62],102217,A,49.8844,-97.1464
2023-05,Manitoba,Health care and social assistance [62],103897,B,49.8844,-97.1464
2023-06,Manitoba,Health care and social assistance [62],107093,B,49.8844,-97.1464
2023-07,Manitoba,Health care and social assistance [62],106692,A,49.8844,-97.1464
2023-08,Manitoba,Health care and social assistance [62],106651,B,49.8844,-97.1464
2023-09,Manitoba,Health care and social assistance [62],107109,A,49.8844,-97.1464
2023-10,Manitoba,Health care and social assistance [62],106231,B,49.8844,-97.1464
2023-11,Manitoba,Health care and social assistance [62],105030,B,49.8844,-97.1464
2023-12,Manitoba,Health care and social assistance [62],105175,A,49.8844,-97.1464
2024-01,Manitoba,Health care and social assistance [62],103982,B,49.8844,-97.1464
2024-02,Manitoba,Health care and social assistance [62],102125,B,49.8844,-97.1464
2018-01,Manitoba,"Arts, entertainment and recreation [71]",9247,A,49.8844,-97.1464
2018-02,Manitoba,"Arts, entertainment and recreation [71]",9415,A,49.8844,-97.1464
2018-03,Manitoba,"Arts, entertainment and recreation [71]",9429,A,49.8844,-97.1464
2018-04,Manitoba,"Arts, entertainment and recreation [71]",9507,A,49.8844,-97.1464
2018-05,Manitoba,"Arts, entertainment and recreation [71]",11897,A,49.8844,-97.1464
2018-06,Manitoba,"Arts, entertainment and recreation [71]",12795,A,49.8844,-97.1464
2018-07,Manitoba,"Arts, entertainment and recreation [71]",13002,A,49.8844,-97.1464
2018-08,Manitoba,"Arts, entertainment and recreation [71]",12586,A,49.8844,-97.1464
2018-09,Manitoba,"Arts, entertainment and recreation [71]",12484,A,49.8844,-97.1464
2018-10,Manitoba,"Arts, entertainment and recreation [71]",11503,A,49.8844,-97.1464
2018-11,Manitoba,"Arts, entertainment and recreation [71]",10664,A,49.8844,-97.1464
2018-12,Manitoba,"Arts, entertainment and recreation [71]",9979,A,49.8844,-97.1464
2019-01,Manitoba,"Arts, entertainment and recreation [71]",9596,A,49.8844,-97.1464
2019-02,Manitoba,"Arts, entertainment and recreation [71]",9417,A,49.8844,-97.1464
2019-03,Manitoba,"Arts, entertainment and recreation [71]",9729,A,49.8844,-97.1464
2019-04,Manitoba,"Arts, entertainment and recreation [71]",9905,A,49.8844,-97.1464
2019-05,Manitoba,"Arts, entertainment and recreation [71]",11623,A,49.8844,-97.1464
2019-06,Manitoba,"Arts, entertainment and recreation [71]",12749,A,49.8844,-97.1464
2019-07,Manitoba,"Arts, entertainment and recreation [71]",13341,A,49.8844,-97.1464
2019-08,Manitoba,"Arts, entertainment and recreation [71]",12806,A,49.8844,-97.1464
2019-09,Manitoba,"Arts, entertainment and recreation [71]",12715,A,49.8844,-97.1464
2019-10,Manitoba,"Arts, entertainment and recreation [71]",11857,B,49.8844,-97.1464
2019-11,Manitoba,"Arts, entertainment and recreation [71]",11097,A,49.8844,-97.1464
2019-12,Manitoba,"Arts, entertainment and recreation [71]",10405,B,49.8844,-97.1464
2020-01,Manitoba,"Arts, entertainment and recreation [71]",10214,B,49.8844,-97.1464
2020-02,Manitoba,"Arts, entertainment and recreation [71]",9750,B,49.8844,-97.1464
2020-03,Manitoba,"Arts, entertainment and recreation [71]",8917,A,49.8844,-97.1464
2020-04,Manitoba,"Arts, entertainment and recreation [71]",6480,B,49.8844,-97.1464
2020-05,Manitoba,"Arts, entertainment and recreation [71]",6190,C,49.8844,-97.1464
2020-06,Manitoba,"Arts, entertainment and recreation [71]",7872,B,49.8844,-97.1464
2020-07,Manitoba,"Arts, entertainment and recreation [71]",9354,B,49.8844,-97.1464
2020-08,Manitoba,"Arts, entertainment and recreation [71]",9843,B,49.8844,-97.1464
2020-09,Manitoba,"Arts, entertainment and recreation [71]",9963,A,49.8844,-97.1464
2020-10,Manitoba,"Arts, entertainment and recreation [71]",9507,B,49.8844,-97.1464
2020-11,Manitoba,"Arts, entertainment and recreation [71]",8020,B,49.8844,-97.1464
2020-12,Manitoba,"Arts, entertainment and recreation [71]",6222,A,49.8844,-97.1464
2021-01,Manitoba,"Arts, entertainment and recreation [71]",5980,A,49.8844,-97.1464
2021-02,Manitoba,"Arts, entertainment and recreation [71]",6358,B,49.8844,-97.1464
2021-03,Manitoba,"Arts, entertainment and recreation [71]",7007,B,49.8844,-97.1464
2021-04,Manitoba,"Arts, entertainment and recreation [71]",7972,B,49.8844,-97.1464
2021-05,Manitoba,"Arts, entertainment and recreation [71]",8971,A,49.8844,-97.1464
2021-06,Manitoba,"Arts, entertainment and recreation [71]",8361,A,49.8844,-97.1464
2021-07,Manitoba,"Arts, entertainment and recreation [71]",10025,A,49.8844,-97.1464
2021-08,Manitoba,"Arts, entertainment and recreation [71]",11429,B,49.8844,-97.1464
2021-09,Manitoba,"Arts, entertainment and recreation [71]",12758,A,49.8844,-97.1464
2021-10,Manitoba,"Arts, entertainment and recreation [71]",11811,A,49.8844,-97.1464
2021-11,Manitoba,"Arts, entertainment and recreation [71]",11019,B,49.8844,-97.1464
2021-12,Manitoba,"Arts, entertainment and recreation [71]",11164,B,49.8844,-97.1464
2022-01,Manitoba,"Arts, entertainment and recreation [71]",10314,A,49.8844,-97.1464
2022-02,Manitoba,"Arts, entertainment and recreation [71]",9370,A,49.8844,-97.1464
2022-03,Manitoba,"Arts, entertainment and recreation [71]",9673,B,49.8844,-97.1464
2022-04,Manitoba,"Arts, entertainment and recreation [71]",9932,A,49.8844,-97.1464
2022-05,Manitoba,"Arts, entertainment and recreation [71]",11772,B,49.8844,-97.1464
2022-06,Manitoba,"Arts, entertainment and recreation [71]",13473,C,49.8844,-97.1464
2022-07,Manitoba,"Arts, entertainment and recreation [71]",14316,B,49.8844,-97.1464
2022-08,Manitoba,"Arts, entertainment and recreation [71]",13644,A,49.8844,-97.1464
2022-09,Manitoba,"Arts, entertainment and recreation [71]",13694,A,49.8844,-97.1464
2022-10,Manitoba,"Arts, entertainment and recreation [71]",12554,B,49.8844,-97.1464
2022-11,Manitoba,"Arts, entertainment and recreation [71]",11387,A,49.8844,-97.1464
2022-12,Manitoba,"Arts, entertainment and recreation [71]",10943,B,49.8844,-97.1464
2023-01,Manitoba,"Arts, entertainment and recreation [71]",10601,B,49.8844,-97.1464
2023-02,Manitoba,"Arts, entertainment and recreation [71]",10578,B,49.8844,-97.1464
2023-03,Manitoba,"Arts, entertainment and recreation [71]",10740,B,49.8844,-97.1464
2023-04,Manitoba,"Arts, entertainment and recreation [71]",11120,A,49.8844,-97.1464
2023-05,Manitoba,"Arts, entertainment and recreation [71]",13244,A,49.8844,-97.1464
2023-06,Manitoba,"Arts, entertainment and recreation [71]",14735,A,49.8844,-97.1464
2023-07,Manitoba,"Arts, entertainment and recreation [71]",14927,B,49.8844,-97.1464
2023-08,Manitoba,"Arts, entertainment and recreation [71]",14634,B,49.8844,-97.1464
2023-09,Manitoba,"Arts, entertainment and recreation [71]",14418,B,49.8844,-97.1464
2023-10,Manitoba,"Arts, entertainment and recreation [71]",13413,B,49.8844,-97.1464
2023-11,Manitoba,"Arts, entertainment and recreation [71]",12106,A,49.8844,-97.1464
2023-12,Manitoba,"Arts, entertainment and recreation [71]",11141,A,49.8844,-97.1464
2024-01,Manitoba,"Arts, entertainment and recreation [71]",10942,B,49.8844,-97.1464
2024-02,Manitoba,"Arts, entertainment and recreation [71]",10968,A,49.8844,-97.1464
2018-01,Manitoba,Accommodation and food services [72],43431,A,49.8844,-97.1464
2018-02,Manitoba,Accommodation and food services [72],43189,A,49.8844,-97.1464
2018-03,Manitoba,Accommodation and food services [72],43212,A,49.8844,-97.1464
2018-04,Manitoba,Accommodation and food services [72],43818,A,49.8844,-97.1464
2018-05,Manitoba,Accommodation and food services [72],45432,A,49.8844,-97.1464
2018-06,Manitoba,Accommodation and food services [72],46628,A,49.8844,-97.1464
2018-07,Manitoba,Accommodation and food services [72],45676,A,49.8844,-97.1464
2018-08,Manitoba,Accommodation and food services [72],45734,A,49.8844,-97.1464
2018-09,Manitoba,Accommodation and food services [72],45397,A,49.8844,-97.1464
2018-10,Manitoba,Accommodation and food services [72],45062,A,49.8844,-97.1464
2018-11,Manitoba,Accommodation and food services [72],44095,A,49.8844,-97.1464
2018-12,Manitoba,Accommodation and food services [72],43841,A,49.8844,-97.1464
2019-01,Manitoba,Accommodation and food services [72],43028,A,49.8844,-97.1464
2019-02,Manitoba,Accommodation and food services [72],41739,A,49.8844,-97.1464
2019-03,Manitoba,Accommodation and food services [72],42762,A,49.8844,-97.1464
2019-04,Manitoba,Accommodation and food services [72],43294,A,49.8844,-97.1464
2019-05,Manitoba,Accommodation and food services [72],44014,A,49.8844,-97.1464
2019-06,Manitoba,Accommodation and food services [72],45312,A,49.8844,-97.1464
2019-07,Manitoba,Accommodation and food services [72],46104,A,49.8844,-97.1464
2019-08,Manitoba,Accommodation and food services [72],45904,A,49.8844,-97.1464
2019-09,Manitoba,Accommodation and food services [72],45668,B,49.8844,-97.1464
2019-10,Manitoba,Accommodation and food services [72],44864,B,49.8844,-97.1464
2019-11,Manitoba,Accommodation and food services [72],44895,B,49.8844,-97.1464
2019-12,Manitoba,Accommodation and food services [72],44096,B,49.8844,-97.1464
2020-01,Manitoba,Accommodation and food services [72],43834,B,49.8844,-97.1464
2020-02,Manitoba,Accommodation and food services [72],42694,B,49.8844,-97.1464
2020-03,Manitoba,Accommodation and food services [72],38395,B,49.8844,-97.1464
2020-04,Manitoba,Accommodation and food services [72],25924,B,49.8844,-97.1464
2020-05,Manitoba,Accommodation and food services [72],21825,B,49.8844,-97.1464
2020-06,Manitoba,Accommodation and food services [72],30024,B,49.8844,-97.1464
2020-07,Manitoba,Accommodation and food services [72],35497,B,49.8844,-97.1464
2020-08,Manitoba,Accommodation and food services [72],36782,B,49.8844,-97.1464
2020-09,Manitoba,Accommodation and food services [72],37535,B,49.8844,-97.1464
2020-10,Manitoba,Accommodation and food services [72],37468,B,49.8844,-97.1464
2020-11,Manitoba,Accommodation and food services [72],32228,B,49.8844,-97.1464
2020-12,Manitoba,Accommodation and food services [72],28652,B,49.8844,-97.1464
2021-01,Manitoba,Accommodation and food services [72],27551,B,49.8844,-97.1464
2021-02,Manitoba,Accommodation and food services [72],29529,B,49.8844,-97.1464
2021-03,Manitoba,Accommodation and food services [72],32174,B,49.8844,-97.1464
2021-04,Manitoba,Accommodation and food services [72],34583,B,49.8844,-97.1464
2021-05,Manitoba,Accommodation and food services [72],34222,B,49.8844,-97.1464
2021-06,Manitoba,Accommodation and food services [72],32997,B,49.8844,-97.1464
2021-07,Manitoba,Accommodation and food services [72],37713,B,49.8844,-97.1464
2021-08,Manitoba,Accommodation and food services [72],39718,B,49.8844,-97.1464
2021-09,Manitoba,Accommodation and food services [72],41486,B,49.8844,-97.1464
2021-10,Manitoba,Accommodation and food services [72],41247,B,49.8844,-97.1464
2021-11,Manitoba,Accommodation and food services [72],41423,B,49.8844,-97.1464
2021-12,Manitoba,Accommodation and food services [72],41143,B,49.8844,-97.1464
2022-01,Manitoba,Accommodation and food services [72],38944,B,49.8844,-97.1464
2022-02,Manitoba,Accommodation and food services [72],37679,B,49.8844,-97.1464
2022-03,Manitoba,Accommodation and food services [72],39311,B,49.8844,-97.1464
2022-04,Manitoba,Accommodation and food services [72],41330,B,49.8844,-97.1464
2022-05,Manitoba,Accommodation and food services [72],42525,B,49.8844,-97.1464
2022-06,Manitoba,Accommodation and food services [72],44547,C,49.8844,-97.1464
2022-07,Manitoba,Accommodation and food services [72],45288,C,49.8844,-97.1464
2022-08,Manitoba,Accommodation and food services [72],44269,B,49.8844,-97.1464
2022-09,Manitoba,Accommodation and food services [72],45441,B,49.8844,-97.1464
2022-10,Manitoba,Accommodation and food services [72],44524,B,49.8844,-97.1464
2022-11,Manitoba,Accommodation and food services [72],44459,B,49.8844,-97.1464
2022-12,Manitoba,Accommodation and food services [72],44344,B,49.8844,-97.1464
2023-01,Manitoba,Accommodation and food services [72],42996,B,49.8844,-97.1464
2023-02,Manitoba,Accommodation and food services [72],42025,B,49.8844,-97.1464
2023-03,Manitoba,Accommodation and food services [72],42361,B,49.8844,-97.1464
2023-04,Manitoba,Accommodation and food services [72],43046,B,49.8844,-97.1464
2023-05,Manitoba,Accommodation and food services [72],44193,B,49.8844,-97.1464
2023-06,Manitoba,Accommodation and food services [72],46366,B,49.8844,-97.1464
2023-07,Manitoba,Accommodation and food services [72],47212,B,49.8844,-97.1464
2023-08,Manitoba,Accommodation and food services [72],44877,B,49.8844,-97.1464
2023-09,Manitoba,Accommodation and food services [72],45603,B,49.8844,-97.1464
2023-10,Manitoba,Accommodation and food services [72],44116,B,49.8844,-97.1464
2023-11,Manitoba,Accommodation and food services [72],43228,B,49.8844,-97.1464
2023-12,Manitoba,Accommodation and food services [72],43188,A,49.8844,-97.1464
2024-01,Manitoba,Accommodation and food services [72],42228,B,49.8844,-97.1464
2024-02,Manitoba,Accommodation and food services [72],41284,B,49.8844,-97.1464
2018-01,Manitoba,Other services (except public administration) [81],20978,A,49.8844,-97.1464
2018-02,Manitoba,Other services (except public administration) [81],20212,A,49.8844,-97.1464
2018-03,Manitoba,Other services (except public administration) [81],20327,A,49.8844,-97.1464
2018-04,Manitoba,Other services (except public administration) [81],20207,A,49.8844,-97.1464
2018-05,Manitoba,Other services (except public administration) [81],20798,A,49.8844,-97.1464
2018-06,Manitoba,Other services (except public administration) [81],21284,A,49.8844,-97.1464
2018-07,Manitoba,Other services (except public administration) [81],21305,A,49.8844,-97.1464
2018-08,Manitoba,Other services (except public administration) [81],21458,A,49.8844,-97.1464
2018-09,Manitoba,Other services (except public administration) [81],21289,A,49.8844,-97.1464
2018-10,Manitoba,Other services (except public administration) [81],21465,A,49.8844,-97.1464
2018-11,Manitoba,Other services (except public administration) [81],21853,A,49.8844,-97.1464
2018-12,Manitoba,Other services (except public administration) [81],21977,A,49.8844,-97.1464
2019-01,Manitoba,Other services (except public administration) [81],21500,A,49.8844,-97.1464
2019-02,Manitoba,Other services (except public administration) [81],20616,A,49.8844,-97.1464
2019-03,Manitoba,Other services (except public administration) [81],20778,A,49.8844,-97.1464
2019-04,Manitoba,Other services (except public administration) [81],20589,A,49.8844,-97.1464
2019-05,Manitoba,Other services (except public administration) [81],21037,A,49.8844,-97.1464
2019-06,Manitoba,Other services (except public administration) [81],21076,A,49.8844,-97.1464
2019-07,Manitoba,Other services (except public administration) [81],21114,A,49.8844,-97.1464
2019-08,Manitoba,Other services (except public administration) [81],20915,A,49.8844,-97.1464
2019-09,Manitoba,Other services (except public administration) [81],20961,C,49.8844,-97.1464
2019-10,Manitoba,Other services (except public administration) [81],20793,A,49.8844,-97.1464
2019-11,Manitoba,Other services (except public administration) [81],21146,A,49.8844,-97.1464
2019-12,Manitoba,Other services (except public administration) [81],21093,A,49.8844,-97.1464
2020-01,Manitoba,Other services (except public administration) [81],20871,B,49.8844,-97.1464
2020-02,Manitoba,Other services (except public administration) [81],20495,B,49.8844,-97.1464
2020-03,Manitoba,Other services (except public administration) [81],18823,B,49.8844,-97.1464
2020-04,Manitoba,Other services (except public administration) [81],15818,B,49.8844,-97.1464
2020-05,Manitoba,Other services (except public administration) [81],15311,B,49.8844,-97.1464
2020-06,Manitoba,Other services (except public administration) [81],17057,B,49.8844,-97.1464
2020-07,Manitoba,Other services (except public administration) [81],18172,B,49.8844,-97.1464
2020-08,Manitoba,Other services (except public administration) [81],18308,A,49.8844,-97.1464
2020-09,Manitoba,Other services (except public administration) [81],18438,B,49.8844,-97.1464
2020-10,Manitoba,Other services (except public administration) [81],18479,B,49.8844,-97.1464
2020-11,Manitoba,Other services (except public administration) [81],18129,B,49.8844,-97.1464
2020-12,Manitoba,Other services (except public administration) [81],16877,B,49.8844,-97.1464
2021-01,Manitoba,Other services (except public administration) [81],15761,B,49.8844,-97.1464
2021-02,Manitoba,Other services (except public administration) [81],17111,A,49.8844,-97.1464
2021-03,Manitoba,Other services (except public administration) [81],17667,A,49.8844,-97.1464
2021-04,Manitoba,Other services (except public administration) [81],17828,B,49.8844,-97.1464
2021-05,Manitoba,Other services (except public administration) [81],17918,B,49.8844,-97.1464
2021-06,Manitoba,Other services (except public administration) [81],16817,B,49.8844,-97.1464
2021-07,Manitoba,Other services (except public administration) [81],18903,B,49.8844,-97.1464
2021-08,Manitoba,Other services (except public administration) [81],18931,A,49.8844,-97.1464
2021-09,Manitoba,Other services (except public administration) [81],18963,B,49.8844,-97.1464
2021-10,Manitoba,Other services (except public administration) [81],18739,B,49.8844,-97.1464
2021-11,Manitoba,Other services (except public administration) [81],18622,B,49.8844,-97.1464
2021-12,Manitoba,Other services (except public administration) [81],18897,B,49.8844,-97.1464
2022-01,Manitoba,Other services (except public administration) [81],18690,B,49.8844,-97.1464
2022-02,Manitoba,Other services (except public administration) [81],18773,B,49.8844,-97.1464
2022-03,Manitoba,Other services (except public administration) [81],18793,B,49.8844,-97.1464
2022-04,Manitoba,Other services (except public administration) [81],19026,B,49.8844,-97.1464
2022-05,Manitoba,Other services (except public administration) [81],19117,B,49.8844,-97.1464
2022-06,Manitoba,Other services (except public administration) [81],19261,C,49.8844,-97.1464
2022-07,Manitoba,Other services (except public administration) [81],19585,C,49.8844,-97.1464
2022-08,Manitoba,Other services (except public administration) [81],19794,C,49.8844,-97.1464
2022-09,Manitoba,Other services (except public administration) [81],19908,B,49.8844,-97.1464
2022-10,Manitoba,Other services (except public administration) [81],19467,C,49.8844,-97.1464
2022-11,Manitoba,Other services (except public administration) [81],19697,B,49.8844,-97.1464
2022-12,Manitoba,Other services (except public administration) [81],20539,B,49.8844,-97.1464
2023-01,Manitoba,Other services (except public administration) [81],20264,B,49.8844,-97.1464
2023-02,Manitoba,Other services (except public administration) [81],19909,B,49.8844,-97.1464
2023-03,Manitoba,Other services (except public administration) [81],20833,B,49.8844,-97.1464
2023-04,Manitoba,Other services (except public administration) [81],21049,B,49.8844,-97.1464
2023-05,Manitoba,Other services (except public administration) [81],20301,B,49.8844,-97.1464
2023-06,Manitoba,Other services (except public administration) [81],20359,B,49.8844,-97.1464
2023-07,Manitoba,Other services (except public administration) [81],20757,B,49.8844,-97.1464
2023-08,Manitoba,Other services (except public administration) [81],20891,B,49.8844,-97.1464
2023-09,Manitoba,Other services (except public administration) [81],20838,B,49.8844,-97.1464
2023-10,Manitoba,Other services (except public administration) [81],20440,A,49.8844,-97.1464
2023-11,Manitoba,Other services (except public administration) [81],20549,B,49.8844,-97.1464
2023-12,Manitoba,Other services (except public administration) [81],21037,B,49.8844,-97.1464
2024-01,Manitoba,Other services (except public administration) [81],21268,B,49.8844,-97.1464
2024-02,Manitoba,Other services (except public administration) [81],20636,B,49.8844,-97.1464
2018-01,Manitoba,Public administration [91],47591,A,49.8844,-97.1464
2018-02,Manitoba,Public administration [91],47750,A,49.8844,-97.1464
2018-03,Manitoba,Public administration [91],48407,A,49.8844,-97.1464
2018-04,Manitoba,Public administration [91],48569,A,49.8844,-97.1464
2018-05,Manitoba,Public administration [91],50580,A,49.8844,-97.1464
2018-06,Manitoba,Public administration [91],51276,A,49.8844,-97.1464
2018-07,Manitoba,Public administration [91],51643,A,49.8844,-97.1464
2018-08,Manitoba,Public administration [91],51650,A,49.8844,-97.1464
2018-09,Manitoba,Public administration [91],49864,A,49.8844,-97.1464
2018-10,Manitoba,Public administration [91],48923,A,49.8844,-97.1464
2018-11,Manitoba,Public administration [91],48144,A,49.8844,-97.1464
2018-12,Manitoba,Public administration [91],48446,A,49.8844,-97.1464
2019-01,Manitoba,Public administration [91],47531,A,49.8844,-97.1464
2019-02,Manitoba,Public administration [91],47904,A,49.8844,-97.1464
2019-03,Manitoba,Public administration [91],48553,A,49.8844,-97.1464
2019-04,Manitoba,Public administration [91],48866,A,49.8844,-97.1464
2019-05,Manitoba,Public administration [91],50697,A,49.8844,-97.1464
2019-06,Manitoba,Public administration [91],51078,A,49.8844,-97.1464
2019-07,Manitoba,Public administration [91],51424,A,49.8844,-97.1464
2019-08,Manitoba,Public administration [91],51203,A,49.8844,-97.1464
2019-09,Manitoba,Public administration [91],49553,B,49.8844,-97.1464
2019-10,Manitoba,Public administration [91],48568,B,49.8844,-97.1464
2019-11,Manitoba,Public administration [91],48486,B,49.8844,-97.1464
2019-12,Manitoba,Public administration [91],47624,A,49.8844,-97.1464
2020-01,Manitoba,Public administration [91],47165,B,49.8844,-97.1464
2020-02,Manitoba,Public administration [91],47266,B,49.8844,-97.1464
2020-03,Manitoba,Public administration [91],47017,B,49.8844,-97.1464
2020-04,Manitoba,Public administration [91],46542,B,49.8844,-97.1464
2020-05,Manitoba,Public administration [91],46562,B,49.8844,-97.1464
2020-06,Manitoba,Public administration [91],46353,C,49.8844,-97.1464
2020-07,Manitoba,Public administration [91],47762,B,49.8844,-97.1464
2020-08,Manitoba,Public administration [91],47782,C,49.8844,-97.1464
2020-09,Manitoba,Public administration [91],47827,B,49.8844,-97.1464
2020-10,Manitoba,Public administration [91],46249,B,49.8844,-97.1464
2020-11,Manitoba,Public administration [91],45326,C,49.8844,-97.1464
2020-12,Manitoba,Public administration [91],45569,B,49.8844,-97.1464
2021-01,Manitoba,Public administration [91],44142,B,49.8844,-97.1464
2021-02,Manitoba,Public administration [91],44604,B,49.8844,-97.1464
2021-03,Manitoba,Public administration [91],46193,B,49.8844,-97.1464
2021-04,Manitoba,Public administration [91],47229,C,49.8844,-97.1464
2021-05,Manitoba,Public administration [91],48341,C,49.8844,-97.1464
2021-06,Manitoba,Public administration [91],49679,B,49.8844,-97.1464
2021-07,Manitoba,Public administration [91],50989,B,49.8844,-97.1464
2021-08,Manitoba,Public administration [91],49931,B,49.8844,-97.1464
2021-09,Manitoba,Public administration [91],49026,B,49.8844,-97.1464
2021-10,Manitoba,Public administration [91],48007,B,49.8844,-97.1464
2021-11,Manitoba,Public administration [91],46729,C,49.8844,-97.1464
2021-12,Manitoba,Public administration [91],47805,B,49.8844,-97.1464
2022-01,Manitoba,Public administration [91],48320,C,49.8844,-97.1464
2022-02,Manitoba,Public administration [91],49478,B,49.8844,-97.1464
2022-03,Manitoba,Public administration [91],50724,B,49.8844,-97.1464
2022-04,Manitoba,Public administration [91],50253,B,49.8844,-97.1464
2022-05,Manitoba,Public administration [91],50872,B,49.8844,-97.1464
2022-06,Manitoba,Public administration [91],51890,E,49.8844,-97.1464
2022-07,Manitoba,Public administration [91],52622,C,49.8844,-97.1464
2022-08,Manitoba,Public administration [91],53087,B,49.8844,-97.1464
2022-09,Manitoba,Public administration [91],52275,C,49.8844,-97.1464
2022-10,Manitoba,Public administration [91],51239,C,49.8844,-97.1464
2022-11,Manitoba,Public administration [91],50502,C,49.8844,-97.1464
2022-12,Manitoba,Public administration [91],51098,B,49.8844,-97.1464
2023-01,Manitoba,Public administration [91],50421,C,49.8844,-97.1464
2023-02,Manitoba,Public administration [91],50611,C,49.8844,-97.1464
2023-03,Manitoba,Public administration [91],50967,B,49.8844,-97.1464
2023-04,Manitoba,Public administration [91],47311,B,49.8844,-97.1464
2023-05,Manitoba,Public administration [91],52547,B,49.8844,-97.1464
2023-06,Manitoba,Public administration [91],53053,C,49.8844,-97.1464
2023-07,Manitoba,Public administration [91],54212,B,49.8844,-97.1464
2023-08,Manitoba,Public administration [91],53784,C,49.8844,-97.1464
2023-09,Manitoba,Public administration [91],54305,C,49.8844,-97.1464
2023-10,Manitoba,Public administration [91],52876,B,49.8844,-97.1464
2023-11,Manitoba,Public administration [91],52287,C,49.8844,-97.1464
2023-12,Manitoba,Public administration [91],52110,B,49.8844,-97.1464
2024-01,Manitoba,Public administration [91],51363,C,49.8844,-97.1464
2024-02,Manitoba,Public administration [91],52208,B,49.8844,-97.1464
2018-01,Manitoba,Unclassified businesses [00],10976,A,49.8844,-97.1464
2018-02,Manitoba,Unclassified businesses [00],11233,A,49.8844,-97.1464
2018-03,Manitoba,Unclassified businesses [00],11446,A,49.8844,-97.1464
2018-04,Manitoba,Unclassified businesses [00],11617,A,49.8844,-97.1464
2018-05,Manitoba,Unclassified businesses [00],11242,A,49.8844,-97.1464
2018-06,Manitoba,Unclassified businesses [00],11462,A,49.8844,-97.1464
2018-07,Manitoba,Unclassified businesses [00],11149,A,49.8844,-97.1464
2018-08,Manitoba,Unclassified businesses [00],11375,A,49.8844,-97.1464
2018-09,Manitoba,Unclassified businesses [00],11271,A,49.8844,-97.1464
2018-10,Manitoba,Unclassified businesses [00],11764,A,49.8844,-97.1464
2018-11,Manitoba,Unclassified businesses [00],8856,A,49.8844,-97.1464
2018-12,Manitoba,Unclassified businesses [00],8443,A,49.8844,-97.1464
2019-01,Manitoba,Unclassified businesses [00],9595,A,49.8844,-97.1464
2019-02,Manitoba,Unclassified businesses [00],9576,A,49.8844,-97.1464
2019-03,Manitoba,Unclassified businesses [00],9900,A,49.8844,-97.1464
2019-04,Manitoba,Unclassified businesses [00],10147,A,49.8844,-97.1464
2019-05,Manitoba,Unclassified businesses [00],10668,A,49.8844,-97.1464
2019-06,Manitoba,Unclassified businesses [00],9325,A,49.8844,-97.1464
2019-07,Manitoba,Unclassified businesses [00],9510,A,49.8844,-97.1464
2019-08,Manitoba,Unclassified businesses [00],9653,A,49.8844,-97.1464
2019-09,Manitoba,Unclassified businesses [00],9621,B,49.8844,-97.1464
2019-10,Manitoba,Unclassified businesses [00],9820,A,49.8844,-97.1464
2019-11,Manitoba,Unclassified businesses [00],9476,B,49.8844,-97.1464
2019-12,Manitoba,Unclassified businesses [00],10130,A,49.8844,-97.1464
2020-01,Manitoba,Unclassified businesses [00],10705,A,49.8844,-97.1464
2020-02,Manitoba,Unclassified businesses [00],10165,B,49.8844,-97.1464
2020-03,Manitoba,Unclassified businesses [00],9670,B,49.8844,-97.1464
2020-04,Manitoba,Unclassified businesses [00],8344,B,49.8844,-97.1464
2020-05,Manitoba,Unclassified businesses [00],8414,B,49.8844,-97.1464
2020-06,Manitoba,Unclassified businesses [00],9437,B,49.8844,-97.1464
2020-07,Manitoba,Unclassified businesses [00],9980,B,49.8844,-97.1464
2020-08,Manitoba,Unclassified businesses [00],9983,B,49.8844,-97.1464
2020-09,Manitoba,Unclassified businesses [00],10517,A,49.8844,-97.1464
2020-10,Manitoba,Unclassified businesses [00],10187,A,49.8844,-97.1464
2020-11,Manitoba,Unclassified businesses [00],9249,A,49.8844,-97.1464
2020-12,Manitoba,Unclassified businesses [00],9350,A,49.8844,-97.1464
2021-01,Manitoba,Unclassified businesses [00],9155,B,49.8844,-97.1464
2021-02,Manitoba,Unclassified businesses [00],9221,A,49.8844,-97.1464
2021-03,Manitoba,Unclassified businesses [00],9843,A,49.8844,-97.1464
2021-04,Manitoba,Unclassified businesses [00],10228,A,49.8844,-97.1464
2021-05,Manitoba,Unclassified businesses [00],10494,B,49.8844,-97.1464
2021-06,Manitoba,Unclassified businesses [00],10364,A,49.8844,-97.1464
2021-07,Manitoba,Unclassified businesses [00],10904,B,49.8844,-97.1464
2021-08,Manitoba,Unclassified businesses [00],10403,B,49.8844,-97.1464
2021-09,Manitoba,Unclassified businesses [00],10051,B,49.8844,-97.1464
2021-10,Manitoba,Unclassified businesses [00],10260,B,49.8844,-97.1464
2021-11,Manitoba,Unclassified businesses [00],10455,B,49.8844,-97.1464
2021-12,Manitoba,Unclassified businesses [00],11328,B,49.8844,-97.1464
2022-01,Manitoba,Unclassified businesses [00],10935,B,49.8844,-97.1464
2022-02,Manitoba,Unclassified businesses [00],10864,A,49.8844,-97.1464
2022-03,Manitoba,Unclassified businesses [00],11073,B,49.8844,-97.1464
2022-04,Manitoba,Unclassified businesses [00],11574,B,49.8844,-97.1464
2022-05,Manitoba,Unclassified businesses [00],11889,B,49.8844,-97.1464
2022-06,Manitoba,Unclassified businesses [00],12826,B,49.8844,-97.1464
2022-07,Manitoba,Unclassified businesses [00],12603,B,49.8844,-97.1464
2022-08,Manitoba,Unclassified businesses [00],12115,B,49.8844,-97.1464
2022-09,Manitoba,Unclassified businesses [00],12497,B,49.8844,-97.1464
2022-10,Manitoba,Unclassified businesses [00],12532,B,49.8844,-97.1464
2022-11,Manitoba,Unclassified businesses [00],12251,B,49.8844,-97.1464
2022-12,Manitoba,Unclassified businesses [00],12507,B,49.8844,-97.1464
2023-01,Manitoba,Unclassified businesses [00],12782,B,49.8844,-97.1464
2023-02,Manitoba,Unclassified businesses [00],12487,B,49.8844,-97.1464
2023-03,Manitoba,Unclassified businesses [00],13039,B,49.8844,-97.1464
2023-04,Manitoba,Unclassified businesses [00],12977,B,49.8844,-97.1464
2023-05,Manitoba,Unclassified businesses [00],13039,B,49.8844,-97.1464
2023-06,Manitoba,Unclassified businesses [00],13275,B,49.8844,-97.1464
2023-07,Manitoba,Unclassified businesses [00],13709,B,49.8844,-97.1464
2023-08,Manitoba,Unclassified businesses [00],13626,B,49.8844,-97.1464
2023-09,Manitoba,Unclassified businesses [00],12977,B,49.8844,-97.1464
2023-10,Manitoba,Unclassified businesses [00],12796,B,49.8844,-97.1464
2023-11,Manitoba,Unclassified businesses [00],12643,B,49.8844,-97.1464
2023-12,Manitoba,Unclassified businesses [00],12181,A,49.8844,-97.1464
2024-01,Manitoba,Unclassified businesses [00],12113,B,49.8844,-97.1464
2024-02,Manitoba,Unclassified businesses [00],12198,B,49.8844,-97.1464
2018-01,Saskatchewan,Goods producing industries [11-33N],72279,A,52.1333,-106.6833
2018-02,Saskatchewan,Goods producing industries [11-33N],73492,A,52.1333,-106.6833
2018-03,Saskatchewan,Goods producing industries [11-33N],73458,A,52.1333,-106.6833
2018-04,Saskatchewan,Goods producing industries [11-33N],72207,A,52.1333,-106.6833
2018-05,Saskatchewan,Goods producing industries [11-33N],75683,A,52.1333,-106.6833
2018-06,Saskatchewan,Goods producing industries [11-33N],78318,A,52.1333,-106.6833
2018-07,Saskatchewan,Goods producing industries [11-33N],79324,A,52.1333,-106.6833
2018-08,Saskatchewan,Goods producing industries [11-33N],79982,A,52.1333,-106.6833
2018-09,Saskatchewan,Goods producing industries [11-33N],78378,A,52.1333,-106.6833
2018-10,Saskatchewan,Goods producing industries [11-33N],77840,A,52.1333,-106.6833
2018-11,Saskatchewan,Goods producing industries [11-33N],78349,A,52.1333,-106.6833
2018-12,Saskatchewan,Goods producing industries [11-33N],75928,A,52.1333,-106.6833
2019-01,Saskatchewan,Goods producing industries [11-33N],73155,A,52.1333,-106.6833
2019-02,Saskatchewan,Goods producing industries [11-33N],72680,A,52.1333,-106.6833
2019-03,Saskatchewan,Goods producing industries [11-33N],73488,A,52.1333,-106.6833
2019-04,Saskatchewan,Goods producing industries [11-33N],73771,A,52.1333,-106.6833
2019-05,Saskatchewan,Goods producing industries [11-33N],77775,A,52.1333,-106.6833
2019-06,Saskatchewan,Goods producing industries [11-33N],79510,A,52.1333,-106.6833
2019-07,Saskatchewan,Goods producing industries [11-33N],80526,A,52.1333,-106.6833
2019-08,Saskatchewan,Goods producing industries [11-33N],81545,A,52.1333,-106.6833
2019-09,Saskatchewan,Goods producing industries [11-33N],80388,B,52.1333,-106.6833
2019-10,Saskatchewan,Goods producing industries [11-33N],78830,A,52.1333,-106.6833
2019-11,Saskatchewan,Goods producing industries [11-33N],77518,B,52.1333,-106.6833
2019-12,Saskatchewan,Goods producing industries [11-33N],76122,B,52.1333,-106.6833
2020-01,Saskatchewan,Goods producing industries [11-33N],73718,A,52.1333,-106.6833
2020-02,Saskatchewan,Goods producing industries [11-33N],73402,B,52.1333,-106.6833
2020-03,Saskatchewan,Goods producing industries [11-33N],69960,B,52.1333,-106.6833
2020-04,Saskatchewan,Goods producing industries [11-33N],63919,B,52.1333,-106.6833
2020-05,Saskatchewan,Goods producing industries [11-33N],66098,B,52.1333,-106.6833
2020-06,Saskatchewan,Goods producing industries [11-33N],70055,B,52.1333,-106.6833
2020-07,Saskatchewan,Goods producing industries [11-33N],72274,B,52.1333,-106.6833
2020-08,Saskatchewan,Goods producing industries [11-33N],74362,B,52.1333,-106.6833
2020-09,Saskatchewan,Goods producing industries [11-33N],74167,B,52.1333,-106.6833
2020-10,Saskatchewan,Goods producing industries [11-33N],74023,B,52.1333,-106.6833
2020-11,Saskatchewan,Goods producing industries [11-33N],72788,B,52.1333,-106.6833
2020-12,Saskatchewan,Goods producing industries [11-33N],71998,B,52.1333,-106.6833
2021-01,Saskatchewan,Goods producing industries [11-33N],69189,B,52.1333,-106.6833
2021-02,Saskatchewan,Goods producing industries [11-33N],70006,B,52.1333,-106.6833
2021-03,Saskatchewan,Goods producing industries [11-33N],70937,B,52.1333,-106.6833
2021-04,Saskatchewan,Goods producing industries [11-33N],71649,B,52.1333,-106.6833
2021-05,Saskatchewan,Goods producing industries [11-33N],74606,B,52.1333,-106.6833
2021-06,Saskatchewan,Goods producing industries [11-33N],76145,B,52.1333,-106.6833
2021-07,Saskatchewan,Goods producing industries [11-33N],78409,B,52.1333,-106.6833
2021-08,Saskatchewan,Goods producing industries [11-33N],78177,A,52.1333,-106.6833
2021-09,Saskatchewan,Goods producing industries [11-33N],77817,B,52.1333,-106.6833
2021-10,Saskatchewan,Goods producing industries [11-33N],77800,A,52.1333,-106.6833
2021-11,Saskatchewan,Goods producing industries [11-33N],76012,A,52.1333,-106.6833
2021-12,Saskatchewan,Goods producing industries [11-33N],75852,B,52.1333,-106.6833
2022-01,Saskatchewan,Goods producing industries [11-33N],72646,B,52.1333,-106.6833
2022-02,Saskatchewan,Goods producing industries [11-33N],73874,A,52.1333,-106.6833
2022-03,Saskatchewan,Goods producing industries [11-33N],74497,B,52.1333,-106.6833
2022-04,Saskatchewan,Goods producing industries [11-33N],76123,A,52.1333,-106.6833
2022-05,Saskatchewan,Goods producing industries [11-33N],78464,A,52.1333,-106.6833
2022-06,Saskatchewan,Goods producing industries [11-33N],80978,B,52.1333,-106.6833
2022-07,Saskatchewan,Goods producing industries [11-33N],82390,B,52.1333,-106.6833
2022-08,Saskatchewan,Goods producing industries [11-33N],83258,B,52.1333,-106.6833
2022-09,Saskatchewan,Goods producing industries [11-33N],83078,B,52.1333,-106.6833
2022-10,Saskatchewan,Goods producing industries [11-33N],81882,B,52.1333,-106.6833
2022-11,Saskatchewan,Goods producing industries [11-33N],80690,B,52.1333,-106.6833
2022-12,Saskatchewan,Goods producing industries [11-33N],80395,B,52.1333,-106.6833
2023-01,Saskatchewan,Goods producing industries [11-33N],77523,B,52.1333,-106.6833
2023-02,Saskatchewan,Goods producing industries [11-33N],78580,B,52.1333,-106.6833
2023-03,Saskatchewan,Goods producing industries [11-33N],78991,B,52.1333,-106.6833
2023-04,Saskatchewan,Goods producing industries [11-33N],79508,B,52.1333,-106.6833
2023-05,Saskatchewan,Goods producing industries [11-33N],82869,B,52.1333,-106.6833
2023-06,Saskatchewan,Goods producing industries [11-33N],85291,B,52.1333,-106.6833
2023-07,Saskatchewan,Goods producing industries [11-33N],84975,B,52.1333,-106.6833
2023-08,Saskatchewan,Goods producing industries [11-33N],85769,B,52.1333,-106.6833
2023-09,Saskatchewan,Goods producing industries [11-33N],85054,B,52.1333,-106.6833
2023-10,Saskatchewan,Goods producing industries [11-33N],83127,B,52.1333,-106.6833
2023-11,Saskatchewan,Goods producing industries [11-33N],83357,B,52.1333,-106.6833
2023-12,Saskatchewan,Goods producing industries [11-33N],82992,B,52.1333,-106.6833
2024-01,Saskatchewan,Goods producing industries [11-33N],79232,B,52.1333,-106.6833
2024-02,Saskatchewan,Goods producing industries [11-33N],78524,B,52.1333,-106.6833
2018-01,Saskatchewan,"Forestry, logging and support [11N]",,x,52.1333,-106.6833
2018-02,Saskatchewan,"Forestry, logging and support [11N]",,x,52.1333,-106.6833
2018-03,Saskatchewan,"Forestry, logging and support [11N]",,x,52.1333,-106.6833
2018-04,Saskatchewan,"Forestry, logging and support [11N]",,x,52.1333,-106.6833
2018-05,Saskatchewan,"Forestry, logging and support [11N]",,x,52.1333,-106.6833
2018-06,Saskatchewan,"Forestry, logging and support [11N]",,x,52.1333,-106.6833
2018-07,Saskatchewan,"Forestry, logging and support [11N]",,x,52.1333,-106.6833
2018-08,Saskatchewan,"Forestry, logging and support [11N]",,x,52.1333,-106.6833
2018-09,Saskatchewan,"Forestry, logging and support [11N]",,x,52.1333,-106.6833
2018-10,Saskatchewan,"Forestry, logging and support [11N]",,x,52.1333,-106.6833
2018-11,Saskatchewan,"Forestry, logging and support [11N]",,x,52.1333,-106.6833
2018-12,Saskatchewan,"Forestry, logging and support [11N]",,x,52.1333,-106.6833
2019-01,Saskatchewan,"Forestry, logging and support [11N]",,x,52.1333,-106.6833
2019-02,Saskatchewan,"Forestry, logging and support [11N]",,x,52.1333,-106.6833
2019-03,Saskatchewan,"Forestry, logging and support [11N]",,x,52.1333,-106.6833
2019-04,Saskatchewan,"Forestry, logging and support [11N]",,x,52.1333,-106.6833
2019-05,Saskatchewan,"Forestry, logging and support [11N]",,x,52.1333,-106.6833
2019-06,Saskatchewan,"Forestry, logging and support [11N]",,x,52.1333,-106.6833
2019-07,Saskatchewan,"Forestry, logging and support [11N]",,x,52.1333,-106.6833
2019-08,Saskatchewan,"Forestry, logging and support [11N]",,x,52.1333,-106.6833
2019-09,Saskatchewan,"Forestry, logging and support [11N]",,x,52.1333,-106.6833
2019-10,Saskatchewan,"Forestry, logging and support [11N]",,x,52.1333,-106.6833
2019-11,Saskatchewan,"Forestry, logging and support [11N]",,x,52.1333,-106.6833
2019-12,Saskatchewan,"Forestry, logging and support [11N]",,x,52.1333,-106.6833
2020-01,Saskatchewan,"Forestry, logging and support [11N]",,x,52.1333,-106.6833
2020-02,Saskatchewan,"Forestry, logging and support [11N]",,x,52.1333,-106.6833
2020-03,Saskatchewan,"Forestry, logging and support [11N]",,x,52.1333,-106.6833
2020-04,Saskatchewan,"Forestry, logging and support [11N]",,x,52.1333,-106.6833
2020-05,Saskatchewan,"Forestry, logging and support [11N]",,x,52.1333,-106.6833
2020-06,Saskatchewan,"Forestry, logging and support [11N]",,x,52.1333,-106.6833
2020-07,Saskatchewan,"Forestry, logging and support [11N]",,x,52.1333,-106.6833
2020-08,Saskatchewan,"Forestry, logging and support [11N]",,x,52.1333,-106.6833
2020-09,Saskatchewan,"Forestry, logging and support [11N]",,x,52.1333,-106.6833
2020-10,Saskatchewan,"Forestry, logging and support [11N]",,x,52.1333,-106.6833
2020-11,Saskatchewan,"Forestry, logging and support [11N]",,x,52.1333,-106.6833
2020-12,Saskatchewan,"Forestry, logging and support [11N]",,x,52.1333,-106.6833
2021-01,Saskatchewan,"Forestry, logging and support [11N]",,x,52.1333,-106.6833
2021-02,Saskatchewan,"Forestry, logging and support [11N]",,x,52.1333,-106.6833
2021-03,Saskatchewan,"Forestry, logging and support [11N]",,x,52.1333,-106.6833
2021-04,Saskatchewan,"Forestry, logging and support [11N]",,x,52.1333,-106.6833
2021-05,Saskatchewan,"Forestry, logging and support [11N]",,x,52.1333,-106.6833
2021-06,Saskatchewan,"Forestry, logging and support [11N]",,x,52.1333,-106.6833
2021-07,Saskatchewan,"Forestry, logging and support [11N]",,x,52.1333,-106.6833
2021-08,Saskatchewan,"Forestry, logging and support [11N]",,x,52.1333,-106.6833
2021-09,Saskatchewan,"Forestry, logging and support [11N]",,x,52.1333,-106.6833
2021-10,Saskatchewan,"Forestry, logging and support [11N]",,x,52.1333,-106.6833
2021-11,Saskatchewan,"Forestry, logging and support [11N]",,x,52.1333,-106.6833
2021-12,Saskatchewan,"Forestry, logging and support [11N]",,x,52.1333,-106.6833
2022-01,Saskatchewan,"Forestry, logging and support [11N]",,x,52.1333,-106.6833
2022-02,Saskatchewan,"Forestry, logging and support [11N]",,x,52.1333,-106.6833
2022-03,Saskatchewan,"Forestry, logging and support [11N]",,x,52.1333,-106.6833
2022-04,Saskatchewan,"Forestry, logging and support [11N]",,x,52.1333,-106.6833
2022-05,Saskatchewan,"Forestry, logging and support [11N]",,x,52.1333,-106.6833
2022-06,Saskatchewan,"Forestry, logging and support [11N]",,x,52.1333,-106.6833
2022-07,Saskatchewan,"Forestry, logging and support [11N]",,x,52.1333,-106.6833
2022-08,Saskatchewan,"Forestry, logging and support [11N]",,x,52.1333,-106.6833
2022-09,Saskatchewan,"Forestry, logging and support [11N]",,x,52.1333,-106.6833
2022-10,Saskatchewan,"Forestry, logging and support [11N]",,x,52.1333,-106.6833
2022-11,Saskatchewan,"Forestry, logging and support [11N]",,x,52.1333,-106.6833
2022-12,Saskatchewan,"Forestry, logging and support [11N]",,x,52.1333,-106.6833
2023-01,Saskatchewan,"Forestry, logging and support [11N]",,x,52.1333,-106.6833
2023-02,Saskatchewan,"Forestry, logging and support [11N]",,x,52.1333,-106.6833
2023-03,Saskatchewan,"Forestry, logging and support [11N]",,x,52.1333,-106.6833
2023-04,Saskatchewan,"Forestry, logging and support [11N]",,x,52.1333,-106.6833
2023-05,Saskatchewan,"Forestry, logging and support [11N]",,x,52.1333,-106.6833
2023-06,Saskatchewan,"Forestry, logging and support [11N]",,x,52.1333,-106.6833
2023-07,Saskatchewan,"Forestry, logging and support [11N]",,x,52.1333,-106.6833
2023-08,Saskatchewan,"Forestry, logging and support [11N]",,x,52.1333,-106.6833
2023-09,Saskatchewan,"Forestry, logging and support [11N]",,x,52.1333,-106.6833
2023-10,Saskatchewan,"Forestry, logging and support [11N]",,x,52.1333,-106.6833
2023-11,Saskatchewan,"Forestry, logging and support [11N]",,x,52.1333,-106.6833
2023-12,Saskatchewan,"Forestry, logging and support [11N]",,x,52.1333,-106.6833
2024-01,Saskatchewan,"Forestry, logging and support [11N]",,x,52.1333,-106.6833
2024-02,Saskatchewan,"Forestry, logging and support [11N]",,x,52.1333,-106.6833
2018-01,Saskatchewan,"Mining, quarrying, and oil and gas extraction [21]",17376,A,52.1333,-106.6833
2018-02,Saskatchewan,"Mining, quarrying, and oil and gas extraction [21]",18038,A,52.1333,-106.6833
2018-03,Saskatchewan,"Mining, quarrying, and oil and gas extraction [21]",17687,A,52.1333,-106.6833
2018-04,Saskatchewan,"Mining, quarrying, and oil and gas extraction [21]",16827,A,52.1333,-106.6833
2018-05,Saskatchewan,"Mining, quarrying, and oil and gas extraction [21]",17255,A,52.1333,-106.6833
2018-06,Saskatchewan,"Mining, quarrying, and oil and gas extraction [21]",17841,A,52.1333,-106.6833
2018-07,Saskatchewan,"Mining, quarrying, and oil and gas extraction [21]",17930,A,52.1333,-106.6833
2018-08,Saskatchewan,"Mining, quarrying, and oil and gas extraction [21]",18142,A,52.1333,-106.6833
2018-09,Saskatchewan,"Mining, quarrying, and oil and gas extraction [21]",17693,A,52.1333,-106.6833
2018-10,Saskatchewan,"Mining, quarrying, and oil and gas extraction [21]",17759,A,52.1333,-106.6833
2018-11,Saskatchewan,"Mining, quarrying, and oil and gas extraction [21]",18223,A,52.1333,-106.6833
2018-12,Saskatchewan,"Mining, quarrying, and oil and gas extraction [21]",18010,A,52.1333,-106.6833
2019-01,Saskatchewan,"Mining, quarrying, and oil and gas extraction [21]",18083,A,52.1333,-106.6833
2019-02,Saskatchewan,"Mining, quarrying, and oil and gas extraction [21]",18244,A,52.1333,-106.6833
2019-03,Saskatchewan,"Mining, quarrying, and oil and gas extraction [21]",18394,A,52.1333,-106.6833
2019-04,Saskatchewan,"Mining, quarrying, and oil and gas extraction [21]",17971,A,52.1333,-106.6833
2019-05,Saskatchewan,"Mining, quarrying, and oil and gas extraction [21]",18490,A,52.1333,-106.6833
2019-06,Saskatchewan,"Mining, quarrying, and oil and gas extraction [21]",18744,A,52.1333,-106.6833
2019-07,Saskatchewan,"Mining, quarrying, and oil and gas extraction [21]",18753,A,52.1333,-106.6833
2019-08,Saskatchewan,"Mining, quarrying, and oil and gas extraction [21]",18352,A,52.1333,-106.6833
2019-09,Saskatchewan,"Mining, quarrying, and oil and gas extraction [21]",18325,B,52.1333,-106.6833
2019-10,Saskatchewan,"Mining, quarrying, and oil and gas extraction [21]",17818,A,52.1333,-106.6833
2019-11,Saskatchewan,"Mining, quarrying, and oil and gas extraction [21]",17906,A,52.1333,-106.6833
2019-12,Saskatchewan,"Mining, quarrying, and oil and gas extraction [21]",18238,A,52.1333,-106.6833
2020-01,Saskatchewan,"Mining, quarrying, and oil and gas extraction [21]",18644,B,52.1333,-106.6833
2020-02,Saskatchewan,"Mining, quarrying, and oil and gas extraction [21]",18588,B,52.1333,-106.6833
2020-03,Saskatchewan,"Mining, quarrying, and oil and gas extraction [21]",18833,B,52.1333,-106.6833
2020-04,Saskatchewan,"Mining, quarrying, and oil and gas extraction [21]",16657,B,52.1333,-106.6833
2020-05,Saskatchewan,"Mining, quarrying, and oil and gas extraction [21]",16223,B,52.1333,-106.6833
2020-06,Saskatchewan,"Mining, quarrying, and oil and gas extraction [21]",16379,B,52.1333,-106.6833
2020-07,Saskatchewan,"Mining, quarrying, and oil and gas extraction [21]",16570,B,52.1333,-106.6833
2020-08,Saskatchewan,"Mining, quarrying, and oil and gas extraction [21]",16706,B,52.1333,-106.6833
2020-09,Saskatchewan,"Mining, quarrying, and oil and gas extraction [21]",16940,C,52.1333,-106.6833
2020-10,Saskatchewan,"Mining, quarrying, and oil and gas extraction [21]",16812,B,52.1333,-106.6833
2020-11,Saskatchewan,"Mining, quarrying, and oil and gas extraction [21]",16888,B,52.1333,-106.6833
2020-12,Saskatchewan,"Mining, quarrying, and oil and gas extraction [21]",16566,B,52.1333,-106.6833
2021-01,Saskatchewan,"Mining, quarrying, and oil and gas extraction [21]",16462,B,52.1333,-106.6833
2021-02,Saskatchewan,"Mining, quarrying, and oil and gas extraction [21]",17000,A,52.1333,-106.6833
2021-03,Saskatchewan,"Mining, quarrying, and oil and gas extraction [21]",17036,B,52.1333,-106.6833
2021-04,Saskatchewan,"Mining, quarrying, and oil and gas extraction [21]",16656,B,52.1333,-106.6833
2021-05,Saskatchewan,"Mining, quarrying, and oil and gas extraction [21]",15949,B,52.1333,-106.6833
2021-06,Saskatchewan,"Mining, quarrying, and oil and gas extraction [21]",16006,A,52.1333,-106.6833
2021-07,Saskatchewan,"Mining, quarrying, and oil and gas extraction [21]",16280,A,52.1333,-106.6833
2021-08,Saskatchewan,"Mining, quarrying, and oil and gas extraction [21]",16247,A,52.1333,-106.6833
2021-09,Saskatchewan,"Mining, quarrying, and oil and gas extraction [21]",16473,B,52.1333,-106.6833
2021-10,Saskatchewan,"Mining, quarrying, and oil and gas extraction [21]",16783,A,52.1333,-106.6833
2021-11,Saskatchewan,"Mining, quarrying, and oil and gas extraction [21]",16798,A,52.1333,-106.6833
2021-12,Saskatchewan,"Mining, quarrying, and oil and gas extraction [21]",16952,A,52.1333,-106.6833
2022-01,Saskatchewan,"Mining, quarrying, and oil and gas extraction [21]",17109,B,52.1333,-106.6833
2022-02,Saskatchewan,"Mining, quarrying, and oil and gas extraction [21]",17295,B,52.1333,-106.6833
2022-03,Saskatchewan,"Mining, quarrying, and oil and gas extraction [21]",17375,B,52.1333,-106.6833
2022-04,Saskatchewan,"Mining, quarrying, and oil and gas extraction [21]",17731,A,52.1333,-106.6833
2022-05,Saskatchewan,"Mining, quarrying, and oil and gas extraction [21]",17758,A,52.1333,-106.6833
2022-06,Saskatchewan,"Mining, quarrying, and oil and gas extraction [21]",17955,B,52.1333,-106.6833
2022-07,Saskatchewan,"Mining, quarrying, and oil and gas extraction [21]",18055,B,52.1333,-106.6833
2022-08,Saskatchewan,"Mining, quarrying, and oil and gas extraction [21]",18292,A,52.1333,-106.6833
2022-09,Saskatchewan,"Mining, quarrying, and oil and gas extraction [21]",18442,B,52.1333,-106.6833
2022-10,Saskatchewan,"Mining, quarrying, and oil and gas extraction [21]",18009,A,52.1333,-106.6833
2022-11,Saskatchewan,"Mining, quarrying, and oil and gas extraction [21]",18295,A,52.1333,-106.6833
2022-12,Saskatchewan,"Mining, quarrying, and oil and gas extraction [21]",18440,A,52.1333,-106.6833
2023-01,Saskatchewan,"Mining, quarrying, and oil and gas extraction [21]",19009,B,52.1333,-106.6833
2023-02,Saskatchewan,"Mining, quarrying, and oil and gas extraction [21]",19456,A,52.1333,-106.6833
2023-03,Saskatchewan,"Mining, quarrying, and oil and gas extraction [21]",19421,B,52.1333,-106.6833
2023-04,Saskatchewan,"Mining, quarrying, and oil and gas extraction [21]",19403,A,52.1333,-106.6833
2023-05,Saskatchewan,"Mining, quarrying, and oil and gas extraction [21]",19141,A,52.1333,-106.6833
2023-06,Saskatchewan,"Mining, quarrying, and oil and gas extraction [21]",19412,B,52.1333,-106.6833
2023-07,Saskatchewan,"Mining, quarrying, and oil and gas extraction [21]",19060,B,52.1333,-106.6833
2023-08,Saskatchewan,"Mining, quarrying, and oil and gas extraction [21]",19334,B,52.1333,-106.6833
2023-09,Saskatchewan,"Mining, quarrying, and oil and gas extraction [21]",19250,B,52.1333,-106.6833
2023-10,Saskatchewan,"Mining, quarrying, and oil and gas extraction [21]",18771,B,52.1333,-106.6833
2023-11,Saskatchewan,"Mining, quarrying, and oil and gas extraction [21]",19034,B,52.1333,-106.6833
2023-12,Saskatchewan,"Mining, quarrying, and oil and gas extraction [21]",19101,B,52.1333,-106.6833
2024-01,Saskatchewan,"Mining, quarrying, and oil and gas extraction [21]",19532,B,52.1333,-106.6833
2024-02,Saskatchewan,"Mining, quarrying, and oil and gas extraction [21]",19022,C,52.1333,-106.6833
2018-01,Saskatchewan,"Utilities [22,221]",,x,52.1333,-106.6833
2018-02,Saskatchewan,"Utilities [22,221]",,x,52.1333,-106.6833
2018-03,Saskatchewan,"Utilities [22,221]",,x,52.1333,-106.6833
2018-04,Saskatchewan,"Utilities [22,221]",,x,52.1333,-106.6833
2018-05,Saskatchewan,"Utilities [22,221]",,x,52.1333,-106.6833
2018-06,Saskatchewan,"Utilities [22,221]",,x,52.1333,-106.6833
2018-07,Saskatchewan,"Utilities [22,221]",,x,52.1333,-106.6833
2018-08,Saskatchewan,"Utilities [22,221]",,x,52.1333,-106.6833
2018-09,Saskatchewan,"Utilities [22,221]",,x,52.1333,-106.6833
2018-10,Saskatchewan,"Utilities [22,221]",,x,52.1333,-106.6833
2018-11,Saskatchewan,"Utilities [22,221]",,x,52.1333,-106.6833
2018-12,Saskatchewan,"Utilities [22,221]",,x,52.1333,-106.6833
2019-01,Saskatchewan,"Utilities [22,221]",,x,52.1333,-106.6833
2019-02,Saskatchewan,"Utilities [22,221]",,x,52.1333,-106.6833
2019-03,Saskatchewan,"Utilities [22,221]",,x,52.1333,-106.6833
2019-04,Saskatchewan,"Utilities [22,221]",,x,52.1333,-106.6833
2019-05,Saskatchewan,"Utilities [22,221]",,x,52.1333,-106.6833
2019-06,Saskatchewan,"Utilities [22,221]",,x,52.1333,-106.6833
2019-07,Saskatchewan,"Utilities [22,221]",,x,52.1333,-106.6833
2019-08,Saskatchewan,"Utilities [22,221]",,x,52.1333,-106.6833
2019-09,Saskatchewan,"Utilities [22,221]",,x,52.1333,-106.6833
2019-10,Saskatchewan,"Utilities [22,221]",,x,52.1333,-106.6833
2019-11,Saskatchewan,"Utilities [22,221]",,x,52.1333,-106.6833
2019-12,Saskatchewan,"Utilities [22,221]",,x,52.1333,-106.6833
2020-01,Saskatchewan,"Utilities [22,221]",,x,52.1333,-106.6833
2020-02,Saskatchewan,"Utilities [22,221]",,x,52.1333,-106.6833
2020-03,Saskatchewan,"Utilities [22,221]",,x,52.1333,-106.6833
2020-04,Saskatchewan,"Utilities [22,221]",,x,52.1333,-106.6833
2020-05,Saskatchewan,"Utilities [22,221]",,x,52.1333,-106.6833
2020-06,Saskatchewan,"Utilities [22,221]",,x,52.1333,-106.6833
2020-07,Saskatchewan,"Utilities [22,221]",,x,52.1333,-106.6833
2020-08,Saskatchewan,"Utilities [22,221]",,x,52.1333,-106.6833
2020-09,Saskatchewan,"Utilities [22,221]",,x,52.1333,-106.6833
2020-10,Saskatchewan,"Utilities [22,221]",,x,52.1333,-106.6833
2020-11,Saskatchewan,"Utilities [22,221]",,x,52.1333,-106.6833
2020-12,Saskatchewan,"Utilities [22,221]",,x,52.1333,-106.6833
2021-01,Saskatchewan,"Utilities [22,221]",,x,52.1333,-106.6833
2021-02,Saskatchewan,"Utilities [22,221]",,x,52.1333,-106.6833
2021-03,Saskatchewan,"Utilities [22,221]",,x,52.1333,-106.6833
2021-04,Saskatchewan,"Utilities [22,221]",,x,52.1333,-106.6833
2021-05,Saskatchewan,"Utilities [22,221]",,x,52.1333,-106.6833
2021-06,Saskatchewan,"Utilities [22,221]",,x,52.1333,-106.6833
2021-07,Saskatchewan,"Utilities [22,221]",,x,52.1333,-106.6833
2021-08,Saskatchewan,"Utilities [22,221]",,x,52.1333,-106.6833
2021-09,Saskatchewan,"Utilities [22,221]",,x,52.1333,-106.6833
2021-10,Saskatchewan,"Utilities [22,221]",,x,52.1333,-106.6833
2021-11,Saskatchewan,"Utilities [22,221]",,x,52.1333,-106.6833
2021-12,Saskatchewan,"Utilities [22,221]",,x,52.1333,-106.6833
2022-01,Saskatchewan,"Utilities [22,221]",,x,52.1333,-106.6833
2022-02,Saskatchewan,"Utilities [22,221]",,x,52.1333,-106.6833
2022-03,Saskatchewan,"Utilities [22,221]",,x,52.1333,-106.6833
2022-04,Saskatchewan,"Utilities [22,221]",,x,52.1333,-106.6833
2022-05,Saskatchewan,"Utilities [22,221]",,x,52.1333,-106.6833
2022-06,Saskatchewan,"Utilities [22,221]",,x,52.1333,-106.6833
2022-07,Saskatchewan,"Utilities [22,221]",,x,52.1333,-106.6833
2022-08,Saskatchewan,"Utilities [22,221]",,x,52.1333,-106.6833
2022-09,Saskatchewan,"Utilities [22,221]",,x,52.1333,-106.6833
2022-10,Saskatchewan,"Utilities [22,221]",,x,52.1333,-106.6833
2022-11,Saskatchewan,"Utilities [22,221]",,x,52.1333,-106.6833
2022-12,Saskatchewan,"Utilities [22,221]",,x,52.1333,-106.6833
2023-01,Saskatchewan,"Utilities [22,221]",,x,52.1333,-106.6833
2023-02,Saskatchewan,"Utilities [22,221]",,x,52.1333,-106.6833
2023-03,Saskatchewan,"Utilities [22,221]",,x,52.1333,-106.6833
2023-04,Saskatchewan,"Utilities [22,221]",,x,52.1333,-106.6833
2023-05,Saskatchewan,"Utilities [22,221]",,x,52.1333,-106.6833
2023-06,Saskatchewan,"Utilities [22,221]",,x,52.1333,-106.6833
2023-07,Saskatchewan,"Utilities [22,221]",,x,52.1333,-106.6833
2023-08,Saskatchewan,"Utilities [22,221]",,x,52.1333,-106.6833
2023-09,Saskatchewan,"Utilities [22,221]",,x,52.1333,-106.6833
2023-10,Saskatchewan,"Utilities [22,221]",,x,52.1333,-106.6833
2023-11,Saskatchewan,"Utilities [22,221]",,x,52.1333,-106.6833
2023-12,Saskatchewan,"Utilities [22,221]",,x,52.1333,-106.6833
2024-01,Saskatchewan,"Utilities [22,221]",,x,52.1333,-106.6833
2024-02,Saskatchewan,"Utilities [22,221]",,x,52.1333,-106.6833
2018-01,Saskatchewan,Construction [23],26716,A,52.1333,-106.6833
2018-02,Saskatchewan,Construction [23],26970,A,52.1333,-106.6833
2018-03,Saskatchewan,Construction [23],27154,A,52.1333,-106.6833
2018-04,Saskatchewan,Construction [23],27134,A,52.1333,-106.6833
2018-05,Saskatchewan,Construction [23],29800,A,52.1333,-106.6833
2018-06,Saskatchewan,Construction [23],31429,A,52.1333,-106.6833
2018-07,Saskatchewan,Construction [23],32363,A,52.1333,-106.6833
2018-08,Saskatchewan,Construction [23],32248,A,52.1333,-106.6833
2018-09,Saskatchewan,Construction [23],31554,A,52.1333,-106.6833
2018-10,Saskatchewan,Construction [23],30967,A,52.1333,-106.6833
2018-11,Saskatchewan,Construction [23],30130,A,52.1333,-106.6833
2018-12,Saskatchewan,Construction [23],28139,A,52.1333,-106.6833
2019-01,Saskatchewan,Construction [23],25208,A,52.1333,-106.6833
2019-02,Saskatchewan,Construction [23],24660,A,52.1333,-106.6833
2019-03,Saskatchewan,Construction [23],25301,A,52.1333,-106.6833
2019-04,Saskatchewan,Construction [23],25997,A,52.1333,-106.6833
2019-05,Saskatchewan,Construction [23],28750,A,52.1333,-106.6833
2019-06,Saskatchewan,Construction [23],30200,A,52.1333,-106.6833
2019-07,Saskatchewan,Construction [23],30930,A,52.1333,-106.6833
2019-08,Saskatchewan,Construction [23],31830,A,52.1333,-106.6833
2019-09,Saskatchewan,Construction [23],31027,B,52.1333,-106.6833
2019-10,Saskatchewan,Construction [23],30261,B,52.1333,-106.6833
2019-11,Saskatchewan,Construction [23],28886,B,52.1333,-106.6833
2019-12,Saskatchewan,Construction [23],27160,B,52.1333,-106.6833
2020-01,Saskatchewan,Construction [23],24602,A,52.1333,-106.6833
2020-02,Saskatchewan,Construction [23],24261,B,52.1333,-106.6833
2020-03,Saskatchewan,Construction [23],23122,B,52.1333,-106.6833
2020-04,Saskatchewan,Construction [23],20501,B,52.1333,-106.6833
2020-05,Saskatchewan,Construction [23],22616,B,52.1333,-106.6833
2020-06,Saskatchewan,Construction [23],25858,B,52.1333,-106.6833
2020-07,Saskatchewan,Construction [23],27211,B,52.1333,-106.6833
2020-08,Saskatchewan,Construction [23],28273,B,52.1333,-106.6833
2020-09,Saskatchewan,Construction [23],28378,B,52.1333,-106.6833
2020-10,Saskatchewan,Construction [23],28347,B,52.1333,-106.6833
2020-11,Saskatchewan,Construction [23],27270,B,52.1333,-106.6833
2020-12,Saskatchewan,Construction [23],26574,B,52.1333,-106.6833
2021-01,Saskatchewan,Construction [23],24129,A,52.1333,-106.6833
2021-02,Saskatchewan,Construction [23],24420,B,52.1333,-106.6833
2021-03,Saskatchewan,Construction [23],24843,B,52.1333,-106.6833
2021-04,Saskatchewan,Construction [23],25952,B,52.1333,-106.6833
2021-05,Saskatchewan,Construction [23],28945,B,52.1333,-106.6833
2021-06,Saskatchewan,Construction [23],30459,B,52.1333,-106.6833
2021-07,Saskatchewan,Construction [23],31892,A,52.1333,-106.6833
2021-08,Saskatchewan,Construction [23],31799,A,52.1333,-106.6833
2021-09,Saskatchewan,Construction [23],31267,A,52.1333,-106.6833
2021-10,Saskatchewan,Construction [23],30967,A,52.1333,-106.6833
2021-11,Saskatchewan,Construction [23],29522,A,52.1333,-106.6833
2021-12,Saskatchewan,Construction [23],28478,A,52.1333,-106.6833
2022-01,Saskatchewan,Construction [23],25865,A,52.1333,-106.6833
2022-02,Saskatchewan,Construction [23],26858,A,52.1333,-106.6833
2022-03,Saskatchewan,Construction [23],26914,B,52.1333,-106.6833
2022-04,Saskatchewan,Construction [23],27993,A,52.1333,-106.6833
2022-05,Saskatchewan,Construction [23],30393,A,52.1333,-106.6833
2022-06,Saskatchewan,Construction [23],31955,B,52.1333,-106.6833
2022-07,Saskatchewan,Construction [23],32992,B,52.1333,-106.6833
2022-08,Saskatchewan,Construction [23],33381,B,52.1333,-106.6833
2022-09,Saskatchewan,Construction [23],33285,A,52.1333,-106.6833
2022-10,Saskatchewan,Construction [23],32739,B,52.1333,-106.6833
2022-11,Saskatchewan,Construction [23],31367,B,52.1333,-106.6833
2022-12,Saskatchewan,Construction [23],30296,B,52.1333,-106.6833
2023-01,Saskatchewan,Construction [23],27688,B,52.1333,-106.6833
2023-02,Saskatchewan,Construction [23],27816,B,52.1333,-106.6833
2023-03,Saskatchewan,Construction [23],28076,B,52.1333,-106.6833
2023-04,Saskatchewan,Construction [23],28538,B,52.1333,-106.6833
2023-05,Saskatchewan,Construction [23],31550,B,52.1333,-106.6833
2023-06,Saskatchewan,Construction [23],33333,B,52.1333,-106.6833
2023-07,Saskatchewan,Construction [23],33779,B,52.1333,-106.6833
2023-08,Saskatchewan,Construction [23],33870,B,52.1333,-106.6833
2023-09,Saskatchewan,Construction [23],33446,B,52.1333,-106.6833
2023-10,Saskatchewan,Construction [23],32482,A,52.1333,-106.6833
2023-11,Saskatchewan,Construction [23],30988,B,52.1333,-106.6833
2023-12,Saskatchewan,Construction [23],30071,A,52.1333,-106.6833
2024-01,Saskatchewan,Construction [23],26779,A,52.1333,-106.6833
2024-02,Saskatchewan,Construction [23],26673,B,52.1333,-106.6833
2018-01,Saskatchewan,Manufacturing [31-33],23186,A,52.1333,-106.6833
2018-02,Saskatchewan,Manufacturing [31-33],23290,A,52.1333,-106.6833
2018-03,Saskatchewan,Manufacturing [31-33],23558,A,52.1333,-106.6833
2018-04,Saskatchewan,Manufacturing [31-33],23267,A,52.1333,-106.6833
2018-05,Saskatchewan,Manufacturing [31-33],23656,A,52.1333,-106.6833
2018-06,Saskatchewan,Manufacturing [31-33],23979,A,52.1333,-106.6833
2018-07,Saskatchewan,Manufacturing [31-33],23884,A,52.1333,-106.6833
2018-08,Saskatchewan,Manufacturing [31-33],24440,A,52.1333,-106.6833
2018-09,Saskatchewan,Manufacturing [31-33],23995,A,52.1333,-106.6833
2018-10,Saskatchewan,Manufacturing [31-33],24048,A,52.1333,-106.6833
2018-11,Saskatchewan,Manufacturing [31-33],24849,A,52.1333,-106.6833
2018-12,Saskatchewan,Manufacturing [31-33],24561,A,52.1333,-106.6833
2019-01,Saskatchewan,Manufacturing [31-33],24709,A,52.1333,-106.6833
2019-02,Saskatchewan,Manufacturing [31-33],24606,A,52.1333,-106.6833
2019-03,Saskatchewan,Manufacturing [31-33],24601,A,52.1333,-106.6833
2019-04,Saskatchewan,Manufacturing [31-33],24686,A,52.1333,-106.6833
2019-05,Saskatchewan,Manufacturing [31-33],25358,A,52.1333,-106.6833
2019-06,Saskatchewan,Manufacturing [31-33],25260,A,52.1333,-106.6833
2019-07,Saskatchewan,Manufacturing [31-33],25473,A,52.1333,-106.6833
2019-08,Saskatchewan,Manufacturing [31-33],25936,A,52.1333,-106.6833
2019-09,Saskatchewan,Manufacturing [31-33],25632,B,52.1333,-106.6833
2019-10,Saskatchewan,Manufacturing [31-33],25451,A,52.1333,-106.6833
2019-11,Saskatchewan,Manufacturing [31-33],25333,B,52.1333,-106.6833
2019-12,Saskatchewan,Manufacturing [31-33],25351,B,52.1333,-106.6833
2020-01,Saskatchewan,Manufacturing [31-33],25118,B,52.1333,-106.6833
2020-02,Saskatchewan,Manufacturing [31-33],25315,B,52.1333,-106.6833
2020-03,Saskatchewan,Manufacturing [31-33],22767,B,52.1333,-106.6833
2020-04,Saskatchewan,Manufacturing [31-33],21734,B,52.1333,-106.6833
2020-05,Saskatchewan,Manufacturing [31-33],22271,B,52.1333,-106.6833
2020-06,Saskatchewan,Manufacturing [31-33],22717,B,52.1333,-106.6833
2020-07,Saskatchewan,Manufacturing [31-33],23246,B,52.1333,-106.6833
2020-08,Saskatchewan,Manufacturing [31-33],24220,B,52.1333,-106.6833
2020-09,Saskatchewan,Manufacturing [31-33],23589,A,52.1333,-106.6833
2020-10,Saskatchewan,Manufacturing [31-33],23718,A,52.1333,-106.6833
2020-11,Saskatchewan,Manufacturing [31-33],23365,A,52.1333,-106.6833
2020-12,Saskatchewan,Manufacturing [31-33],23563,A,52.1333,-106.6833
2021-01,Saskatchewan,Manufacturing [31-33],23373,B,52.1333,-106.6833
2021-02,Saskatchewan,Manufacturing [31-33],23528,B,52.1333,-106.6833
2021-03,Saskatchewan,Manufacturing [31-33],23989,B,52.1333,-106.6833
2021-04,Saskatchewan,Manufacturing [31-33],24038,B,52.1333,-106.6833
2021-05,Saskatchewan,Manufacturing [31-33],24565,B,52.1333,-106.6833
2021-06,Saskatchewan,Manufacturing [31-33],24361,B,52.1333,-106.6833
2021-07,Saskatchewan,Manufacturing [31-33],24736,B,52.1333,-106.6833
2021-08,Saskatchewan,Manufacturing [31-33],24682,A,52.1333,-106.6833
2021-09,Saskatchewan,Manufacturing [31-33],24663,B,52.1333,-106.6833
2021-10,Saskatchewan,Manufacturing [31-33],24748,B,52.1333,-106.6833
2021-11,Saskatchewan,Manufacturing [31-33],24308,B,52.1333,-106.6833
2021-12,Saskatchewan,Manufacturing [31-33],25098,B,52.1333,-106.6833
2022-01,Saskatchewan,Manufacturing [31-33],24359,B,52.1333,-106.6833
2022-02,Saskatchewan,Manufacturing [31-33],24464,B,52.1333,-106.6833
2022-03,Saskatchewan,Manufacturing [31-33],24887,B,52.1333,-106.6833
2022-04,Saskatchewan,Manufacturing [31-33],24959,B,52.1333,-106.6833
2022-05,Saskatchewan,Manufacturing [31-33],24887,B,52.1333,-106.6833
2022-06,Saskatchewan,Manufacturing [31-33],25510,B,52.1333,-106.6833
2022-07,Saskatchewan,Manufacturing [31-33],25810,B,52.1333,-106.6833
2022-08,Saskatchewan,Manufacturing [31-33],26039,B,52.1333,-106.6833
2022-09,Saskatchewan,Manufacturing [31-33],25742,B,52.1333,-106.6833
2022-10,Saskatchewan,Manufacturing [31-33],25678,B,52.1333,-106.6833
2022-11,Saskatchewan,Manufacturing [31-33],25626,B,52.1333,-106.6833
2022-12,Saskatchewan,Manufacturing [31-33],26215,B,52.1333,-106.6833
2023-01,Saskatchewan,Manufacturing [31-33],25457,B,52.1333,-106.6833
2023-02,Saskatchewan,Manufacturing [31-33],25966,B,52.1333,-106.6833
2023-03,Saskatchewan,Manufacturing [31-33],26129,B,52.1333,-106.6833
2023-04,Saskatchewan,Manufacturing [31-33],26248,B,52.1333,-106.6833
2023-05,Saskatchewan,Manufacturing [31-33],26731,B,52.1333,-106.6833
2023-06,Saskatchewan,Manufacturing [31-33],26910,B,52.1333,-106.6833
2023-07,Saskatchewan,Manufacturing [31-33],26514,B,52.1333,-106.6833
2023-08,Saskatchewan,Manufacturing [31-33],26752,A,52.1333,-106.6833
2023-09,Saskatchewan,Manufacturing [31-33],26680,A,52.1333,-106.6833
2023-10,Saskatchewan,Manufacturing [31-33],26150,A,52.1333,-106.6833
2023-11,Saskatchewan,Manufacturing [31-33],27547,B,52.1333,-106.6833
2023-12,Saskatchewan,Manufacturing [31-33],28030,A,52.1333,-106.6833
2024-01,Saskatchewan,Manufacturing [31-33],27223,A,52.1333,-106.6833
2024-02,Saskatchewan,Manufacturing [31-33],27142,B,52.1333,-106.6833
2018-01,Saskatchewan,Trade [41-45N],86031,A,52.1333,-106.6833
2018-02,Saskatchewan,Trade [41-45N],85757,A,52.1333,-106.6833
2018-03,Saskatchewan,Trade [41-45N],85475,A,52.1333,-106.6833
2018-04,Saskatchewan,Trade [41-45N],85488,A,52.1333,-106.6833
2018-05,Saskatchewan,Trade [41-45N],86281,A,52.1333,-106.6833
2018-06,Saskatchewan,Trade [41-45N],88407,A,52.1333,-106.6833
2018-07,Saskatchewan,Trade [41-45N],87852,A,52.1333,-106.6833
2018-08,Saskatchewan,Trade [41-45N],88177,A,52.1333,-106.6833
2018-09,Saskatchewan,Trade [41-45N],87626,A,52.1333,-106.6833
2018-10,Saskatchewan,Trade [41-45N],86532,A,52.1333,-106.6833
2018-11,Saskatchewan,Trade [41-45N],87409,A,52.1333,-106.6833
2018-12,Saskatchewan,Trade [41-45N],87953,A,52.1333,-106.6833
2019-01,Saskatchewan,Trade [41-45N],85507,A,52.1333,-106.6833
2019-02,Saskatchewan,Trade [41-45N],85635,A,52.1333,-106.6833
2019-03,Saskatchewan,Trade [41-45N],85428,A,52.1333,-106.6833
2019-04,Saskatchewan,Trade [41-45N],85481,A,52.1333,-106.6833
2019-05,Saskatchewan,Trade [41-45N],86028,A,52.1333,-106.6833
2019-06,Saskatchewan,Trade [41-45N],86935,A,52.1333,-106.6833
2019-07,Saskatchewan,Trade [41-45N],86529,A,52.1333,-106.6833
2019-08,Saskatchewan,Trade [41-45N],86307,A,52.1333,-106.6833
2019-09,Saskatchewan,Trade [41-45N],85504,A,52.1333,-106.6833
2019-10,Saskatchewan,Trade [41-45N],86084,A,52.1333,-106.6833
2019-11,Saskatchewan,Trade [41-45N],86649,A,52.1333,-106.6833
2019-12,Saskatchewan,Trade [41-45N],87299,A,52.1333,-106.6833
2020-01,Saskatchewan,Trade [41-45N],86120,A,52.1333,-106.6833
2020-02,Saskatchewan,Trade [41-45N],85096,B,52.1333,-106.6833
2020-03,Saskatchewan,Trade [41-45N],81414,B,52.1333,-106.6833
2020-04,Saskatchewan,Trade [41-45N],73804,B,52.1333,-106.6833
2020-05,Saskatchewan,Trade [41-45N],74335,B,52.1333,-106.6833
2020-06,Saskatchewan,Trade [41-45N],79524,B,52.1333,-106.6833
2020-07,Saskatchewan,Trade [41-45N],83162,B,52.1333,-106.6833
2020-08,Saskatchewan,Trade [41-45N],83232,A,52.1333,-106.6833
2020-09,Saskatchewan,Trade [41-45N],83977,A,52.1333,-106.6833
2020-10,Saskatchewan,Trade [41-45N],84264,B,52.1333,-106.6833
2020-11,Saskatchewan,Trade [41-45N],85387,B,52.1333,-106.6833
2020-12,Saskatchewan,Trade [41-45N],86400,A,52.1333,-106.6833
2021-01,Saskatchewan,Trade [41-45N],83611,A,52.1333,-106.6833
2021-02,Saskatchewan,Trade [41-45N],83581,A,52.1333,-106.6833
2021-03,Saskatchewan,Trade [41-45N],85200,A,52.1333,-106.6833
2021-04,Saskatchewan,Trade [41-45N],85653,A,52.1333,-106.6833
2021-05,Saskatchewan,Trade [41-45N],85567,A,52.1333,-106.6833
2021-06,Saskatchewan,Trade [41-45N],86868,A,52.1333,-106.6833
2021-07,Saskatchewan,Trade [41-45N],87854,B,52.1333,-106.6833
2021-08,Saskatchewan,Trade [41-45N],87647,A,52.1333,-106.6833
2021-09,Saskatchewan,Trade [41-45N],86836,B,52.1333,-106.6833
2021-10,Saskatchewan,Trade [41-45N],86937,B,52.1333,-106.6833
2021-11,Saskatchewan,Trade [41-45N],87929,B,52.1333,-106.6833
2021-12,Saskatchewan,Trade [41-45N],88629,A,52.1333,-106.6833
2022-01,Saskatchewan,Trade [41-45N],88085,A,52.1333,-106.6833
2022-02,Saskatchewan,Trade [41-45N],87059,A,52.1333,-106.6833
2022-03,Saskatchewan,Trade [41-45N],86921,B,52.1333,-106.6833
2022-04,Saskatchewan,Trade [41-45N],87606,B,52.1333,-106.6833
2022-05,Saskatchewan,Trade [41-45N],88836,A,52.1333,-106.6833
2022-06,Saskatchewan,Trade [41-45N],89837,B,52.1333,-106.6833
2022-07,Saskatchewan,Trade [41-45N],89994,B,52.1333,-106.6833
2022-08,Saskatchewan,Trade [41-45N],89793,B,52.1333,-106.6833
2022-09,Saskatchewan,Trade [41-45N],89083,A,52.1333,-106.6833
2022-10,Saskatchewan,Trade [41-45N],88803,B,52.1333,-106.6833
2022-11,Saskatchewan,Trade [41-45N],89843,B,52.1333,-106.6833
2022-12,Saskatchewan,Trade [41-45N],90864,B,52.1333,-106.6833
2023-01,Saskatchewan,Trade [41-45N],89540,B,52.1333,-106.6833
2023-02,Saskatchewan,Trade [41-45N],87850,B,52.1333,-106.6833
2023-03,Saskatchewan,Trade [41-45N],88104,B,52.1333,-106.6833
2023-04,Saskatchewan,Trade [41-45N],87784,B,52.1333,-106.6833
2023-05,Saskatchewan,Trade [41-45N],87889,B,52.1333,-106.6833
2023-06,Saskatchewan,Trade [41-45N],88926,B,52.1333,-106.6833
2023-07,Saskatchewan,Trade [41-45N],89057,B,52.1333,-106.6833
2023-08,Saskatchewan,Trade [41-45N],88930,B,52.1333,-106.6833
2023-09,Saskatchewan,Trade [41-45N],88253,B,52.1333,-106.6833
2023-10,Saskatchewan,Trade [41-45N],87923,B,52.1333,-106.6833
2023-11,Saskatchewan,Trade [41-45N],87621,B,52.1333,-106.6833
2023-12,Saskatchewan,Trade [41-45N],88182,B,52.1333,-106.6833
2024-01,Saskatchewan,Trade [41-45N],87216,B,52.1333,-106.6833
2024-02,Saskatchewan,Trade [41-45N],86052,B,52.1333,-106.6833
2018-01,Saskatchewan,Transportation and warehousing [48-49],17615,A,52.1333,-106.6833
2018-02,Saskatchewan,Transportation and warehousing [48-49],17764,A,52.1333,-106.6833
2018-03,Saskatchewan,Transportation and warehousing [48-49],17835,A,52.1333,-106.6833
2018-04,Saskatchewan,Transportation and warehousing [48-49],17763,A,52.1333,-106.6833
2018-05,Saskatchewan,Transportation and warehousing [48-49],18031,A,52.1333,-106.6833
2018-06,Saskatchewan,Transportation and warehousing [48-49],18243,A,52.1333,-106.6833
2018-07,Saskatchewan,Transportation and warehousing [48-49],18079,A,52.1333,-106.6833
2018-08,Saskatchewan,Transportation and warehousing [48-49],17895,A,52.1333,-106.6833
2018-09,Saskatchewan,Transportation and warehousing [48-49],18184,A,52.1333,-106.6833
2018-10,Saskatchewan,Transportation and warehousing [48-49],17737,A,52.1333,-106.6833
2018-11,Saskatchewan,Transportation and warehousing [48-49],18250,A,52.1333,-106.6833
2018-12,Saskatchewan,Transportation and warehousing [48-49],18470,A,52.1333,-106.6833
2019-01,Saskatchewan,Transportation and warehousing [48-49],18498,A,52.1333,-106.6833
2019-02,Saskatchewan,Transportation and warehousing [48-49],18448,A,52.1333,-106.6833
2019-03,Saskatchewan,Transportation and warehousing [48-49],18629,A,52.1333,-106.6833
2019-04,Saskatchewan,Transportation and warehousing [48-49],18442,A,52.1333,-106.6833
2019-05,Saskatchewan,Transportation and warehousing [48-49],18729,A,52.1333,-106.6833
2019-06,Saskatchewan,Transportation and warehousing [48-49],18961,A,52.1333,-106.6833
2019-07,Saskatchewan,Transportation and warehousing [48-49],18805,A,52.1333,-106.6833
2019-08,Saskatchewan,Transportation and warehousing [48-49],18592,A,52.1333,-106.6833
2019-09,Saskatchewan,Transportation and warehousing [48-49],18887,B,52.1333,-106.6833
2019-10,Saskatchewan,Transportation and warehousing [48-49],18850,A,52.1333,-106.6833
2019-11,Saskatchewan,Transportation and warehousing [48-49],18853,A,52.1333,-106.6833
2019-12,Saskatchewan,Transportation and warehousing [48-49],19041,B,52.1333,-106.6833
2020-01,Saskatchewan,Transportation and warehousing [48-49],18745,A,52.1333,-106.6833
2020-02,Saskatchewan,Transportation and warehousing [48-49],18505,B,52.1333,-106.6833
2020-03,Saskatchewan,Transportation and warehousing [48-49],17913,A,52.1333,-106.6833
2020-04,Saskatchewan,Transportation and warehousing [48-49],16845,B,52.1333,-106.6833
2020-05,Saskatchewan,Transportation and warehousing [48-49],16466,B,52.1333,-106.6833
2020-06,Saskatchewan,Transportation and warehousing [48-49],16857,B,52.1333,-106.6833
2020-07,Saskatchewan,Transportation and warehousing [48-49],16957,B,52.1333,-106.6833
2020-08,Saskatchewan,Transportation and warehousing [48-49],16852,B,52.1333,-106.6833
2020-09,Saskatchewan,Transportation and warehousing [48-49],17462,A,52.1333,-106.6833
2020-10,Saskatchewan,Transportation and warehousing [48-49],17934,B,52.1333,-106.6833
2020-11,Saskatchewan,Transportation and warehousing [48-49],17737,B,52.1333,-106.6833
2020-12,Saskatchewan,Transportation and warehousing [48-49],18344,B,52.1333,-106.6833
2021-01,Saskatchewan,Transportation and warehousing [48-49],18005,B,52.1333,-106.6833
2021-02,Saskatchewan,Transportation and warehousing [48-49],18109,B,52.1333,-106.6833
2021-03,Saskatchewan,Transportation and warehousing [48-49],17941,B,52.1333,-106.6833
2021-04,Saskatchewan,Transportation and warehousing [48-49],17907,A,52.1333,-106.6833
2021-05,Saskatchewan,Transportation and warehousing [48-49],17900,B,52.1333,-106.6833
2021-06,Saskatchewan,Transportation and warehousing [48-49],18320,B,52.1333,-106.6833
2021-07,Saskatchewan,Transportation and warehousing [48-49],18408,B,52.1333,-106.6833
2021-08,Saskatchewan,Transportation and warehousing [48-49],18053,B,52.1333,-106.6833
2021-09,Saskatchewan,Transportation and warehousing [48-49],18181,B,52.1333,-106.6833
2021-10,Saskatchewan,Transportation and warehousing [48-49],18412,B,52.1333,-106.6833
2021-11,Saskatchewan,Transportation and warehousing [48-49],18328,B,52.1333,-106.6833
2021-12,Saskatchewan,Transportation and warehousing [48-49],18544,B,52.1333,-106.6833
2022-01,Saskatchewan,Transportation and warehousing [48-49],18164,B,52.1333,-106.6833
2022-02,Saskatchewan,Transportation and warehousing [48-49],18331,A,52.1333,-106.6833
2022-03,Saskatchewan,Transportation and warehousing [48-49],18208,B,52.1333,-106.6833
2022-04,Saskatchewan,Transportation and warehousing [48-49],18206,B,52.1333,-106.6833
2022-05,Saskatchewan,Transportation and warehousing [48-49],18312,B,52.1333,-106.6833
2022-06,Saskatchewan,Transportation and warehousing [48-49],18793,B,52.1333,-106.6833
2022-07,Saskatchewan,Transportation and warehousing [48-49],18570,B,52.1333,-106.6833
2022-08,Saskatchewan,Transportation and warehousing [48-49],18509,B,52.1333,-106.6833
2022-09,Saskatchewan,Transportation and warehousing [48-49],18942,B,52.1333,-106.6833
2022-10,Saskatchewan,Transportation and warehousing [48-49],19128,B,52.1333,-106.6833
2022-11,Saskatchewan,Transportation and warehousing [48-49],18994,B,52.1333,-106.6833
2022-12,Saskatchewan,Transportation and warehousing [48-49],19521,B,52.1333,-106.6833
2023-01,Saskatchewan,Transportation and warehousing [48-49],19184,B,52.1333,-106.6833
2023-02,Saskatchewan,Transportation and warehousing [48-49],19350,B,52.1333,-106.6833
2023-03,Saskatchewan,Transportation and warehousing [48-49],19401,B,52.1333,-106.6833
2023-04,Saskatchewan,Transportation and warehousing [48-49],19535,B,52.1333,-106.6833
2023-05,Saskatchewan,Transportation and warehousing [48-49],19558,B,52.1333,-106.6833
2023-06,Saskatchewan,Transportation and warehousing [48-49],20218,B,52.1333,-106.6833
2023-07,Saskatchewan,Transportation and warehousing [48-49],19906,B,52.1333,-106.6833
2023-08,Saskatchewan,Transportation and warehousing [48-49],19397,B,52.1333,-106.6833
2023-09,Saskatchewan,Transportation and warehousing [48-49],19790,B,52.1333,-106.6833
2023-10,Saskatchewan,Transportation and warehousing [48-49],19637,B,52.1333,-106.6833
2023-11,Saskatchewan,Transportation and warehousing [48-49],19646,B,52.1333,-106.6833
2023-12,Saskatchewan,Transportation and warehousing [48-49],19550,B,52.1333,-106.6833
2024-01,Saskatchewan,Transportation and warehousing [48-49],18906,B,52.1333,-106.6833
2024-02,Saskatchewan,Transportation and warehousing [48-49],18957,B,52.1333,-106.6833
2018-01,Saskatchewan,Information and cultural industries [51],10047,A,52.1333,-106.6833
2018-02,Saskatchewan,Information and cultural industries [51],9851,A,52.1333,-106.6833
2018-03,Saskatchewan,Information and cultural industries [51],9836,A,52.1333,-106.6833
2018-04,Saskatchewan,Information and cultural industries [51],9957,A,52.1333,-106.6833
2018-05,Saskatchewan,Information and cultural industries [51],9921,A,52.1333,-106.6833
2018-06,Saskatchewan,Information and cultural industries [51],10177,A,52.1333,-106.6833
2018-07,Saskatchewan,Information and cultural industries [51],10028,A,52.1333,-106.6833
2018-08,Saskatchewan,Information and cultural industries [51],9958,A,52.1333,-106.6833
2018-09,Saskatchewan,Information and cultural industries [51],9884,A,52.1333,-106.6833
2018-10,Saskatchewan,Information and cultural industries [51],9700,A,52.1333,-106.6833
2018-11,Saskatchewan,Information and cultural industries [51],9862,A,52.1333,-106.6833
2018-12,Saskatchewan,Information and cultural industries [51],9496,A,52.1333,-106.6833
2019-01,Saskatchewan,Information and cultural industries [51],9489,A,52.1333,-106.6833
2019-02,Saskatchewan,Information and cultural industries [51],9371,A,52.1333,-106.6833
2019-03,Saskatchewan,Information and cultural industries [51],9387,A,52.1333,-106.6833
2019-04,Saskatchewan,Information and cultural industries [51],9466,A,52.1333,-106.6833
2019-05,Saskatchewan,Information and cultural industries [51],9554,A,52.1333,-106.6833
2019-06,Saskatchewan,Information and cultural industries [51],9627,A,52.1333,-106.6833
2019-07,Saskatchewan,Information and cultural industries [51],9691,A,52.1333,-106.6833
2019-08,Saskatchewan,Information and cultural industries [51],9499,A,52.1333,-106.6833
2019-09,Saskatchewan,Information and cultural industries [51],9423,A,52.1333,-106.6833
2019-10,Saskatchewan,Information and cultural industries [51],9457,A,52.1333,-106.6833
2019-11,Saskatchewan,Information and cultural industries [51],9426,A,52.1333,-106.6833
2019-12,Saskatchewan,Information and cultural industries [51],9620,B,52.1333,-106.6833
2020-01,Saskatchewan,Information and cultural industries [51],9336,A,52.1333,-106.6833
2020-02,Saskatchewan,Information and cultural industries [51],9349,B,52.1333,-106.6833
2020-03,Saskatchewan,Information and cultural industries [51],9167,A,52.1333,-106.6833
2020-04,Saskatchewan,Information and cultural industries [51],8717,B,52.1333,-106.6833
2020-05,Saskatchewan,Information and cultural industries [51],8058,B,52.1333,-106.6833
2020-06,Saskatchewan,Information and cultural industries [51],8125,B,52.1333,-106.6833
2020-07,Saskatchewan,Information and cultural industries [51],8345,A,52.1333,-106.6833
2020-08,Saskatchewan,Information and cultural industries [51],8609,A,52.1333,-106.6833
2020-09,Saskatchewan,Information and cultural industries [51],8707,A,52.1333,-106.6833
2020-10,Saskatchewan,Information and cultural industries [51],8775,B,52.1333,-106.6833
2020-11,Saskatchewan,Information and cultural industries [51],8863,A,52.1333,-106.6833
2020-12,Saskatchewan,Information and cultural industries [51],8752,B,52.1333,-106.6833
2021-01,Saskatchewan,Information and cultural industries [51],8843,B,52.1333,-106.6833
2021-02,Saskatchewan,Information and cultural industries [51],8753,A,52.1333,-106.6833
2021-03,Saskatchewan,Information and cultural industries [51],8772,A,52.1333,-106.6833
2021-04,Saskatchewan,Information and cultural industries [51],8867,A,52.1333,-106.6833
2021-05,Saskatchewan,Information and cultural industries [51],8889,A,52.1333,-106.6833
2021-06,Saskatchewan,Information and cultural industries [51],9014,A,52.1333,-106.6833
2021-07,Saskatchewan,Information and cultural industries [51],9073,A,52.1333,-106.6833
2021-08,Saskatchewan,Information and cultural industries [51],9122,A,52.1333,-106.6833
2021-09,Saskatchewan,Information and cultural industries [51],9076,A,52.1333,-106.6833
2021-10,Saskatchewan,Information and cultural industries [51],9061,A,52.1333,-106.6833
2021-11,Saskatchewan,Information and cultural industries [51],8994,B,52.1333,-106.6833
2021-12,Saskatchewan,Information and cultural industries [51],9082,B,52.1333,-106.6833
2022-01,Saskatchewan,Information and cultural industries [51],8988,A,52.1333,-106.6833
2022-02,Saskatchewan,Information and cultural industries [51],9001,A,52.1333,-106.6833
2022-03,Saskatchewan,Information and cultural industries [51],9156,A,52.1333,-106.6833
2022-04,Saskatchewan,Information and cultural industries [51],9291,A,52.1333,-106.6833
2022-05,Saskatchewan,Information and cultural industries [51],9414,A,52.1333,-106.6833
2022-06,Saskatchewan,Information and cultural industries [51],9531,B,52.1333,-106.6833
2022-07,Saskatchewan,Information and cultural industries [51],9590,C,52.1333,-106.6833
2022-08,Saskatchewan,Information and cultural industries [51],9733,B,52.1333,-106.6833
2022-09,Saskatchewan,Information and cultural industries [51],9488,A,52.1333,-106.6833
2022-10,Saskatchewan,Information and cultural industries [51],9454,A,52.1333,-106.6833
2022-11,Saskatchewan,Information and cultural industries [51],9461,A,52.1333,-106.6833
2022-12,Saskatchewan,Information and cultural industries [51],9665,A,52.1333,-106.6833
2023-01,Saskatchewan,Information and cultural industries [51],9492,A,52.1333,-106.6833
2023-02,Saskatchewan,Information and cultural industries [51],9542,A,52.1333,-106.6833
2023-03,Saskatchewan,Information and cultural industries [51],9363,B,52.1333,-106.6833
2023-04,Saskatchewan,Information and cultural industries [51],9218,B,52.1333,-106.6833
2023-05,Saskatchewan,Information and cultural industries [51],9123,A,52.1333,-106.6833
2023-06,Saskatchewan,Information and cultural industries [51],9320,B,52.1333,-106.6833
2023-07,Saskatchewan,Information and cultural industries [51],9077,B,52.1333,-106.6833
2023-08,Saskatchewan,Information and cultural industries [51],9142,B,52.1333,-106.6833
2023-09,Saskatchewan,Information and cultural industries [51],8928,A,52.1333,-106.6833
2023-10,Saskatchewan,Information and cultural industries [51],8981,B,52.1333,-106.6833
2023-11,Saskatchewan,Information and cultural industries [51],9019,A,52.1333,-106.6833
2023-12,Saskatchewan,Information and cultural industries [51],8798,B,52.1333,-106.6833
2024-01,Saskatchewan,Information and cultural industries [51],8912,B,52.1333,-106.6833
2024-02,Saskatchewan,Information and cultural industries [51],8739,B,52.1333,-106.6833
2018-01,Saskatchewan,Finance and insurance [52],20042,A,52.1333,-106.6833
2018-02,Saskatchewan,Finance and insurance [52],20058,D,52.1333,-106.6833
2018-03,Saskatchewan,Finance and insurance [52],19874,A,52.1333,-106.6833
2018-04,Saskatchewan,Finance and insurance [52],19836,A,52.1333,-106.6833
2018-05,Saskatchewan,Finance and insurance [52],19867,A,52.1333,-106.6833
2018-06,Saskatchewan,Finance and insurance [52],20336,A,52.1333,-106.6833
2018-07,Saskatchewan,Finance and insurance [52],20206,A,52.1333,-106.6833
2018-08,Saskatchewan,Finance and insurance [52],20389,A,52.1333,-106.6833
2018-09,Saskatchewan,Finance and insurance [52],20037,A,52.1333,-106.6833
2018-10,Saskatchewan,Finance and insurance [52],20368,A,52.1333,-106.6833
2018-11,Saskatchewan,Finance and insurance [52],20662,A,52.1333,-106.6833
2018-12,Saskatchewan,Finance and insurance [52],20976,A,52.1333,-106.6833
2019-01,Saskatchewan,Finance and insurance [52],20530,A,52.1333,-106.6833
2019-02,Saskatchewan,Finance and insurance [52],20453,A,52.1333,-106.6833
2019-03,Saskatchewan,Finance and insurance [52],20669,A,52.1333,-106.6833
2019-04,Saskatchewan,Finance and insurance [52],20669,A,52.1333,-106.6833
2019-05,Saskatchewan,Finance and insurance [52],20637,A,52.1333,-106.6833
2019-06,Saskatchewan,Finance and insurance [52],20534,A,52.1333,-106.6833
2019-07,Saskatchewan,Finance and insurance [52],21012,A,52.1333,-106.6833
2019-08,Saskatchewan,Finance and insurance [52],20837,A,52.1333,-106.6833
2019-09,Saskatchewan,Finance and insurance [52],20659,A,52.1333,-106.6833
2019-10,Saskatchewan,Finance and insurance [52],20609,A,52.1333,-106.6833
2019-11,Saskatchewan,Finance and insurance [52],20548,A,52.1333,-106.6833
2019-12,Saskatchewan,Finance and insurance [52],20888,A,52.1333,-106.6833
2020-01,Saskatchewan,Finance and insurance [52],20858,A,52.1333,-106.6833
2020-02,Saskatchewan,Finance and insurance [52],20750,A,52.1333,-106.6833
2020-03,Saskatchewan,Finance and insurance [52],20759,A,52.1333,-106.6833
2020-04,Saskatchewan,Finance and insurance [52],20389,B,52.1333,-106.6833
2020-05,Saskatchewan,Finance and insurance [52],20277,B,52.1333,-106.6833
2020-06,Saskatchewan,Finance and insurance [52],20413,A,52.1333,-106.6833
2020-07,Saskatchewan,Finance and insurance [52],20655,A,52.1333,-106.6833
2020-08,Saskatchewan,Finance and insurance [52],20662,B,52.1333,-106.6833
2020-09,Saskatchewan,Finance and insurance [52],20674,A,52.1333,-106.6833
2020-10,Saskatchewan,Finance and insurance [52],20712,A,52.1333,-106.6833
2020-11,Saskatchewan,Finance and insurance [52],20763,A,52.1333,-106.6833
2020-12,Saskatchewan,Finance and insurance [52],20970,A,52.1333,-106.6833
2021-01,Saskatchewan,Finance and insurance [52],20960,A,52.1333,-106.6833
2021-02,Saskatchewan,Finance and insurance [52],21459,A,52.1333,-106.6833
2021-03,Saskatchewan,Finance and insurance [52],21078,A,52.1333,-106.6833
2021-04,Saskatchewan,Finance and insurance [52],21193,A,52.1333,-106.6833
2021-05,Saskatchewan,Finance and insurance [52],21426,A,52.1333,-106.6833
2021-06,Saskatchewan,Finance and insurance [52],21751,A,52.1333,-106.6833
2021-07,Saskatchewan,Finance and insurance [52],21374,A,52.1333,-106.6833
2021-08,Saskatchewan,Finance and insurance [52],21424,A,52.1333,-106.6833
2021-09,Saskatchewan,Finance and insurance [52],21644,A,52.1333,-106.6833
2021-10,Saskatchewan,Finance and insurance [52],21828,A,52.1333,-106.6833
2021-11,Saskatchewan,Finance and insurance [52],21509,A,52.1333,-106.6833
2021-12,Saskatchewan,Finance and insurance [52],21893,A,52.1333,-106.6833
2022-01,Saskatchewan,Finance and insurance [52],21737,A,52.1333,-106.6833
2022-02,Saskatchewan,Finance and insurance [52],21968,A,52.1333,-106.6833
2022-03,Saskatchewan,Finance and insurance [52],21987,A,52.1333,-106.6833
2022-04,Saskatchewan,Finance and insurance [52],22373,A,52.1333,-106.6833
2022-05,Saskatchewan,Finance and insurance [52],22171,A,52.1333,-106.6833
2022-06,Saskatchewan,Finance and insurance [52],22485,B,52.1333,-106.6833
2022-07,Saskatchewan,Finance and insurance [52],22451,B,52.1333,-106.6833
2022-08,Saskatchewan,Finance and insurance [52],22396,A,52.1333,-106.6833
2022-09,Saskatchewan,Finance and insurance [52],22339,A,52.1333,-106.6833
2022-10,Saskatchewan,Finance and insurance [52],22565,A,52.1333,-106.6833
2022-11,Saskatchewan,Finance and insurance [52],22645,A,52.1333,-106.6833
2022-12,Saskatchewan,Finance and insurance [52],23039,A,52.1333,-106.6833
2023-01,Saskatchewan,Finance and insurance [52],22670,A,52.1333,-106.6833
2023-02,Saskatchewan,Finance and insurance [52],22649,A,52.1333,-106.6833
2023-03,Saskatchewan,Finance and insurance [52],22866,A,52.1333,-106.6833
2023-04,Saskatchewan,Finance and insurance [52],23021,A,52.1333,-106.6833
2023-05,Saskatchewan,Finance and insurance [52],23429,A,52.1333,-106.6833
2023-06,Saskatchewan,Finance and insurance [52],23279,A,52.1333,-106.6833
2023-07,Saskatchewan,Finance and insurance [52],23355,B,52.1333,-106.6833
2023-08,Saskatchewan,Finance and insurance [52],23215,A,52.1333,-106.6833
2023-09,Saskatchewan,Finance and insurance [52],23239,A,52.1333,-106.6833
2023-10,Saskatchewan,Finance and insurance [52],23026,A,52.1333,-106.6833
2023-11,Saskatchewan,Finance and insurance [52],22774,A,52.1333,-106.6833
2023-12,Saskatchewan,Finance and insurance [52],23628,A,52.1333,-106.6833
2024-01,Saskatchewan,Finance and insurance [52],23250,B,52.1333,-106.6833
2024-02,Saskatchewan,Finance and insurance [52],22965,A,52.1333,-106.6833
2018-01,Saskatchewan,Real estate and rental and leasing [53],5607,A,52.1333,-106.6833
2018-02,Saskatchewan,Real estate and rental and leasing [53],5717,A,52.1333,-106.6833
2018-03,Saskatchewan,Real estate and rental and leasing [53],5777,A,52.1333,-106.6833
2018-04,Saskatchewan,Real estate and rental and leasing [53],5731,A,52.1333,-106.6833
2018-05,Saskatchewan,Real estate and rental and leasing [53],6204,A,52.1333,-106.6833
2018-06,Saskatchewan,Real estate and rental and leasing [53],6331,A,52.1333,-106.6833
2018-07,Saskatchewan,Real estate and rental and leasing [53],6140,A,52.1333,-106.6833
2018-08,Saskatchewan,Real estate and rental and leasing [53],6111,A,52.1333,-106.6833
2018-09,Saskatchewan,Real estate and rental and leasing [53],5991,A,52.1333,-106.6833
2018-10,Saskatchewan,Real estate and rental and leasing [53],6066,A,52.1333,-106.6833
2018-11,Saskatchewan,Real estate and rental and leasing [53],6136,A,52.1333,-106.6833
2018-12,Saskatchewan,Real estate and rental and leasing [53],6152,A,52.1333,-106.6833
2019-01,Saskatchewan,Real estate and rental and leasing [53],5789,A,52.1333,-106.6833
2019-02,Saskatchewan,Real estate and rental and leasing [53],5711,A,52.1333,-106.6833
2019-03,Saskatchewan,Real estate and rental and leasing [53],5733,A,52.1333,-106.6833
2019-04,Saskatchewan,Real estate and rental and leasing [53],5825,A,52.1333,-106.6833
2019-05,Saskatchewan,Real estate and rental and leasing [53],6007,A,52.1333,-106.6833
2019-06,Saskatchewan,Real estate and rental and leasing [53],6066,A,52.1333,-106.6833
2019-07,Saskatchewan,Real estate and rental and leasing [53],6008,A,52.1333,-106.6833
2019-08,Saskatchewan,Real estate and rental and leasing [53],5895,A,52.1333,-106.6833
2019-09,Saskatchewan,Real estate and rental and leasing [53],5910,B,52.1333,-106.6833
2019-10,Saskatchewan,Real estate and rental and leasing [53],6040,A,52.1333,-106.6833
2019-11,Saskatchewan,Real estate and rental and leasing [53],5795,B,52.1333,-106.6833
2019-12,Saskatchewan,Real estate and rental and leasing [53],5953,A,52.1333,-106.6833
2020-01,Saskatchewan,Real estate and rental and leasing [53],5614,A,52.1333,-106.6833
2020-02,Saskatchewan,Real estate and rental and leasing [53],5559,A,52.1333,-106.6833
2020-03,Saskatchewan,Real estate and rental and leasing [53],5265,B,52.1333,-106.6833
2020-04,Saskatchewan,Real estate and rental and leasing [53],4505,A,52.1333,-106.6833
2020-05,Saskatchewan,Real estate and rental and leasing [53],4458,A,52.1333,-106.6833
2020-06,Saskatchewan,Real estate and rental and leasing [53],4840,A,52.1333,-106.6833
2020-07,Saskatchewan,Real estate and rental and leasing [53],4982,A,52.1333,-106.6833
2020-08,Saskatchewan,Real estate and rental and leasing [53],5023,A,52.1333,-106.6833
2020-09,Saskatchewan,Real estate and rental and leasing [53],5138,A,52.1333,-106.6833
2020-10,Saskatchewan,Real estate and rental and leasing [53],5137,A,52.1333,-106.6833
2020-11,Saskatchewan,Real estate and rental and leasing [53],4977,A,52.1333,-106.6833
2020-12,Saskatchewan,Real estate and rental and leasing [53],5160,A,52.1333,-106.6833
2021-01,Saskatchewan,Real estate and rental and leasing [53],4931,B,52.1333,-106.6833
2021-02,Saskatchewan,Real estate and rental and leasing [53],4984,A,52.1333,-106.6833
2021-03,Saskatchewan,Real estate and rental and leasing [53],4927,A,52.1333,-106.6833
2021-04,Saskatchewan,Real estate and rental and leasing [53],4885,A,52.1333,-106.6833
2021-05,Saskatchewan,Real estate and rental and leasing [53],5028,B,52.1333,-106.6833
2021-06,Saskatchewan,Real estate and rental and leasing [53],5218,B,52.1333,-106.6833
2021-07,Saskatchewan,Real estate and rental and leasing [53],5269,B,52.1333,-106.6833
2021-08,Saskatchewan,Real estate and rental and leasing [53],5305,B,52.1333,-106.6833
2021-09,Saskatchewan,Real estate and rental and leasing [53],5317,B,52.1333,-106.6833
2021-10,Saskatchewan,Real estate and rental and leasing [53],5301,B,52.1333,-106.6833
2021-11,Saskatchewan,Real estate and rental and leasing [53],5121,B,52.1333,-106.6833
2021-12,Saskatchewan,Real estate and rental and leasing [53],5197,B,52.1333,-106.6833
2022-01,Saskatchewan,Real estate and rental and leasing [53],4960,B,52.1333,-106.6833
2022-02,Saskatchewan,Real estate and rental and leasing [53],5127,B,52.1333,-106.6833
2022-03,Saskatchewan,Real estate and rental and leasing [53],5011,B,52.1333,-106.6833
2022-04,Saskatchewan,Real estate and rental and leasing [53],5201,A,52.1333,-106.6833
2022-05,Saskatchewan,Real estate and rental and leasing [53],5421,B,52.1333,-106.6833
2022-06,Saskatchewan,Real estate and rental and leasing [53],5921,B,52.1333,-106.6833
2022-07,Saskatchewan,Real estate and rental and leasing [53],5992,B,52.1333,-106.6833
2022-08,Saskatchewan,Real estate and rental and leasing [53],5856,A,52.1333,-106.6833
2022-09,Saskatchewan,Real estate and rental and leasing [53],5574,A,52.1333,-106.6833
2022-10,Saskatchewan,Real estate and rental and leasing [53],5578,A,52.1333,-106.6833
2022-11,Saskatchewan,Real estate and rental and leasing [53],5551,A,52.1333,-106.6833
2022-12,Saskatchewan,Real estate and rental and leasing [53],5498,A,52.1333,-106.6833
2023-01,Saskatchewan,Real estate and rental and leasing [53],5163,A,52.1333,-106.6833
2023-02,Saskatchewan,Real estate and rental and leasing [53],5075,B,52.1333,-106.6833
2023-03,Saskatchewan,Real estate and rental and leasing [53],5105,B,52.1333,-106.6833
2023-04,Saskatchewan,Real estate and rental and leasing [53],5121,B,52.1333,-106.6833
2023-05,Saskatchewan,Real estate and rental and leasing [53],5248,B,52.1333,-106.6833
2023-06,Saskatchewan,Real estate and rental and leasing [53],5474,A,52.1333,-106.6833
2023-07,Saskatchewan,Real estate and rental and leasing [53],5430,A,52.1333,-106.6833
2023-08,Saskatchewan,Real estate and rental and leasing [53],5512,B,52.1333,-106.6833
2023-09,Saskatchewan,Real estate and rental and leasing [53],5517,B,52.1333,-106.6833
2023-10,Saskatchewan,Real estate and rental and leasing [53],5344,B,52.1333,-106.6833
2023-11,Saskatchewan,Real estate and rental and leasing [53],5325,B,52.1333,-106.6833
2023-12,Saskatchewan,Real estate and rental and leasing [53],5488,B,52.1333,-106.6833
2024-01,Saskatchewan,Real estate and rental and leasing [53],4980,B,52.1333,-106.6833
2024-02,Saskatchewan,Real estate and rental and leasing [53],4881,C,52.1333,-106.6833
2018-01,Saskatchewan,"Professional, scientific and technical services [54,541]",14240,A,52.1333,-106.6833
2018-02,Saskatchewan,"Professional, scientific and technical services [54,541]",14519,A,52.1333,-106.6833
2018-03,Saskatchewan,"Professional, scientific and technical services [54,541]",14509,A,52.1333,-106.6833
2018-04,Saskatchewan,"Professional, scientific and technical services [54,541]",14445,A,52.1333,-106.6833
2018-05,Saskatchewan,"Professional, scientific and technical services [54,541]",14988,A,52.1333,-106.6833
2018-06,Saskatchewan,"Professional, scientific and technical services [54,541]",14985,A,52.1333,-106.6833
2018-07,Saskatchewan,"Professional, scientific and technical services [54,541]",14960,A,52.1333,-106.6833
2018-08,Saskatchewan,"Professional, scientific and technical services [54,541]",14943,A,52.1333,-106.6833
2018-09,Saskatchewan,"Professional, scientific and technical services [54,541]",14805,A,52.1333,-106.6833
2018-10,Saskatchewan,"Professional, scientific and technical services [54,541]",14436,A,52.1333,-106.6833
2018-11,Saskatchewan,"Professional, scientific and technical services [54,541]",14348,A,52.1333,-106.6833
2018-12,Saskatchewan,"Professional, scientific and technical services [54,541]",14609,A,52.1333,-106.6833
2019-01,Saskatchewan,"Professional, scientific and technical services [54,541]",14504,A,52.1333,-106.6833
2019-02,Saskatchewan,"Professional, scientific and technical services [54,541]",14561,A,52.1333,-106.6833
2019-03,Saskatchewan,"Professional, scientific and technical services [54,541]",14737,A,52.1333,-106.6833
2019-04,Saskatchewan,"Professional, scientific and technical services [54,541]",14679,A,52.1333,-106.6833
2019-05,Saskatchewan,"Professional, scientific and technical services [54,541]",14893,A,52.1333,-106.6833
2019-06,Saskatchewan,"Professional, scientific and technical services [54,541]",14920,A,52.1333,-106.6833
2019-07,Saskatchewan,"Professional, scientific and technical services [54,541]",14689,A,52.1333,-106.6833
2019-08,Saskatchewan,"Professional, scientific and technical services [54,541]",14983,A,52.1333,-106.6833
2019-09,Saskatchewan,"Professional, scientific and technical services [54,541]",14583,A,52.1333,-106.6833
2019-10,Saskatchewan,"Professional, scientific and technical services [54,541]",14465,B,52.1333,-106.6833
2019-11,Saskatchewan,"Professional, scientific and technical services [54,541]",14478,B,52.1333,-106.6833
2019-12,Saskatchewan,"Professional, scientific and technical services [54,541]",15020,B,52.1333,-106.6833
2020-01,Saskatchewan,"Professional, scientific and technical services [54,541]",14374,A,52.1333,-106.6833
2020-02,Saskatchewan,"Professional, scientific and technical services [54,541]",14616,B,52.1333,-106.6833
2020-03,Saskatchewan,"Professional, scientific and technical services [54,541]",14406,B,52.1333,-106.6833
2020-04,Saskatchewan,"Professional, scientific and technical services [54,541]",14207,B,52.1333,-106.6833
2020-05,Saskatchewan,"Professional, scientific and technical services [54,541]",14279,B,52.1333,-106.6833
2020-06,Saskatchewan,"Professional, scientific and technical services [54,541]",14513,A,52.1333,-106.6833
2020-07,Saskatchewan,"Professional, scientific and technical services [54,541]",14716,A,52.1333,-106.6833
2020-08,Saskatchewan,"Professional, scientific and technical services [54,541]",14909,A,52.1333,-106.6833
2020-09,Saskatchewan,"Professional, scientific and technical services [54,541]",14821,A,52.1333,-106.6833
2020-10,Saskatchewan,"Professional, scientific and technical services [54,541]",14749,A,52.1333,-106.6833
2020-11,Saskatchewan,"Professional, scientific and technical services [54,541]",15241,A,52.1333,-106.6833
2020-12,Saskatchewan,"Professional, scientific and technical services [54,541]",15372,A,52.1333,-106.6833
2021-01,Saskatchewan,"Professional, scientific and technical services [54,541]",15386,A,52.1333,-106.6833
2021-02,Saskatchewan,"Professional, scientific and technical services [54,541]",15688,A,52.1333,-106.6833
2021-03,Saskatchewan,"Professional, scientific and technical services [54,541]",15732,B,52.1333,-106.6833
2021-04,Saskatchewan,"Professional, scientific and technical services [54,541]",15874,A,52.1333,-106.6833
2021-05,Saskatchewan,"Professional, scientific and technical services [54,541]",16145,A,52.1333,-106.6833
2021-06,Saskatchewan,"Professional, scientific and technical services [54,541]",16491,B,52.1333,-106.6833
2021-07,Saskatchewan,"Professional, scientific and technical services [54,541]",16622,B,52.1333,-106.6833
2021-08,Saskatchewan,"Professional, scientific and technical services [54,541]",16636,A,52.1333,-106.6833
2021-09,Saskatchewan,"Professional, scientific and technical services [54,541]",16637,A,52.1333,-106.6833
2021-10,Saskatchewan,"Professional, scientific and technical services [54,541]",16874,A,52.1333,-106.6833
2021-11,Saskatchewan,"Professional, scientific and technical services [54,541]",16948,A,52.1333,-106.6833
2021-12,Saskatchewan,"Professional, scientific and technical services [54,541]",17122,A,52.1333,-106.6833
2022-01,Saskatchewan,"Professional, scientific and technical services [54,541]",17164,A,52.1333,-106.6833
2022-02,Saskatchewan,"Professional, scientific and technical services [54,541]",17480,A,52.1333,-106.6833
2022-03,Saskatchewan,"Professional, scientific and technical services [54,541]",17432,A,52.1333,-106.6833
2022-04,Saskatchewan,"Professional, scientific and technical services [54,541]",17566,A,52.1333,-106.6833
2022-05,Saskatchewan,"Professional, scientific and technical services [54,541]",18099,A,52.1333,-106.6833
2022-06,Saskatchewan,"Professional, scientific and technical services [54,541]",18179,B,52.1333,-106.6833
2022-07,Saskatchewan,"Professional, scientific and technical services [54,541]",18118,B,52.1333,-106.6833
2022-08,Saskatchewan,"Professional, scientific and technical services [54,541]",18019,B,52.1333,-106.6833
2022-09,Saskatchewan,"Professional, scientific and technical services [54,541]",18048,A,52.1333,-106.6833
2022-10,Saskatchewan,"Professional, scientific and technical services [54,541]",17990,A,52.1333,-106.6833
2022-11,Saskatchewan,"Professional, scientific and technical services [54,541]",18210,A,52.1333,-106.6833
2022-12,Saskatchewan,"Professional, scientific and technical services [54,541]",18375,A,52.1333,-106.6833
2023-01,Saskatchewan,"Professional, scientific and technical services [54,541]",18440,A,52.1333,-106.6833
2023-02,Saskatchewan,"Professional, scientific and technical services [54,541]",18625,A,52.1333,-106.6833
2023-03,Saskatchewan,"Professional, scientific and technical services [54,541]",19072,A,52.1333,-106.6833
2023-04,Saskatchewan,"Professional, scientific and technical services [54,541]",19189,A,52.1333,-106.6833
2023-05,Saskatchewan,"Professional, scientific and technical services [54,541]",19599,B,52.1333,-106.6833
2023-06,Saskatchewan,"Professional, scientific and technical services [54,541]",19453,A,52.1333,-106.6833
2023-07,Saskatchewan,"Professional, scientific and technical services [54,541]",19270,B,52.1333,-106.6833
2023-08,Saskatchewan,"Professional, scientific and technical services [54,541]",19034,B,52.1333,-106.6833
2023-09,Saskatchewan,"Professional, scientific and technical services [54,541]",18791,B,52.1333,-106.6833
2023-10,Saskatchewan,"Professional, scientific and technical services [54,541]",18721,B,52.1333,-106.6833
2023-11,Saskatchewan,"Professional, scientific and technical services [54,541]",18656,B,52.1333,-106.6833
2023-12,Saskatchewan,"Professional, scientific and technical services [54,541]",18881,B,52.1333,-106.6833
2024-01,Saskatchewan,"Professional, scientific and technical services [54,541]",18680,B,52.1333,-106.6833
2024-02,Saskatchewan,"Professional, scientific and technical services [54,541]",18772,B,52.1333,-106.6833
2018-01,Saskatchewan,"Management of companies and enterprises [55,551,5511]",1759,A,52.1333,-106.6833
2018-02,Saskatchewan,"Management of companies and enterprises [55,551,5511]",1766,A,52.1333,-106.6833
2018-03,Saskatchewan,"Management of companies and enterprises [55,551,5511]",1746,A,52.1333,-106.6833
2018-04,Saskatchewan,"Management of companies and enterprises [55,551,5511]",1761,A,52.1333,-106.6833
2018-05,Saskatchewan,"Management of companies and enterprises [55,551,5511]",1977,A,52.1333,-106.6833
2018-06,Saskatchewan,"Management of companies and enterprises [55,551,5511]",2045,A,52.1333,-106.6833
2018-07,Saskatchewan,"Management of companies and enterprises [55,551,5511]",1914,A,52.1333,-106.6833
2018-08,Saskatchewan,"Management of companies and enterprises [55,551,5511]",1863,A,52.1333,-106.6833
2018-09,Saskatchewan,"Management of companies and enterprises [55,551,5511]",1916,A,52.1333,-106.6833
2018-10,Saskatchewan,"Management of companies and enterprises [55,551,5511]",1904,A,52.1333,-106.6833
2018-11,Saskatchewan,"Management of companies and enterprises [55,551,5511]",2016,A,52.1333,-106.6833
2018-12,Saskatchewan,"Management of companies and enterprises [55,551,5511]",2010,A,52.1333,-106.6833
2019-01,Saskatchewan,"Management of companies and enterprises [55,551,5511]",1930,A,52.1333,-106.6833
2019-02,Saskatchewan,"Management of companies and enterprises [55,551,5511]",2016,A,52.1333,-106.6833
2019-03,Saskatchewan,"Management of companies and enterprises [55,551,5511]",1998,A,52.1333,-106.6833
2019-04,Saskatchewan,"Management of companies and enterprises [55,551,5511]",1967,A,52.1333,-106.6833
2019-05,Saskatchewan,"Management of companies and enterprises [55,551,5511]",2050,A,52.1333,-106.6833
2019-06,Saskatchewan,"Management of companies and enterprises [55,551,5511]",2090,A,52.1333,-106.6833
2019-07,Saskatchewan,"Management of companies and enterprises [55,551,5511]",2108,A,52.1333,-106.6833
2019-08,Saskatchewan,"Management of companies and enterprises [55,551,5511]",2082,A,52.1333,-106.6833
2019-09,Saskatchewan,"Management of companies and enterprises [55,551,5511]",2075,B,52.1333,-106.6833
2019-10,Saskatchewan,"Management of companies and enterprises [55,551,5511]",2064,A,52.1333,-106.6833
2019-11,Saskatchewan,"Management of companies and enterprises [55,551,5511]",2039,B,52.1333,-106.6833
2019-12,Saskatchewan,"Management of companies and enterprises [55,551,5511]",2188,B,52.1333,-106.6833
2020-01,Saskatchewan,"Management of companies and enterprises [55,551,5511]",1948,A,52.1333,-106.6833
2020-02,Saskatchewan,"Management of companies and enterprises [55,551,5511]",1944,B,52.1333,-106.6833
2020-03,Saskatchewan,"Management of companies and enterprises [55,551,5511]",1789,B,52.1333,-106.6833
2020-04,Saskatchewan,"Management of companies and enterprises [55,551,5511]",1750,B,52.1333,-106.6833
2020-05,Saskatchewan,"Management of companies and enterprises [55,551,5511]",1841,B,52.1333,-106.6833
2020-06,Saskatchewan,"Management of companies and enterprises [55,551,5511]",2044,B,52.1333,-106.6833
2020-07,Saskatchewan,"Management of companies and enterprises [55,551,5511]",1993,B,52.1333,-106.6833
2020-08,Saskatchewan,"Management of companies and enterprises [55,551,5511]",1833,B,52.1333,-106.6833
2020-09,Saskatchewan,"Management of companies and enterprises [55,551,5511]",1866,B,52.1333,-106.6833
2020-10,Saskatchewan,"Management of companies and enterprises [55,551,5511]",1932,B,52.1333,-106.6833
2020-11,Saskatchewan,"Management of companies and enterprises [55,551,5511]",2005,B,52.1333,-106.6833
2020-12,Saskatchewan,"Management of companies and enterprises [55,551,5511]",2038,B,52.1333,-106.6833
2021-01,Saskatchewan,"Management of companies and enterprises [55,551,5511]",2083,B,52.1333,-106.6833
2021-02,Saskatchewan,"Management of companies and enterprises [55,551,5511]",2074,B,52.1333,-106.6833
2021-03,Saskatchewan,"Management of companies and enterprises [55,551,5511]",2078,B,52.1333,-106.6833
2021-04,Saskatchewan,"Management of companies and enterprises [55,551,5511]",2068,A,52.1333,-106.6833
2021-05,Saskatchewan,"Management of companies and enterprises [55,551,5511]",2159,B,52.1333,-106.6833
2021-06,Saskatchewan,"Management of companies and enterprises [55,551,5511]",2232,A,52.1333,-106.6833
2021-07,Saskatchewan,"Management of companies and enterprises [55,551,5511]",2162,A,52.1333,-106.6833
2021-08,Saskatchewan,"Management of companies and enterprises [55,551,5511]",2266,A,52.1333,-106.6833
2021-09,Saskatchewan,"Management of companies and enterprises [55,551,5511]",2313,A,52.1333,-106.6833
2021-10,Saskatchewan,"Management of companies and enterprises [55,551,5511]",2402,B,52.1333,-106.6833
2021-11,Saskatchewan,"Management of companies and enterprises [55,551,5511]",2243,A,52.1333,-106.6833
2021-12,Saskatchewan,"Management of companies and enterprises [55,551,5511]",2604,B,52.1333,-106.6833
2022-01,Saskatchewan,"Management of companies and enterprises [55,551,5511]",2360,B,52.1333,-106.6833
2022-02,Saskatchewan,"Management of companies and enterprises [55,551,5511]",2202,C,52.1333,-106.6833
2022-03,Saskatchewan,"Management of companies and enterprises [55,551,5511]",2129,A,52.1333,-106.6833
2022-04,Saskatchewan,"Management of companies and enterprises [55,551,5511]",2210,C,52.1333,-106.6833
2022-05,Saskatchewan,"Management of companies and enterprises [55,551,5511]",2363,B,52.1333,-106.6833
2022-06,Saskatchewan,"Management of companies and enterprises [55,551,5511]",2446,B,52.1333,-106.6833
2022-07,Saskatchewan,"Management of companies and enterprises [55,551,5511]",2462,C,52.1333,-106.6833
2022-08,Saskatchewan,"Management of companies and enterprises [55,551,5511]",2540,A,52.1333,-106.6833
2022-09,Saskatchewan,"Management of companies and enterprises [55,551,5511]",2463,A,52.1333,-106.6833
2022-10,Saskatchewan,"Management of companies and enterprises [55,551,5511]",2412,A,52.1333,-106.6833
2022-11,Saskatchewan,"Management of companies and enterprises [55,551,5511]",2487,B,52.1333,-106.6833
2022-12,Saskatchewan,"Management of companies and enterprises [55,551,5511]",2609,A,52.1333,-106.6833
2023-01,Saskatchewan,"Management of companies and enterprises [55,551,5511]",2628,C,52.1333,-106.6833
2023-02,Saskatchewan,"Management of companies and enterprises [55,551,5511]",2625,C,52.1333,-106.6833
2023-03,Saskatchewan,"Management of companies and enterprises [55,551,5511]",2777,A,52.1333,-106.6833
2023-04,Saskatchewan,"Management of companies and enterprises [55,551,5511]",2778,B,52.1333,-106.6833
2023-05,Saskatchewan,"Management of companies and enterprises [55,551,5511]",2888,A,52.1333,-106.6833
2023-06,Saskatchewan,"Management of companies and enterprises [55,551,5511]",2946,A,52.1333,-106.6833
2023-07,Saskatchewan,"Management of companies and enterprises [55,551,5511]",2928,A,52.1333,-106.6833
2023-08,Saskatchewan,"Management of companies and enterprises [55,551,5511]",3115,A,52.1333,-106.6833
2023-09,Saskatchewan,"Management of companies and enterprises [55,551,5511]",3108,A,52.1333,-106.6833
2023-10,Saskatchewan,"Management of companies and enterprises [55,551,5511]",3056,A,52.1333,-106.6833
2023-11,Saskatchewan,"Management of companies and enterprises [55,551,5511]",3012,A,52.1333,-106.6833
2023-12,Saskatchewan,"Management of companies and enterprises [55,551,5511]",3116,A,52.1333,-106.6833
2024-01,Saskatchewan,"Management of companies and enterprises [55,551,5511]",3026,B,52.1333,-106.6833
2024-02,Saskatchewan,"Management of companies and enterprises [55,551,5511]",3018,B,52.1333,-106.6833
2018-01,Saskatchewan,"Administrative and support, waste management and remediation services [56]",13071,A,52.1333,-106.6833
2018-02,Saskatchewan,"Administrative and support, waste management and remediation services [56]",12945,A,52.1333,-106.6833
2018-03,Saskatchewan,"Administrative and support, waste management and remediation services [56]",12762,A,52.1333,-106.6833
2018-04,Saskatchewan,"Administrative and support, waste management and remediation services [56]",13092,A,52.1333,-106.6833
2018-05,Saskatchewan,"Administrative and support, waste management and remediation services [56]",13338,A,52.1333,-106.6833
2018-06,Saskatchewan,"Administrative and support, waste management and remediation services [56]",14180,A,52.1333,-106.6833
2018-07,Saskatchewan,"Administrative and support, waste management and remediation services [56]",14006,A,52.1333,-106.6833
2018-08,Saskatchewan,"Administrative and support, waste management and remediation services [56]",14003,A,52.1333,-106.6833
2018-09,Saskatchewan,"Administrative and support, waste management and remediation services [56]",14131,A,52.1333,-106.6833
2018-10,Saskatchewan,"Administrative and support, waste management and remediation services [56]",13587,A,52.1333,-106.6833
2018-11,Saskatchewan,"Administrative and support, waste management and remediation services [56]",13769,A,52.1333,-106.6833
2018-12,Saskatchewan,"Administrative and support, waste management and remediation services [56]",13268,A,52.1333,-106.6833
2019-01,Saskatchewan,"Administrative and support, waste management and remediation services [56]",13205,A,52.1333,-106.6833
2019-02,Saskatchewan,"Administrative and support, waste management and remediation services [56]",12516,A,52.1333,-106.6833
2019-03,Saskatchewan,"Administrative and support, waste management and remediation services [56]",12594,A,52.1333,-106.6833
2019-04,Saskatchewan,"Administrative and support, waste management and remediation services [56]",12490,A,52.1333,-106.6833
2019-05,Saskatchewan,"Administrative and support, waste management and remediation services [56]",13074,A,52.1333,-106.6833
2019-06,Saskatchewan,"Administrative and support, waste management and remediation services [56]",13333,A,52.1333,-106.6833
2019-07,Saskatchewan,"Administrative and support, waste management and remediation services [56]",13359,A,52.1333,-106.6833
2019-08,Saskatchewan,"Administrative and support, waste management and remediation services [56]",13808,A,52.1333,-106.6833
2019-09,Saskatchewan,"Administrative and support, waste management and remediation services [56]",13815,A,52.1333,-106.6833
2019-10,Saskatchewan,"Administrative and support, waste management and remediation services [56]",13511,A,52.1333,-106.6833
2019-11,Saskatchewan,"Administrative and support, waste management and remediation services [56]",13458,B,52.1333,-106.6833
2019-12,Saskatchewan,"Administrative and support, waste management and remediation services [56]",13586,A,52.1333,-106.6833
2020-01,Saskatchewan,"Administrative and support, waste management and remediation services [56]",13096,A,52.1333,-106.6833
2020-02,Saskatchewan,"Administrative and support, waste management and remediation services [56]",12497,B,52.1333,-106.6833
2020-03,Saskatchewan,"Administrative and support, waste management and remediation services [56]",11889,B,52.1333,-106.6833
2020-04,Saskatchewan,"Administrative and support, waste management and remediation services [56]",11258,B,52.1333,-106.6833
2020-05,Saskatchewan,"Administrative and support, waste management and remediation services [56]",11200,B,52.1333,-106.6833
2020-06,Saskatchewan,"Administrative and support, waste management and remediation services [56]",11809,B,52.1333,-106.6833
2020-07,Saskatchewan,"Administrative and support, waste management and remediation services [56]",12177,B,52.1333,-106.6833
2020-08,Saskatchewan,"Administrative and support, waste management and remediation services [56]",12292,B,52.1333,-106.6833
2020-09,Saskatchewan,"Administrative and support, waste management and remediation services [56]",12672,A,52.1333,-106.6833
2020-10,Saskatchewan,"Administrative and support, waste management and remediation services [56]",12627,B,52.1333,-106.6833
2020-11,Saskatchewan,"Administrative and support, waste management and remediation services [56]",12532,B,52.1333,-106.6833
2020-12,Saskatchewan,"Administrative and support, waste management and remediation services [56]",12504,B,52.1333,-106.6833
2021-01,Saskatchewan,"Administrative and support, waste management and remediation services [56]",12146,A,52.1333,-106.6833
2021-02,Saskatchewan,"Administrative and support, waste management and remediation services [56]",11797,A,52.1333,-106.6833
2021-03,Saskatchewan,"Administrative and support, waste management and remediation services [56]",11836,B,52.1333,-106.6833
2021-04,Saskatchewan,"Administrative and support, waste management and remediation services [56]",12202,A,52.1333,-106.6833
2021-05,Saskatchewan,"Administrative and support, waste management and remediation services [56]",12233,B,52.1333,-106.6833
2021-06,Saskatchewan,"Administrative and support, waste management and remediation services [56]",12618,B,52.1333,-106.6833
2021-07,Saskatchewan,"Administrative and support, waste management and remediation services [56]",12833,A,52.1333,-106.6833
2021-08,Saskatchewan,"Administrative and support, waste management and remediation services [56]",12954,B,52.1333,-106.6833
2021-09,Saskatchewan,"Administrative and support, waste management and remediation services [56]",13056,B,52.1333,-106.6833
2021-10,Saskatchewan,"Administrative and support, waste management and remediation services [56]",13068,B,52.1333,-106.6833
2021-11,Saskatchewan,"Administrative and support, waste management and remediation services [56]",12970,B,52.1333,-106.6833
2021-12,Saskatchewan,"Administrative and support, waste management and remediation services [56]",12733,B,52.1333,-106.6833
2022-01,Saskatchewan,"Administrative and support, waste management and remediation services [56]",12733,B,52.1333,-106.6833
2022-02,Saskatchewan,"Administrative and support, waste management and remediation services [56]",12715,B,52.1333,-106.6833
2022-03,Saskatchewan,"Administrative and support, waste management and remediation services [56]",12410,B,52.1333,-106.6833
2022-04,Saskatchewan,"Administrative and support, waste management and remediation services [56]",12463,B,52.1333,-106.6833
2022-05,Saskatchewan,"Administrative and support, waste management and remediation services [56]",12841,B,52.1333,-106.6833
2022-06,Saskatchewan,"Administrative and support, waste management and remediation services [56]",13359,B,52.1333,-106.6833
2022-07,Saskatchewan,"Administrative and support, waste management and remediation services [56]",13645,C,52.1333,-106.6833
2022-08,Saskatchewan,"Administrative and support, waste management and remediation services [56]",13432,B,52.1333,-106.6833
2022-09,Saskatchewan,"Administrative and support, waste management and remediation services [56]",13084,B,52.1333,-106.6833
2022-10,Saskatchewan,"Administrative and support, waste management and remediation services [56]",12825,B,52.1333,-106.6833
2022-11,Saskatchewan,"Administrative and support, waste management and remediation services [56]",13274,B,52.1333,-106.6833
2022-12,Saskatchewan,"Administrative and support, waste management and remediation services [56]",13323,B,52.1333,-106.6833
2023-01,Saskatchewan,"Administrative and support, waste management and remediation services [56]",12990,B,52.1333,-106.6833
2023-02,Saskatchewan,"Administrative and support, waste management and remediation services [56]",12828,B,52.1333,-106.6833
2023-03,Saskatchewan,"Administrative and support, waste management and remediation services [56]",12775,B,52.1333,-106.6833
2023-04,Saskatchewan,"Administrative and support, waste management and remediation services [56]",12991,B,52.1333,-106.6833
2023-05,Saskatchewan,"Administrative and support, waste management and remediation services [56]",13522,B,52.1333,-106.6833
2023-06,Saskatchewan,"Administrative and support, waste management and remediation services [56]",13687,B,52.1333,-106.6833
2023-07,Saskatchewan,"Administrative and support, waste management and remediation services [56]",13881,B,52.1333,-106.6833
2023-08,Saskatchewan,"Administrative and support, waste management and remediation services [56]",13677,A,52.1333,-106.6833
2023-09,Saskatchewan,"Administrative and support, waste management and remediation services [56]",13512,A,52.1333,-106.6833
2023-10,Saskatchewan,"Administrative and support, waste management and remediation services [56]",13064,A,52.1333,-106.6833
2023-11,Saskatchewan,"Administrative and support, waste management and remediation services [56]",13120,B,52.1333,-106.6833
2023-12,Saskatchewan,"Administrative and support, waste management and remediation services [56]",13028,B,52.1333,-106.6833
2024-01,Saskatchewan,"Administrative and support, waste management and remediation services [56]",12502,B,52.1333,-106.6833
2024-02,Saskatchewan,"Administrative and support, waste management and remediation services [56]",12398,B,52.1333,-106.6833
2018-01,Saskatchewan,"Educational services [61,611]",46969,A,52.1333,-106.6833
2018-02,Saskatchewan,"Educational services [61,611]",48711,A,52.1333,-106.6833
2018-03,Saskatchewan,"Educational services [61,611]",49471,A,52.1333,-106.6833
2018-04,Saskatchewan,"Educational services [61,611]",48723,A,52.1333,-106.6833
2018-05,Saskatchewan,"Educational services [61,611]",48660,A,52.1333,-106.6833
2018-06,Saskatchewan,"Educational services [61,611]",48212,A,52.1333,-106.6833
2018-07,Saskatchewan,"Educational services [61,611]",27870,B,52.1333,-106.6833
2018-08,Saskatchewan,"Educational services [61,611]",25003,B,52.1333,-106.6833
2018-09,Saskatchewan,"Educational services [61,611]",44568,A,52.1333,-106.6833
2018-10,Saskatchewan,"Educational services [61,611]",48845,A,52.1333,-106.6833
2018-11,Saskatchewan,"Educational services [61,611]",50471,A,52.1333,-106.6833
2018-12,Saskatchewan,"Educational services [61,611]",50457,A,52.1333,-106.6833
2019-01,Saskatchewan,"Educational services [61,611]",47185,A,52.1333,-106.6833
2019-02,Saskatchewan,"Educational services [61,611]",49916,A,52.1333,-106.6833
2019-03,Saskatchewan,"Educational services [61,611]",49785,A,52.1333,-106.6833
2019-04,Saskatchewan,"Educational services [61,611]",49447,A,52.1333,-106.6833
2019-05,Saskatchewan,"Educational services [61,611]",49447,A,52.1333,-106.6833
2019-06,Saskatchewan,"Educational services [61,611]",47672,A,52.1333,-106.6833
2019-07,Saskatchewan,"Educational services [61,611]",28784,B,52.1333,-106.6833
2019-08,Saskatchewan,"Educational services [61,611]",25508,A,52.1333,-106.6833
2019-09,Saskatchewan,"Educational services [61,611]",45677,C,52.1333,-106.6833
2019-10,Saskatchewan,"Educational services [61,611]",49066,A,52.1333,-106.6833
2019-11,Saskatchewan,"Educational services [61,611]",48455,A,52.1333,-106.6833
2019-12,Saskatchewan,"Educational services [61,611]",50379,A,52.1333,-106.6833
2020-01,Saskatchewan,"Educational services [61,611]",47542,A,52.1333,-106.6833
2020-02,Saskatchewan,"Educational services [61,611]",50094,A,52.1333,-106.6833
2020-03,Saskatchewan,"Educational services [61,611]",49345,C,52.1333,-106.6833
2020-04,Saskatchewan,"Educational services [61,611]",43904,B,52.1333,-106.6833
2020-05,Saskatchewan,"Educational services [61,611]",42798,B,52.1333,-106.6833
2020-06,Saskatchewan,"Educational services [61,611]",42307,A,52.1333,-106.6833
2020-07,Saskatchewan,"Educational services [61,611]",25162,C,52.1333,-106.6833
2020-08,Saskatchewan,"Educational services [61,611]",24163,B,52.1333,-106.6833
2020-09,Saskatchewan,"Educational services [61,611]",44706,B,52.1333,-106.6833
2020-10,Saskatchewan,"Educational services [61,611]",48944,A,52.1333,-106.6833
2020-11,Saskatchewan,"Educational services [61,611]",49997,A,52.1333,-106.6833
2020-12,Saskatchewan,"Educational services [61,611]",50278,A,52.1333,-106.6833
2021-01,Saskatchewan,"Educational services [61,611]",47509,A,52.1333,-106.6833
2021-02,Saskatchewan,"Educational services [61,611]",50092,A,52.1333,-106.6833
2021-03,Saskatchewan,"Educational services [61,611]",50241,A,52.1333,-106.6833
2021-04,Saskatchewan,"Educational services [61,611]",50368,A,52.1333,-106.6833
2021-05,Saskatchewan,"Educational services [61,611]",48956,A,52.1333,-106.6833
2021-06,Saskatchewan,"Educational services [61,611]",48301,A,52.1333,-106.6833
2021-07,Saskatchewan,"Educational services [61,611]",27610,D,52.1333,-106.6833
2021-08,Saskatchewan,"Educational services [61,611]",24417,A,52.1333,-106.6833
2021-09,Saskatchewan,"Educational services [61,611]",46812,A,52.1333,-106.6833
2021-10,Saskatchewan,"Educational services [61,611]",53600,A,52.1333,-106.6833
2021-11,Saskatchewan,"Educational services [61,611]",54344,A,52.1333,-106.6833
2021-12,Saskatchewan,"Educational services [61,611]",55475,A,52.1333,-106.6833
2022-01,Saskatchewan,"Educational services [61,611]",50898,A,52.1333,-106.6833
2022-02,Saskatchewan,"Educational services [61,611]",50714,A,52.1333,-106.6833
2022-03,Saskatchewan,"Educational services [61,611]",51325,A,52.1333,-106.6833
2022-04,Saskatchewan,"Educational services [61,611]",51127,A,52.1333,-106.6833
2022-05,Saskatchewan,"Educational services [61,611]",49686,A,52.1333,-106.6833
2022-06,Saskatchewan,"Educational services [61,611]",49974,B,52.1333,-106.6833
2022-07,Saskatchewan,"Educational services [61,611]",27533,B,52.1333,-106.6833
2022-08,Saskatchewan,"Educational services [61,611]",25850,A,52.1333,-106.6833
2022-09,Saskatchewan,"Educational services [61,611]",47654,A,52.1333,-106.6833
2022-10,Saskatchewan,"Educational services [61,611]",51595,A,52.1333,-106.6833
2022-11,Saskatchewan,"Educational services [61,611]",52755,A,52.1333,-106.6833
2022-12,Saskatchewan,"Educational services [61,611]",53278,A,52.1333,-106.6833
2023-01,Saskatchewan,"Educational services [61,611]",50875,A,52.1333,-106.6833
2023-02,Saskatchewan,"Educational services [61,611]",51797,A,52.1333,-106.6833
2023-03,Saskatchewan,"Educational services [61,611]",52401,A,52.1333,-106.6833
2023-04,Saskatchewan,"Educational services [61,611]",52438,A,52.1333,-106.6833
2023-05,Saskatchewan,"Educational services [61,611]",51152,A,52.1333,-106.6833
2023-06,Saskatchewan,"Educational services [61,611]",51603,A,52.1333,-106.6833
2023-07,Saskatchewan,"Educational services [61,611]",29345,B,52.1333,-106.6833
2023-08,Saskatchewan,"Educational services [61,611]",24928,A,52.1333,-106.6833
2023-09,Saskatchewan,"Educational services [61,611]",48923,B,52.1333,-106.6833
2023-10,Saskatchewan,"Educational services [61,611]",53512,A,52.1333,-106.6833
2023-11,Saskatchewan,"Educational services [61,611]",52690,A,52.1333,-106.6833
2023-12,Saskatchewan,"Educational services [61,611]",53555,A,52.1333,-106.6833
2024-01,Saskatchewan,"Educational services [61,611]",51099,A,52.1333,-106.6833
2024-02,Saskatchewan,"Educational services [61,611]",52041,A,52.1333,-106.6833
2018-01,Saskatchewan,Health care and social assistance [62],66573,A,52.1333,-106.6833
2018-02,Saskatchewan,Health care and social assistance [62],66536,A,52.1333,-106.6833
2018-03,Saskatchewan,Health care and social assistance [62],67193,A,52.1333,-106.6833
2018-04,Saskatchewan,Health care and social assistance [62],66803,A,52.1333,-106.6833
2018-05,Saskatchewan,Health care and social assistance [62],67262,A,52.1333,-106.6833
2018-06,Saskatchewan,Health care and social assistance [62],67612,A,52.1333,-106.6833
2018-07,Saskatchewan,Health care and social assistance [62],67528,A,52.1333,-106.6833
2018-08,Saskatchewan,Health care and social assistance [62],67712,A,52.1333,-106.6833
2018-09,Saskatchewan,Health care and social assistance [62],68051,A,52.1333,-106.6833
2018-10,Saskatchewan,Health care and social assistance [62],67672,A,52.1333,-106.6833
2018-11,Saskatchewan,Health care and social assistance [62],68122,A,52.1333,-106.6833
2018-12,Saskatchewan,Health care and social assistance [62],69480,A,52.1333,-106.6833
2019-01,Saskatchewan,Health care and social assistance [62],69571,A,52.1333,-106.6833
2019-02,Saskatchewan,Health care and social assistance [62],68460,A,52.1333,-106.6833
2019-03,Saskatchewan,Health care and social assistance [62],68262,A,52.1333,-106.6833
2019-04,Saskatchewan,Health care and social assistance [62],68221,A,52.1333,-106.6833
2019-05,Saskatchewan,Health care and social assistance [62],68865,A,52.1333,-106.6833
2019-06,Saskatchewan,Health care and social assistance [62],69765,A,52.1333,-106.6833
2019-07,Saskatchewan,Health care and social assistance [62],70009,A,52.1333,-106.6833
2019-08,Saskatchewan,Health care and social assistance [62],69979,A,52.1333,-106.6833
2019-09,Saskatchewan,Health care and social assistance [62],70498,A,52.1333,-106.6833
2019-10,Saskatchewan,Health care and social assistance [62],69471,A,52.1333,-106.6833
2019-11,Saskatchewan,Health care and social assistance [62],70620,A,52.1333,-106.6833
2019-12,Saskatchewan,Health care and social assistance [62],70348,A,52.1333,-106.6833
2020-01,Saskatchewan,Health care and social assistance [62],70032,A,52.1333,-106.6833
2020-02,Saskatchewan,Health care and social assistance [62],69536,B,52.1333,-106.6833
2020-03,Saskatchewan,Health care and social assistance [62],67811,B,52.1333,-106.6833
2020-04,Saskatchewan,Health care and social assistance [62],62026,B,52.1333,-106.6833
2020-05,Saskatchewan,Health care and social assistance [62],61582,B,52.1333,-106.6833
2020-06,Saskatchewan,Health care and social assistance [62],63935,B,52.1333,-106.6833
2020-07,Saskatchewan,Health care and social assistance [62],65757,B,52.1333,-106.6833
2020-08,Saskatchewan,Health care and social assistance [62],67456,B,52.1333,-106.6833
2020-09,Saskatchewan,Health care and social assistance [62],68385,B,52.1333,-106.6833
2020-10,Saskatchewan,Health care and social assistance [62],68911,A,52.1333,-106.6833
2020-11,Saskatchewan,Health care and social assistance [62],69575,A,52.1333,-106.6833
2020-12,Saskatchewan,Health care and social assistance [62],69490,B,52.1333,-106.6833
2021-01,Saskatchewan,Health care and social assistance [62],69465,B,52.1333,-106.6833
2021-02,Saskatchewan,Health care and social assistance [62],70194,B,52.1333,-106.6833
2021-03,Saskatchewan,Health care and social assistance [62],70636,A,52.1333,-106.6833
2021-04,Saskatchewan,Health care and social assistance [62],72196,A,52.1333,-106.6833
2021-05,Saskatchewan,Health care and social assistance [62],71617,B,52.1333,-106.6833
2021-06,Saskatchewan,Health care and social assistance [62],72499,B,52.1333,-106.6833
2021-07,Saskatchewan,Health care and social assistance [62],72783,B,52.1333,-106.6833
2021-08,Saskatchewan,Health care and social assistance [62],73082,A,52.1333,-106.6833
2021-09,Saskatchewan,Health care and social assistance [62],72191,A,52.1333,-106.6833
2021-10,Saskatchewan,Health care and social assistance [62],72352,A,52.1333,-106.6833
2021-11,Saskatchewan,Health care and social assistance [62],72456,A,52.1333,-106.6833
2021-12,Saskatchewan,Health care and social assistance [62],72729,A,52.1333,-106.6833
2022-01,Saskatchewan,Health care and social assistance [62],72178,B,52.1333,-106.6833
2022-02,Saskatchewan,Health care and social assistance [62],71391,B,52.1333,-106.6833
2022-03,Saskatchewan,Health care and social assistance [62],71926,B,52.1333,-106.6833
2022-04,Saskatchewan,Health care and social assistance [62],72296,B,52.1333,-106.6833
2022-05,Saskatchewan,Health care and social assistance [62],72245,B,52.1333,-106.6833
2022-06,Saskatchewan,Health care and social assistance [62],72519,B,52.1333,-106.6833
2022-07,Saskatchewan,Health care and social assistance [62],72860,B,52.1333,-106.6833
2022-08,Saskatchewan,Health care and social assistance [62],72789,B,52.1333,-106.6833
2022-09,Saskatchewan,Health care and social assistance [62],73374,B,52.1333,-106.6833
2022-10,Saskatchewan,Health care and social assistance [62],73768,B,52.1333,-106.6833
2022-11,Saskatchewan,Health care and social assistance [62],73497,B,52.1333,-106.6833
2022-12,Saskatchewan,Health care and social assistance [62],73488,B,52.1333,-106.6833
2023-01,Saskatchewan,Health care and social assistance [62],72692,B,52.1333,-106.6833
2023-02,Saskatchewan,Health care and social assistance [62],72424,B,52.1333,-106.6833
2023-03,Saskatchewan,Health care and social assistance [62],72704,B,52.1333,-106.6833
2023-04,Saskatchewan,Health care and social assistance [62],73185,B,52.1333,-106.6833
2023-05,Saskatchewan,Health care and social assistance [62],72926,B,52.1333,-106.6833
2023-06,Saskatchewan,Health care and social assistance [62],74267,B,52.1333,-106.6833
2023-07,Saskatchewan,Health care and social assistance [62],73771,B,52.1333,-106.6833
2023-08,Saskatchewan,Health care and social assistance [62],74818,B,52.1333,-106.6833
2023-09,Saskatchewan,Health care and social assistance [62],75977,B,52.1333,-106.6833
2023-10,Saskatchewan,Health care and social assistance [62],75549,B,52.1333,-106.6833
2023-11,Saskatchewan,Health care and social assistance [62],75783,B,52.1333,-106.6833
2023-12,Saskatchewan,Health care and social assistance [62],75748,A,52.1333,-106.6833
2024-01,Saskatchewan,Health care and social assistance [62],76210,B,52.1333,-106.6833
2024-02,Saskatchewan,Health care and social assistance [62],75018,B,52.1333,-106.6833
2018-01,Saskatchewan,"Arts, entertainment and recreation [71]",7428,A,52.1333,-106.6833
2018-02,Saskatchewan,"Arts, entertainment and recreation [71]",7455,A,52.1333,-106.6833
2018-03,Saskatchewan,"Arts, entertainment and recreation [71]",7588,A,52.1333,-106.6833
2018-04,Saskatchewan,"Arts, entertainment and recreation [71]",7736,A,52.1333,-106.6833
2018-05,Saskatchewan,"Arts, entertainment and recreation [71]",9349,A,52.1333,-106.6833
2018-06,Saskatchewan,"Arts, entertainment and recreation [71]",9670,A,52.1333,-106.6833
2018-07,Saskatchewan,"Arts, entertainment and recreation [71]",9374,A,52.1333,-106.6833
2018-08,Saskatchewan,"Arts, entertainment and recreation [71]",9784,A,52.1333,-106.6833
2018-09,Saskatchewan,"Arts, entertainment and recreation [71]",9376,A,52.1333,-106.6833
2018-10,Saskatchewan,"Arts, entertainment and recreation [71]",8799,A,52.1333,-106.6833
2018-11,Saskatchewan,"Arts, entertainment and recreation [71]",8245,D,52.1333,-106.6833
2018-12,Saskatchewan,"Arts, entertainment and recreation [71]",7991,A,52.1333,-106.6833
2019-01,Saskatchewan,"Arts, entertainment and recreation [71]",7924,A,52.1333,-106.6833
2019-02,Saskatchewan,"Arts, entertainment and recreation [71]",8014,A,52.1333,-106.6833
2019-03,Saskatchewan,"Arts, entertainment and recreation [71]",7969,A,52.1333,-106.6833
2019-04,Saskatchewan,"Arts, entertainment and recreation [71]",8490,A,52.1333,-106.6833
2019-05,Saskatchewan,"Arts, entertainment and recreation [71]",9430,A,52.1333,-106.6833
2019-06,Saskatchewan,"Arts, entertainment and recreation [71]",9917,A,52.1333,-106.6833
2019-07,Saskatchewan,"Arts, entertainment and recreation [71]",9956,A,52.1333,-106.6833
2019-08,Saskatchewan,"Arts, entertainment and recreation [71]",10150,A,52.1333,-106.6833
2019-09,Saskatchewan,"Arts, entertainment and recreation [71]",9689,A,52.1333,-106.6833
2019-10,Saskatchewan,"Arts, entertainment and recreation [71]",9277,B,52.1333,-106.6833
2019-11,Saskatchewan,"Arts, entertainment and recreation [71]",8461,B,52.1333,-106.6833
2019-12,Saskatchewan,"Arts, entertainment and recreation [71]",8311,B,52.1333,-106.6833
2020-01,Saskatchewan,"Arts, entertainment and recreation [71]",7909,B,52.1333,-106.6833
2020-02,Saskatchewan,"Arts, entertainment and recreation [71]",8124,B,52.1333,-106.6833
2020-03,Saskatchewan,"Arts, entertainment and recreation [71]",7615,B,52.1333,-106.6833
2020-04,Saskatchewan,"Arts, entertainment and recreation [71]",5520,B,52.1333,-106.6833
2020-05,Saskatchewan,"Arts, entertainment and recreation [71]",4380,D,52.1333,-106.6833
2020-06,Saskatchewan,"Arts, entertainment and recreation [71]",5354,A,52.1333,-106.6833
2020-07,Saskatchewan,"Arts, entertainment and recreation [71]",6575,D,52.1333,-106.6833
2020-08,Saskatchewan,"Arts, entertainment and recreation [71]",6935,B,52.1333,-106.6833
2020-09,Saskatchewan,"Arts, entertainment and recreation [71]",7348,A,52.1333,-106.6833
2020-10,Saskatchewan,"Arts, entertainment and recreation [71]",6577,A,52.1333,-106.6833
2020-11,Saskatchewan,"Arts, entertainment and recreation [71]",5711,B,52.1333,-106.6833
2020-12,Saskatchewan,"Arts, entertainment and recreation [71]",5192,B,52.1333,-106.6833
2021-01,Saskatchewan,"Arts, entertainment and recreation [71]",4657,A,52.1333,-106.6833
2021-02,Saskatchewan,"Arts, entertainment and recreation [71]",4447,B,52.1333,-106.6833
2021-03,Saskatchewan,"Arts, entertainment and recreation [71]",4700,B,52.1333,-106.6833
2021-04,Saskatchewan,"Arts, entertainment and recreation [71]",5189,B,52.1333,-106.6833
2021-05,Saskatchewan,"Arts, entertainment and recreation [71]",5980,B,52.1333,-106.6833
2021-06,Saskatchewan,"Arts, entertainment and recreation [71]",6648,B,52.1333,-106.6833
2021-07,Saskatchewan,"Arts, entertainment and recreation [71]",8219,B,52.1333,-106.6833
2021-08,Saskatchewan,"Arts, entertainment and recreation [71]",8770,A,52.1333,-106.6833
2021-09,Saskatchewan,"Arts, entertainment and recreation [71]",8733,A,52.1333,-106.6833
2021-10,Saskatchewan,"Arts, entertainment and recreation [71]",7864,A,52.1333,-106.6833
2021-11,Saskatchewan,"Arts, entertainment and recreation [71]",7023,B,52.1333,-106.6833
2021-12,Saskatchewan,"Arts, entertainment and recreation [71]",7093,B,52.1333,-106.6833
2022-01,Saskatchewan,"Arts, entertainment and recreation [71]",6873,B,52.1333,-106.6833
2022-02,Saskatchewan,"Arts, entertainment and recreation [71]",6779,B,52.1333,-106.6833
2022-03,Saskatchewan,"Arts, entertainment and recreation [71]",6672,B,52.1333,-106.6833
2022-04,Saskatchewan,"Arts, entertainment and recreation [71]",7334,A,52.1333,-106.6833
2022-05,Saskatchewan,"Arts, entertainment and recreation [71]",8362,A,52.1333,-106.6833
2022-06,Saskatchewan,"Arts, entertainment and recreation [71]",9099,C,52.1333,-106.6833
2022-07,Saskatchewan,"Arts, entertainment and recreation [71]",9415,B,52.1333,-106.6833
2022-08,Saskatchewan,"Arts, entertainment and recreation [71]",9925,B,52.1333,-106.6833
2022-09,Saskatchewan,"Arts, entertainment and recreation [71]",9466,B,52.1333,-106.6833
2022-10,Saskatchewan,"Arts, entertainment and recreation [71]",8448,B,52.1333,-106.6833
2022-11,Saskatchewan,"Arts, entertainment and recreation [71]",7648,B,52.1333,-106.6833
2022-12,Saskatchewan,"Arts, entertainment and recreation [71]",7826,B,52.1333,-106.6833
2023-01,Saskatchewan,"Arts, entertainment and recreation [71]",7643,B,52.1333,-106.6833
2023-02,Saskatchewan,"Arts, entertainment and recreation [71]",7617,B,52.1333,-106.6833
2023-03,Saskatchewan,"Arts, entertainment and recreation [71]",7724,B,52.1333,-106.6833
2023-04,Saskatchewan,"Arts, entertainment and recreation [71]",7781,A,52.1333,-106.6833
2023-05,Saskatchewan,"Arts, entertainment and recreation [71]",9418,A,52.1333,-106.6833
2023-06,Saskatchewan,"Arts, entertainment and recreation [71]",10025,B,52.1333,-106.6833
2023-07,Saskatchewan,"Arts, entertainment and recreation [71]",10311,B,52.1333,-106.6833
2023-08,Saskatchewan,"Arts, entertainment and recreation [71]",10668,B,52.1333,-106.6833
2023-09,Saskatchewan,"Arts, entertainment and recreation [71]",10065,B,52.1333,-106.6833
2023-10,Saskatchewan,"Arts, entertainment and recreation [71]",9503,A,52.1333,-106.6833
2023-11,Saskatchewan,"Arts, entertainment and recreation [71]",8145,D,52.1333,-106.6833
2023-12,Saskatchewan,"Arts, entertainment and recreation [71]",8160,A,52.1333,-106.6833
2024-01,Saskatchewan,"Arts, entertainment and recreation [71]",7805,B,52.1333,-106.6833
2024-02,Saskatchewan,"Arts, entertainment and recreation [71]",7722,A,52.1333,-106.6833
2018-01,Saskatchewan,Accommodation and food services [72],33812,A,52.1333,-106.6833
2018-02,Saskatchewan,Accommodation and food services [72],33569,A,52.1333,-106.6833
2018-03,Saskatchewan,Accommodation and food services [72],34693,A,52.1333,-106.6833
2018-04,Saskatchewan,Accommodation and food services [72],34548,A,52.1333,-106.6833
2018-05,Saskatchewan,Accommodation and food services [72],35915,A,52.1333,-106.6833
2018-06,Saskatchewan,Accommodation and food services [72],37064,A,52.1333,-106.6833
2018-07,Saskatchewan,Accommodation and food services [72],36826,A,52.1333,-106.6833
2018-08,Saskatchewan,Accommodation and food services [72],37057,A,52.1333,-106.6833
2018-09,Saskatchewan,Accommodation and food services [72],36802,A,52.1333,-106.6833
2018-10,Saskatchewan,Accommodation and food services [72],35802,A,52.1333,-106.6833
2018-11,Saskatchewan,Accommodation and food services [72],35729,A,52.1333,-106.6833
2018-12,Saskatchewan,Accommodation and food services [72],36147,A,52.1333,-106.6833
2019-01,Saskatchewan,Accommodation and food services [72],35876,A,52.1333,-106.6833
2019-02,Saskatchewan,Accommodation and food services [72],35759,A,52.1333,-106.6833
2019-03,Saskatchewan,Accommodation and food services [72],36083,A,52.1333,-106.6833
2019-04,Saskatchewan,Accommodation and food services [72],36009,A,52.1333,-106.6833
2019-05,Saskatchewan,Accommodation and food services [72],37421,A,52.1333,-106.6833
2019-06,Saskatchewan,Accommodation and food services [72],38589,A,52.1333,-106.6833
2019-07,Saskatchewan,Accommodation and food services [72],39443,A,52.1333,-106.6833
2019-08,Saskatchewan,Accommodation and food services [72],39804,A,52.1333,-106.6833
2019-09,Saskatchewan,Accommodation and food services [72],39357,B,52.1333,-106.6833
2019-10,Saskatchewan,Accommodation and food services [72],37940,B,52.1333,-106.6833
2019-11,Saskatchewan,Accommodation and food services [72],37416,A,52.1333,-106.6833
2019-12,Saskatchewan,Accommodation and food services [72],37150,A,52.1333,-106.6833
2020-01,Saskatchewan,Accommodation and food services [72],36265,B,52.1333,-106.6833
2020-02,Saskatchewan,Accommodation and food services [72],35681,B,52.1333,-106.6833
2020-03,Saskatchewan,Accommodation and food services [72],29867,B,52.1333,-106.6833
2020-04,Saskatchewan,Accommodation and food services [72],18998,B,52.1333,-106.6833
2020-05,Saskatchewan,Accommodation and food services [72],17675,B,52.1333,-106.6833
2020-06,Saskatchewan,Accommodation and food services [72],24846,B,52.1333,-106.6833
2020-07,Saskatchewan,Accommodation and food services [72],28339,B,52.1333,-106.6833
2020-08,Saskatchewan,Accommodation and food services [72],29901,B,52.1333,-106.6833
2020-09,Saskatchewan,Accommodation and food services [72],30607,A,52.1333,-106.6833
2020-10,Saskatchewan,Accommodation and food services [72],30395,B,52.1333,-106.6833
2020-11,Saskatchewan,Accommodation and food services [72],29474,B,52.1333,-106.6833
2020-12,Saskatchewan,Accommodation and food services [72],28133,B,52.1333,-106.6833
2021-01,Saskatchewan,Accommodation and food services [72],27377,B,52.1333,-106.6833
2021-02,Saskatchewan,Accommodation and food services [72],27464,B,52.1333,-106.6833
2021-03,Saskatchewan,Accommodation and food services [72],28203,B,52.1333,-106.6833
2021-04,Saskatchewan,Accommodation and food services [72],28354,B,52.1333,-106.6833
2021-05,Saskatchewan,Accommodation and food services [72],29167,B,52.1333,-106.6833
2021-06,Saskatchewan,Accommodation and food services [72],31503,B,52.1333,-106.6833
2021-07,Saskatchewan,Accommodation and food services [72],33644,B,52.1333,-106.6833
2021-08,Saskatchewan,Accommodation and food services [72],34627,B,52.1333,-106.6833
2021-09,Saskatchewan,Accommodation and food services [72],34564,B,52.1333,-106.6833
2021-10,Saskatchewan,Accommodation and food services [72],34018,B,52.1333,-106.6833
2021-11,Saskatchewan,Accommodation and food services [72],32744,B,52.1333,-106.6833
2021-12,Saskatchewan,Accommodation and food services [72],32991,B,52.1333,-106.6833
2022-01,Saskatchewan,Accommodation and food services [72],32078,B,52.1333,-106.6833
2022-02,Saskatchewan,Accommodation and food services [72],31731,B,52.1333,-106.6833
2022-03,Saskatchewan,Accommodation and food services [72],32655,B,52.1333,-106.6833
2022-04,Saskatchewan,Accommodation and food services [72],34090,B,52.1333,-106.6833
2022-05,Saskatchewan,Accommodation and food services [72],35519,B,52.1333,-106.6833
2022-06,Saskatchewan,Accommodation and food services [72],37186,C,52.1333,-106.6833
2022-07,Saskatchewan,Accommodation and food services [72],37642,B,52.1333,-106.6833
2022-08,Saskatchewan,Accommodation and food services [72],37641,B,52.1333,-106.6833
2022-09,Saskatchewan,Accommodation and food services [72],36995,B,52.1333,-106.6833
2022-10,Saskatchewan,Accommodation and food services [72],36083,B,52.1333,-106.6833
2022-11,Saskatchewan,Accommodation and food services [72],35648,B,52.1333,-106.6833
2022-12,Saskatchewan,Accommodation and food services [72],35599,B,52.1333,-106.6833
2023-01,Saskatchewan,Accommodation and food services [72],35239,B,52.1333,-106.6833
2023-02,Saskatchewan,Accommodation and food services [72],34720,B,52.1333,-106.6833
2023-03,Saskatchewan,Accommodation and food services [72],34986,B,52.1333,-106.6833
2023-04,Saskatchewan,Accommodation and food services [72],36059,B,52.1333,-106.6833
2023-05,Saskatchewan,Accommodation and food services [72],37507,B,52.1333,-106.6833
2023-06,Saskatchewan,Accommodation and food services [72],38239,B,52.1333,-106.6833
2023-07,Saskatchewan,Accommodation and food services [72],38969,B,52.1333,-106.6833
2023-08,Saskatchewan,Accommodation and food services [72],38941,B,52.1333,-106.6833
2023-09,Saskatchewan,Accommodation and food services [72],38357,B,52.1333,-106.6833
2023-10,Saskatchewan,Accommodation and food services [72],37168,B,52.1333,-106.6833
2023-11,Saskatchewan,Accommodation and food services [72],36327,B,52.1333,-106.6833
2023-12,Saskatchewan,Accommodation and food services [72],36143,B,52.1333,-106.6833
2024-01,Saskatchewan,Accommodation and food services [72],35202,B,52.1333,-106.6833
2024-02,Saskatchewan,Accommodation and food services [72],34926,B,52.1333,-106.6833
2018-01,Saskatchewan,Other services (except public administration) [81],16038,A,52.1333,-106.6833
2018-02,Saskatchewan,Other services (except public administration) [81],15723,A,52.1333,-106.6833
2018-03,Saskatchewan,Other services (except public administration) [81],16159,A,52.1333,-106.6833
2018-04,Saskatchewan,Other services (except public administration) [81],16247,A,52.1333,-106.6833
2018-05,Saskatchewan,Other services (except public administration) [81],16210,A,52.1333,-106.6833
2018-06,Saskatchewan,Other services (except public administration) [81],16648,A,52.1333,-106.6833
2018-07,Saskatchewan,Other services (except public administration) [81],16437,A,52.1333,-106.6833
2018-08,Saskatchewan,Other services (except public administration) [81],16431,A,52.1333,-106.6833
2018-09,Saskatchewan,Other services (except public administration) [81],16494,A,52.1333,-106.6833
2018-10,Saskatchewan,Other services (except public administration) [81],16456,A,52.1333,-106.6833
2018-11,Saskatchewan,Other services (except public administration) [81],17009,A,52.1333,-106.6833
2018-12,Saskatchewan,Other services (except public administration) [81],16659,A,52.1333,-106.6833
2019-01,Saskatchewan,Other services (except public administration) [81],16290,A,52.1333,-106.6833
2019-02,Saskatchewan,Other services (except public administration) [81],16206,A,52.1333,-106.6833
2019-03,Saskatchewan,Other services (except public administration) [81],16503,A,52.1333,-106.6833
2019-04,Saskatchewan,Other services (except public administration) [81],16732,A,52.1333,-106.6833
2019-05,Saskatchewan,Other services (except public administration) [81],16946,A,52.1333,-106.6833
2019-06,Saskatchewan,Other services (except public administration) [81],17246,A,52.1333,-106.6833
2019-07,Saskatchewan,Other services (except public administration) [81],17444,A,52.1333,-106.6833
2019-08,Saskatchewan,Other services (except public administration) [81],17237,A,52.1333,-106.6833
2019-09,Saskatchewan,Other services (except public administration) [81],17230,C,52.1333,-106.6833
2019-10,Saskatchewan,Other services (except public administration) [81],17029,A,52.1333,-106.6833
2019-11,Saskatchewan,Other services (except public administration) [81],17122,A,52.1333,-106.6833
2019-12,Saskatchewan,Other services (except public administration) [81],17558,A,52.1333,-106.6833
2020-01,Saskatchewan,Other services (except public administration) [81],16789,A,52.1333,-106.6833
2020-02,Saskatchewan,Other services (except public administration) [81],16615,B,52.1333,-106.6833
2020-03,Saskatchewan,Other services (except public administration) [81],15511,B,52.1333,-106.6833
2020-04,Saskatchewan,Other services (except public administration) [81],12315,B,52.1333,-106.6833
2020-05,Saskatchewan,Other services (except public administration) [81],12417,B,52.1333,-106.6833
2020-06,Saskatchewan,Other services (except public administration) [81],14165,B,52.1333,-106.6833
2020-07,Saskatchewan,Other services (except public administration) [81],14587,B,52.1333,-106.6833
2020-08,Saskatchewan,Other services (except public administration) [81],15261,A,52.1333,-106.6833
2020-09,Saskatchewan,Other services (except public administration) [81],16233,A,52.1333,-106.6833
2020-10,Saskatchewan,Other services (except public administration) [81],16110,A,52.1333,-106.6833
2020-11,Saskatchewan,Other services (except public administration) [81],16056,A,52.1333,-106.6833
2020-12,Saskatchewan,Other services (except public administration) [81],16419,A,52.1333,-106.6833
2021-01,Saskatchewan,Other services (except public administration) [81],16071,A,52.1333,-106.6833
2021-02,Saskatchewan,Other services (except public administration) [81],15759,A,52.1333,-106.6833
2021-03,Saskatchewan,Other services (except public administration) [81],16019,A,52.1333,-106.6833
2021-04,Saskatchewan,Other services (except public administration) [81],16098,A,52.1333,-106.6833
2021-05,Saskatchewan,Other services (except public administration) [81],16510,A,52.1333,-106.6833
2021-06,Saskatchewan,Other services (except public administration) [81],16563,A,52.1333,-106.6833
2021-07,Saskatchewan,Other services (except public administration) [81],16687,A,52.1333,-106.6833
2021-08,Saskatchewan,Other services (except public administration) [81],16665,A,52.1333,-106.6833
2021-09,Saskatchewan,Other services (except public administration) [81],16720,A,52.1333,-106.6833
2021-10,Saskatchewan,Other services (except public administration) [81],16734,A,52.1333,-106.6833
2021-11,Saskatchewan,Other services (except public administration) [81],16842,A,52.1333,-106.6833
2021-12,Saskatchewan,Other services (except public administration) [81],17220,A,52.1333,-106.6833
2022-01,Saskatchewan,Other services (except public administration) [81],16621,B,52.1333,-106.6833
2022-02,Saskatchewan,Other services (except public administration) [81],16429,A,52.1333,-106.6833
2022-03,Saskatchewan,Other services (except public administration) [81],16620,B,52.1333,-106.6833
2022-04,Saskatchewan,Other services (except public administration) [81],16955,B,52.1333,-106.6833
2022-05,Saskatchewan,Other services (except public administration) [81],17061,B,52.1333,-106.6833
2022-06,Saskatchewan,Other services (except public administration) [81],17575,B,52.1333,-106.6833
2022-07,Saskatchewan,Other services (except public administration) [81],17243,B,52.1333,-106.6833
2022-08,Saskatchewan,Other services (except public administration) [81],17247,B,52.1333,-106.6833
2022-09,Saskatchewan,Other services (except public administration) [81],17574,B,52.1333,-106.6833
2022-10,Saskatchewan,Other services (except public administration) [81],17202,A,52.1333,-106.6833
2022-11,Saskatchewan,Other services (except public administration) [81],17594,B,52.1333,-106.6833
2022-12,Saskatchewan,Other services (except public administration) [81],17917,B,52.1333,-106.6833
2023-01,Saskatchewan,Other services (except public administration) [81],17510,B,52.1333,-106.6833
2023-02,Saskatchewan,Other services (except public administration) [81],17320,B,52.1333,-106.6833
2023-03,Saskatchewan,Other services (except public administration) [81],17655,B,52.1333,-106.6833
2023-04,Saskatchewan,Other services (except public administration) [81],17942,A,52.1333,-106.6833
2023-05,Saskatchewan,Other services (except public administration) [81],18084,B,52.1333,-106.6833
2023-06,Saskatchewan,Other services (except public administration) [81],18396,B,52.1333,-106.6833
2023-07,Saskatchewan,Other services (except public administration) [81],18238,B,52.1333,-106.6833
2023-08,Saskatchewan,Other services (except public administration) [81],18011,B,52.1333,-106.6833
2023-09,Saskatchewan,Other services (except public administration) [81],18382,B,52.1333,-106.6833
2023-10,Saskatchewan,Other services (except public administration) [81],18330,B,52.1333,-106.6833
2023-11,Saskatchewan,Other services (except public administration) [81],18397,A,52.1333,-106.6833
2023-12,Saskatchewan,Other services (except public administration) [81],18542,B,52.1333,-106.6833
2024-01,Saskatchewan,Other services (except public administration) [81],18083,B,52.1333,-106.6833
2024-02,Saskatchewan,Other services (except public administration) [81],18256,B,52.1333,-106.6833
2018-01,Saskatchewan,Public administration [91],46522,A,52.1333,-106.6833
2018-02,Saskatchewan,Public administration [91],46979,A,52.1333,-106.6833
2018-03,Saskatchewan,Public administration [91],46078,A,52.1333,-106.6833
2018-04,Saskatchewan,Public administration [91],47248,A,52.1333,-106.6833
2018-05,Saskatchewan,Public administration [91],49658,A,52.1333,-106.6833
2018-06,Saskatchewan,Public administration [91],52494,A,52.1333,-106.6833
2018-07,Saskatchewan,Public administration [91],52605,A,52.1333,-106.6833
2018-08,Saskatchewan,Public administration [91],51991,A,52.1333,-106.6833
2018-09,Saskatchewan,Public administration [91],50891,A,52.1333,-106.6833
2018-10,Saskatchewan,Public administration [91],49448,A,52.1333,-106.6833
2018-11,Saskatchewan,Public administration [91],48749,A,52.1333,-106.6833
2018-12,Saskatchewan,Public administration [91],47359,A,52.1333,-106.6833
2019-01,Saskatchewan,Public administration [91],46408,A,52.1333,-106.6833
2019-02,Saskatchewan,Public administration [91],46504,A,52.1333,-106.6833
2019-03,Saskatchewan,Public administration [91],46997,A,52.1333,-106.6833
2019-04,Saskatchewan,Public administration [91],47622,A,52.1333,-106.6833
2019-05,Saskatchewan,Public administration [91],50769,A,52.1333,-106.6833
2019-06,Saskatchewan,Public administration [91],52476,A,52.1333,-106.6833
2019-07,Saskatchewan,Public administration [91],52547,A,52.1333,-106.6833
2019-08,Saskatchewan,Public administration [91],52350,A,52.1333,-106.6833
2019-09,Saskatchewan,Public administration [91],51034,B,52.1333,-106.6833
2019-10,Saskatchewan,Public administration [91],49023,A,52.1333,-106.6833
2019-11,Saskatchewan,Public administration [91],49483,C,52.1333,-106.6833
2019-12,Saskatchewan,Public administration [91],48226,A,52.1333,-106.6833
2020-01,Saskatchewan,Public administration [91],47372,A,52.1333,-106.6833
2020-02,Saskatchewan,Public administration [91],47675,B,52.1333,-106.6833
2020-03,Saskatchewan,Public administration [91],49505,B,52.1333,-106.6833
2020-04,Saskatchewan,Public administration [91],48542,B,52.1333,-106.6833
2020-05,Saskatchewan,Public administration [91],48642,B,52.1333,-106.6833
2020-06,Saskatchewan,Public administration [91],49001,B,52.1333,-106.6833
2020-07,Saskatchewan,Public administration [91],48834,A,52.1333,-106.6833
2020-08,Saskatchewan,Public administration [91],50813,A,52.1333,-106.6833
2020-09,Saskatchewan,Public administration [91],50538,B,52.1333,-106.6833
2020-10,Saskatchewan,Public administration [91],49153,B,52.1333,-106.6833
2020-11,Saskatchewan,Public administration [91],48942,B,52.1333,-106.6833
2020-12,Saskatchewan,Public administration [91],48311,B,52.1333,-106.6833
2021-01,Saskatchewan,Public administration [91],45748,B,52.1333,-106.6833
2021-02,Saskatchewan,Public administration [91],46228,B,52.1333,-106.6833
2021-03,Saskatchewan,Public administration [91],46148,B,52.1333,-106.6833
2021-04,Saskatchewan,Public administration [91],48803,B,52.1333,-106.6833
2021-05,Saskatchewan,Public administration [91],50872,B,52.1333,-106.6833
2021-06,Saskatchewan,Public administration [91],52295,B,52.1333,-106.6833
2021-07,Saskatchewan,Public administration [91],51464,B,52.1333,-106.6833
2021-08,Saskatchewan,Public administration [91],50977,B,52.1333,-106.6833
2021-09,Saskatchewan,Public administration [91],51037,B,52.1333,-106.6833
2021-10,Saskatchewan,Public administration [91],50764,B,52.1333,-106.6833
2021-11,Saskatchewan,Public administration [91],49330,B,52.1333,-106.6833
2021-12,Saskatchewan,Public administration [91],50091,B,52.1333,-106.6833
2022-01,Saskatchewan,Public administration [91],49667,B,52.1333,-106.6833
2022-02,Saskatchewan,Public administration [91],48983,C,52.1333,-106.6833
2022-03,Saskatchewan,Public administration [91],49401,B,52.1333,-106.6833
2022-04,Saskatchewan,Public administration [91],48563,B,52.1333,-106.6833
2022-05,Saskatchewan,Public administration [91],51515,B,52.1333,-106.6833
2022-06,Saskatchewan,Public administration [91],53140,C,52.1333,-106.6833
2022-07,Saskatchewan,Public administration [91],53256,C,52.1333,-106.6833
2022-08,Saskatchewan,Public administration [91],52295,B,52.1333,-106.6833
2022-09,Saskatchewan,Public administration [91],52392,B,52.1333,-106.6833
2022-10,Saskatchewan,Public administration [91],50901,B,52.1333,-106.6833
2022-11,Saskatchewan,Public administration [91],50128,B,52.1333,-106.6833
2022-12,Saskatchewan,Public administration [91],51416,B,52.1333,-106.6833
2023-01,Saskatchewan,Public administration [91],51862,B,52.1333,-106.6833
2023-02,Saskatchewan,Public administration [91],50907,B,52.1333,-106.6833
2023-03,Saskatchewan,Public administration [91],51399,B,52.1333,-106.6833
2023-04,Saskatchewan,Public administration [91],48363,B,52.1333,-106.6833
2023-05,Saskatchewan,Public administration [91],52608,B,52.1333,-106.6833
2023-06,Saskatchewan,Public administration [91],53883,B,52.1333,-106.6833
2023-07,Saskatchewan,Public administration [91],54301,B,52.1333,-106.6833
2023-08,Saskatchewan,Public administration [91],54970,B,52.1333,-106.6833
2023-09,Saskatchewan,Public administration [91],53724,B,52.1333,-106.6833
2023-10,Saskatchewan,Public administration [91],52038,A,52.1333,-106.6833
2023-11,Saskatchewan,Public administration [91],50930,C,52.1333,-106.6833
2023-12,Saskatchewan,Public administration [91],51948,B,52.1333,-106.6833
2024-01,Saskatchewan,Public administration [91],49864,B,52.1333,-106.6833
2024-02,Saskatchewan,Public administration [91],49950,B,52.1333,-106.6833
2018-01,Saskatchewan,Unclassified businesses [00],7304,A,52.1333,-106.6833
2018-02,Saskatchewan,Unclassified businesses [00],7281,A,52.1333,-106.6833
2018-03,Saskatchewan,Unclassified businesses [00],7584,A,52.1333,-106.6833
2018-04,Saskatchewan,Unclassified businesses [00],7822,A,52.1333,-106.6833
2018-05,Saskatchewan,Unclassified businesses [00],8067,A,52.1333,-106.6833
2018-06,Saskatchewan,Unclassified businesses [00],8272,A,52.1333,-106.6833
2018-07,Saskatchewan,Unclassified businesses [00],7988,A,52.1333,-106.6833
2018-08,Saskatchewan,Unclassified businesses [00],8316,A,52.1333,-106.6833
2018-09,Saskatchewan,Unclassified businesses [00],8334,A,52.1333,-106.6833
2018-10,Saskatchewan,Unclassified businesses [00],8269,A,52.1333,-106.6833
2018-11,Saskatchewan,Unclassified businesses [00],5411,A,52.1333,-106.6833
2018-12,Saskatchewan,Unclassified businesses [00],5668,A,52.1333,-106.6833
2019-01,Saskatchewan,Unclassified businesses [00],6343,A,52.1333,-106.6833
2019-02,Saskatchewan,Unclassified businesses [00],6359,A,52.1333,-106.6833
2019-03,Saskatchewan,Unclassified businesses [00],6675,A,52.1333,-106.6833
2019-04,Saskatchewan,Unclassified businesses [00],6512,A,52.1333,-106.6833
2019-05,Saskatchewan,Unclassified businesses [00],6919,A,52.1333,-106.6833
2019-06,Saskatchewan,Unclassified businesses [00],6838,A,52.1333,-106.6833
2019-07,Saskatchewan,Unclassified businesses [00],6632,A,52.1333,-106.6833
2019-08,Saskatchewan,Unclassified businesses [00],6289,A,52.1333,-106.6833
2019-09,Saskatchewan,Unclassified businesses [00],5864,B,52.1333,-106.6833
2019-10,Saskatchewan,Unclassified businesses [00],5966,A,52.1333,-106.6833
2019-11,Saskatchewan,Unclassified businesses [00],5454,B,52.1333,-106.6833
2019-12,Saskatchewan,Unclassified businesses [00],5469,A,52.1333,-106.6833
2020-01,Saskatchewan,Unclassified businesses [00],5517,A,52.1333,-106.6833
2020-02,Saskatchewan,Unclassified businesses [00],5179,B,52.1333,-106.6833
2020-03,Saskatchewan,Unclassified businesses [00],4728,B,52.1333,-106.6833
2020-04,Saskatchewan,Unclassified businesses [00],3531,B,52.1333,-106.6833
2020-05,Saskatchewan,Unclassified businesses [00],3711,B,52.1333,-106.6833
2020-06,Saskatchewan,Unclassified businesses [00],4084,B,52.1333,-106.6833
2020-07,Saskatchewan,Unclassified businesses [00],4604,B,52.1333,-106.6833
2020-08,Saskatchewan,Unclassified businesses [00],4630,B,52.1333,-106.6833
2020-09,Saskatchewan,Unclassified businesses [00],4806,B,52.1333,-106.6833
2020-10,Saskatchewan,Unclassified businesses [00],4808,B,52.1333,-106.6833
2020-11,Saskatchewan,Unclassified businesses [00],4535,B,52.1333,-106.6833
2020-12,Saskatchewan,Unclassified businesses [00],4806,A,52.1333,-106.6833
2021-01,Saskatchewan,Unclassified businesses [00],4725,A,52.1333,-106.6833
2021-02,Saskatchewan,Unclassified businesses [00],4642,B,52.1333,-106.6833
2021-03,Saskatchewan,Unclassified businesses [00],4668,A,52.1333,-106.6833
2021-04,Saskatchewan,Unclassified businesses [00],4525,A,52.1333,-106.6833
2021-05,Saskatchewan,Unclassified businesses [00],4764,B,52.1333,-106.6833
2021-06,Saskatchewan,Unclassified businesses [00],5125,B,52.1333,-106.6833
2021-07,Saskatchewan,Unclassified businesses [00],5564,B,52.1333,-106.6833
2021-08,Saskatchewan,Unclassified businesses [00],5496,B,52.1333,-106.6833
2021-09,Saskatchewan,Unclassified businesses [00],5026,A,52.1333,-106.6833
2021-10,Saskatchewan,Unclassified businesses [00],5129,A,52.1333,-106.6833
2021-11,Saskatchewan,Unclassified businesses [00],5165,B,52.1333,-106.6833
2021-12,Saskatchewan,Unclassified businesses [00],5258,B,52.1333,-106.6833
2022-01,Saskatchewan,Unclassified businesses [00],5350,B,52.1333,-106.6833
2022-02,Saskatchewan,Unclassified businesses [00],5331,B,52.1333,-106.6833
2022-03,Saskatchewan,Unclassified businesses [00],4995,B,52.1333,-106.6833
2022-04,Saskatchewan,Unclassified businesses [00],5190,B,52.1333,-106.6833
2022-05,Saskatchewan,Unclassified businesses [00],5319,B,52.1333,-106.6833
2022-06,Saskatchewan,Unclassified businesses [00],5669,B,52.1333,-106.6833
2022-07,Saskatchewan,Unclassified businesses [00],5681,B,52.1333,-106.6833
2022-08,Saskatchewan,Unclassified businesses [00],5687,B,52.1333,-106.6833
2022-09,Saskatchewan,Unclassified businesses [00],5970,B,52.1333,-106.6833
2022-10,Saskatchewan,Unclassified businesses [00],5758,B,52.1333,-106.6833
2022-11,Saskatchewan,Unclassified businesses [00],5947,B,52.1333,-106.6833
2022-12,Saskatchewan,Unclassified businesses [00],5880,B,52.1333,-106.6833
2023-01,Saskatchewan,Unclassified businesses [00],5345,B,52.1333,-106.6833
2023-02,Saskatchewan,Unclassified businesses [00],5109,B,52.1333,-106.6833
2023-03,Saskatchewan,Unclassified businesses [00],5580,B,52.1333,-106.6833
2023-04,Saskatchewan,Unclassified businesses [00],5509,B,52.1333,-106.6833
2023-05,Saskatchewan,Unclassified businesses [00],5409,B,52.1333,-106.6833
2023-06,Saskatchewan,Unclassified businesses [00],5874,B,52.1333,-106.6833
2023-07,Saskatchewan,Unclassified businesses [00],6192,B,52.1333,-106.6833
2023-08,Saskatchewan,Unclassified businesses [00],6303,B,52.1333,-106.6833
2023-09,Saskatchewan,Unclassified businesses [00],6354,B,52.1333,-106.6833
2023-10,Saskatchewan,Unclassified businesses [00],6169,B,52.1333,-106.6833
2023-11,Saskatchewan,Unclassified businesses [00],6634,B,52.1333,-106.6833
2023-12,Saskatchewan,Unclassified businesses [00],6485,B,52.1333,-106.6833
2024-01,Saskatchewan,Unclassified businesses [00],5761,B,52.1333,-106.6833
2024-02,Saskatchewan,Unclassified businesses [00],6126,B,52.1333,-106.6833
2018-01,Alberta,Goods producing industries [11-33N],415144,A,51.05,-114.0667
2018-02,Alberta,Goods producing industries [11-33N],421753,A,51.05,-114.0667
2018-03,Alberta,Goods producing industries [11-33N],418758,A,51.05,-114.0667
2018-04,Alberta,Goods producing industries [11-33N],418309,A,51.05,-114.0667
2018-05,Alberta,Goods producing industries [11-33N],426751,A,51.05,-114.0667
2018-06,Alberta,Goods producing industries [11-33N],434377,A,51.05,-114.0667
2018-07,Alberta,Goods producing industries [11-33N],434099,A,51.05,-114.0667
2018-08,Alberta,Goods producing industries [11-33N],438497,A,51.05,-114.0667
2018-09,Alberta,Goods producing industries [11-33N],437208,A,51.05,-114.0667
2018-10,Alberta,Goods producing industries [11-33N],434227,A,51.05,-114.0667
2018-11,Alberta,Goods producing industries [11-33N],431341,A,51.05,-114.0667
2018-12,Alberta,Goods producing industries [11-33N],423575,A,51.05,-114.0667
2019-01,Alberta,Goods producing industries [11-33N],405552,A,51.05,-114.0667
2019-02,Alberta,Goods producing industries [11-33N],409149,A,51.05,-114.0667
2019-03,Alberta,Goods producing industries [11-33N],407705,A,51.05,-114.0667
2019-04,Alberta,Goods producing industries [11-33N],401747,A,51.05,-114.0667
2019-05,Alberta,Goods producing industries [11-33N],411574,A,51.05,-114.0667
2019-06,Alberta,Goods producing industries [11-33N],420487,A,51.05,-114.0667
2019-07,Alberta,Goods producing industries [11-33N],425733,A,51.05,-114.0667
2019-08,Alberta,Goods producing industries [11-33N],428817,A,51.05,-114.0667
2019-09,Alberta,Goods producing industries [11-33N],428078,B,51.05,-114.0667
2019-10,Alberta,Goods producing industries [11-33N],427264,A,51.05,-114.0667
2019-11,Alberta,Goods producing industries [11-33N],420390,B,51.05,-114.0667
2019-12,Alberta,Goods producing industries [11-33N],413332,A,51.05,-114.0667
2020-01,Alberta,Goods producing industries [11-33N],398006,A,51.05,-114.0667
2020-02,Alberta,Goods producing industries [11-33N],398753,B,51.05,-114.0667
2020-03,Alberta,Goods producing industries [11-33N],381418,B,51.05,-114.0667
2020-04,Alberta,Goods producing industries [11-33N],345679,B,51.05,-114.0667
2020-05,Alberta,Goods producing industries [11-33N],338709,B,51.05,-114.0667
2020-06,Alberta,Goods producing industries [11-33N],355110,B,51.05,-114.0667
2020-07,Alberta,Goods producing industries [11-33N],367601,B,51.05,-114.0667
2020-08,Alberta,Goods producing industries [11-33N],373664,B,51.05,-114.0667
2020-09,Alberta,Goods producing industries [11-33N],380703,A,51.05,-114.0667
2020-10,Alberta,Goods producing industries [11-33N],382414,B,51.05,-114.0667
2020-11,Alberta,Goods producing industries [11-33N],374931,A,51.05,-114.0667
2020-12,Alberta,Goods producing industries [11-33N],372522,A,51.05,-114.0667
2021-01,Alberta,Goods producing industries [11-33N],357928,B,51.05,-114.0667
2021-02,Alberta,Goods producing industries [11-33N],365166,B,51.05,-114.0667
2021-03,Alberta,Goods producing industries [11-33N],369439,B,51.05,-114.0667
2021-04,Alberta,Goods producing industries [11-33N],374947,B,51.05,-114.0667
2021-05,Alberta,Goods producing industries [11-33N],382489,B,51.05,-114.0667
2021-06,Alberta,Goods producing industries [11-33N],389853,B,51.05,-114.0667
2021-07,Alberta,Goods producing industries [11-33N],398964,B,51.05,-114.0667
2021-08,Alberta,Goods producing industries [11-33N],402934,A,51.05,-114.0667
2021-09,Alberta,Goods producing industries [11-33N],405678,B,51.05,-114.0667
2021-10,Alberta,Goods producing industries [11-33N],406511,A,51.05,-114.0667
2021-11,Alberta,Goods producing industries [11-33N],407281,A,51.05,-114.0667
2021-12,Alberta,Goods producing industries [11-33N],407477,B,51.05,-114.0667
2022-01,Alberta,Goods producing industries [11-33N],392943,B,51.05,-114.0667
2022-02,Alberta,Goods producing industries [11-33N],399268,A,51.05,-114.0667
2022-03,Alberta,Goods producing industries [11-33N],401168,B,51.05,-114.0667
2022-04,Alberta,Goods producing industries [11-33N],407303,B,51.05,-114.0667
2022-05,Alberta,Goods producing industries [11-33N],415022,A,51.05,-114.0667
2022-06,Alberta,Goods producing industries [11-33N],426583,B,51.05,-114.0667
2022-07,Alberta,Goods producing industries [11-33N],430021,B,51.05,-114.0667
2022-08,Alberta,Goods producing industries [11-33N],430590,B,51.05,-114.0667
2022-09,Alberta,Goods producing industries [11-33N],431553,B,51.05,-114.0667
2022-10,Alberta,Goods producing industries [11-33N],428848,B,51.05,-114.0667
2022-11,Alberta,Goods producing industries [11-33N],424972,B,51.05,-114.0667
2022-12,Alberta,Goods producing industries [11-33N],423956,B,51.05,-114.0667
2023-01,Alberta,Goods producing industries [11-33N],407038,B,51.05,-114.0667
2023-02,Alberta,Goods producing industries [11-33N],415869,B,51.05,-114.0667
2023-03,Alberta,Goods producing industries [11-33N],414386,B,51.05,-114.0667
2023-04,Alberta,Goods producing industries [11-33N],420631,B,51.05,-114.0667
2023-05,Alberta,Goods producing industries [11-33N],432912,B,51.05,-114.0667
2023-06,Alberta,Goods producing industries [11-33N],440950,B,51.05,-114.0667
2023-07,Alberta,Goods producing industries [11-33N],444694,B,51.05,-114.0667
2023-08,Alberta,Goods producing industries [11-33N],444904,B,51.05,-114.0667
2023-09,Alberta,Goods producing industries [11-33N],446982,B,51.05,-114.0667
2023-10,Alberta,Goods producing industries [11-33N],442050,A,51.05,-114.0667
2023-11,Alberta,Goods producing industries [11-33N],435590,B,51.05,-114.0667
2023-12,Alberta,Goods producing industries [11-33N],434317,B,51.05,-114.0667
2024-01,Alberta,Goods producing industries [11-33N],417449,A,51.05,-114.0667
2024-02,Alberta,Goods producing industries [11-33N],422048,B,51.05,-114.0667
2018-01,Alberta,"Forestry, logging and support [11N]",3612,A,51.05,-114.0667
2018-02,Alberta,"Forestry, logging and support [11N]",3876,A,51.05,-114.0667
2018-03,Alberta,"Forestry, logging and support [11N]",3863,A,51.05,-114.0667
2018-04,Alberta,"Forestry, logging and support [11N]",3249,A,51.05,-114.0667
2018-05,Alberta,"Forestry, logging and support [11N]",3112,A,51.05,-114.0667
2018-06,Alberta,"Forestry, logging and support [11N]",3260,A,51.05,-114.0667
2018-07,Alberta,"Forestry, logging and support [11N]",3404,A,51.05,-114.0667
2018-08,Alberta,"Forestry, logging and support [11N]",3738,A,51.05,-114.0667
2018-09,Alberta,"Forestry, logging and support [11N]",3527,A,51.05,-114.0667
2018-10,Alberta,"Forestry, logging and support [11N]",3501,A,51.05,-114.0667
2018-11,Alberta,"Forestry, logging and support [11N]",3914,A,51.05,-114.0667
2018-12,Alberta,"Forestry, logging and support [11N]",4320,A,51.05,-114.0667
2019-01,Alberta,"Forestry, logging and support [11N]",4308,A,51.05,-114.0667
2019-02,Alberta,"Forestry, logging and support [11N]",4438,A,51.05,-114.0667
2019-03,Alberta,"Forestry, logging and support [11N]",4403,A,51.05,-114.0667
2019-04,Alberta,"Forestry, logging and support [11N]",3454,A,51.05,-114.0667
2019-05,Alberta,"Forestry, logging and support [11N]",3223,A,51.05,-114.0667
2019-06,Alberta,"Forestry, logging and support [11N]",3599,A,51.05,-114.0667
2019-07,Alberta,"Forestry, logging and support [11N]",3649,A,51.05,-114.0667
2019-08,Alberta,"Forestry, logging and support [11N]",3842,A,51.05,-114.0667
2019-09,Alberta,"Forestry, logging and support [11N]",3588,B,51.05,-114.0667
2019-10,Alberta,"Forestry, logging and support [11N]",3579,B,51.05,-114.0667
2019-11,Alberta,"Forestry, logging and support [11N]",3956,B,51.05,-114.0667
2019-12,Alberta,"Forestry, logging and support [11N]",4297,B,51.05,-114.0667
2020-01,Alberta,"Forestry, logging and support [11N]",4294,B,51.05,-114.0667
2020-02,Alberta,"Forestry, logging and support [11N]",4260,B,51.05,-114.0667
2020-03,Alberta,"Forestry, logging and support [11N]",4164,B,51.05,-114.0667
2020-04,Alberta,"Forestry, logging and support [11N]",3227,B,51.05,-114.0667
2020-05,Alberta,"Forestry, logging and support [11N]",2596,B,51.05,-114.0667
2020-06,Alberta,"Forestry, logging and support [11N]",3019,A,51.05,-114.0667
2020-07,Alberta,"Forestry, logging and support [11N]",3412,B,51.05,-114.0667
2020-08,Alberta,"Forestry, logging and support [11N]",3492,A,51.05,-114.0667
2020-09,Alberta,"Forestry, logging and support [11N]",3173,B,51.05,-114.0667
2020-10,Alberta,"Forestry, logging and support [11N]",3414,B,51.05,-114.0667
2020-11,Alberta,"Forestry, logging and support [11N]",3534,B,51.05,-114.0667
2020-12,Alberta,"Forestry, logging and support [11N]",4047,B,51.05,-114.0667
2021-01,Alberta,"Forestry, logging and support [11N]",3927,B,51.05,-114.0667
2021-02,Alberta,"Forestry, logging and support [11N]",4191,A,51.05,-114.0667
2021-03,Alberta,"Forestry, logging and support [11N]",4159,B,51.05,-114.0667
2021-04,Alberta,"Forestry, logging and support [11N]",3406,B,51.05,-114.0667
2021-05,Alberta,"Forestry, logging and support [11N]",3110,C,51.05,-114.0667
2021-06,Alberta,"Forestry, logging and support [11N]",3007,B,51.05,-114.0667
2021-07,Alberta,"Forestry, logging and support [11N]",3322,A,51.05,-114.0667
2021-08,Alberta,"Forestry, logging and support [11N]",3424,B,51.05,-114.0667
2021-09,Alberta,"Forestry, logging and support [11N]",3541,B,51.05,-114.0667
2021-10,Alberta,"Forestry, logging and support [11N]",3570,B,51.05,-114.0667
2021-11,Alberta,"Forestry, logging and support [11N]",3692,B,51.05,-114.0667
2021-12,Alberta,"Forestry, logging and support [11N]",4034,A,51.05,-114.0667
2022-01,Alberta,"Forestry, logging and support [11N]",4063,A,51.05,-114.0667
2022-02,Alberta,"Forestry, logging and support [11N]",4019,A,51.05,-114.0667
2022-03,Alberta,"Forestry, logging and support [11N]",4063,B,51.05,-114.0667
2022-04,Alberta,"Forestry, logging and support [11N]",3741,A,51.05,-114.0667
2022-05,Alberta,"Forestry, logging and support [11N]",3342,B,51.05,-114.0667
2022-06,Alberta,"Forestry, logging and support [11N]",3594,C,51.05,-114.0667
2022-07,Alberta,"Forestry, logging and support [11N]",3799,B,51.05,-114.0667
2022-08,Alberta,"Forestry, logging and support [11N]",3849,B,51.05,-114.0667
2022-09,Alberta,"Forestry, logging and support [11N]",3869,B,51.05,-114.0667
2022-10,Alberta,"Forestry, logging and support [11N]",3786,B,51.05,-114.0667
2022-11,Alberta,"Forestry, logging and support [11N]",3995,B,51.05,-114.0667
2022-12,Alberta,"Forestry, logging and support [11N]",4146,B,51.05,-114.0667
2023-01,Alberta,"Forestry, logging and support [11N]",4056,B,51.05,-114.0667
2023-02,Alberta,"Forestry, logging and support [11N]",4189,B,51.05,-114.0667
2023-03,Alberta,"Forestry, logging and support [11N]",4097,B,51.05,-114.0667
2023-04,Alberta,"Forestry, logging and support [11N]",3427,B,51.05,-114.0667
2023-05,Alberta,"Forestry, logging and support [11N]",3231,C,51.05,-114.0667
2023-06,Alberta,"Forestry, logging and support [11N]",3711,D,51.05,-114.0667
2023-07,Alberta,"Forestry, logging and support [11N]",3813,C,51.05,-114.0667
2023-08,Alberta,"Forestry, logging and support [11N]",3859,B,51.05,-114.0667
2023-09,Alberta,"Forestry, logging and support [11N]",3828,C,51.05,-114.0667
2023-10,Alberta,"Forestry, logging and support [11N]",3670,C,51.05,-114.0667
2023-11,Alberta,"Forestry, logging and support [11N]",3883,B,51.05,-114.0667
2023-12,Alberta,"Forestry, logging and support [11N]",4054,C,51.05,-114.0667
2024-01,Alberta,"Forestry, logging and support [11N]",3906,B,51.05,-114.0667
2024-02,Alberta,"Forestry, logging and support [11N]",4061,A,51.05,-114.0667
2018-01,Alberta,"Mining, quarrying, and oil and gas extraction [21]",106634,A,51.05,-114.0667
2018-02,Alberta,"Mining, quarrying, and oil and gas extraction [21]",106333,A,51.05,-114.0667
2018-03,Alberta,"Mining, quarrying, and oil and gas extraction [21]",104807,A,51.05,-114.0667
2018-04,Alberta,"Mining, quarrying, and oil and gas extraction [21]",103334,A,51.05,-114.0667
2018-05,Alberta,"Mining, quarrying, and oil and gas extraction [21]",103314,A,51.05,-114.0667
2018-06,Alberta,"Mining, quarrying, and oil and gas extraction [21]",104078,A,51.05,-114.0667
2018-07,Alberta,"Mining, quarrying, and oil and gas extraction [21]",104145,A,51.05,-114.0667
2018-08,Alberta,"Mining, quarrying, and oil and gas extraction [21]",104357,A,51.05,-114.0667
2018-09,Alberta,"Mining, quarrying, and oil and gas extraction [21]",104859,A,51.05,-114.0667
2018-10,Alberta,"Mining, quarrying, and oil and gas extraction [21]",104674,A,51.05,-114.0667
2018-11,Alberta,"Mining, quarrying, and oil and gas extraction [21]",103895,A,51.05,-114.0667
2018-12,Alberta,"Mining, quarrying, and oil and gas extraction [21]",103062,A,51.05,-114.0667
2019-01,Alberta,"Mining, quarrying, and oil and gas extraction [21]",100366,A,51.05,-114.0667
2019-02,Alberta,"Mining, quarrying, and oil and gas extraction [21]",99958,A,51.05,-114.0667
2019-03,Alberta,"Mining, quarrying, and oil and gas extraction [21]",99699,A,51.05,-114.0667
2019-04,Alberta,"Mining, quarrying, and oil and gas extraction [21]",97756,A,51.05,-114.0667
2019-05,Alberta,"Mining, quarrying, and oil and gas extraction [21]",98119,A,51.05,-114.0667
2019-06,Alberta,"Mining, quarrying, and oil and gas extraction [21]",100049,A,51.05,-114.0667
2019-07,Alberta,"Mining, quarrying, and oil and gas extraction [21]",101827,A,51.05,-114.0667
2019-08,Alberta,"Mining, quarrying, and oil and gas extraction [21]",101764,A,51.05,-114.0667
2019-09,Alberta,"Mining, quarrying, and oil and gas extraction [21]",102357,B,51.05,-114.0667
2019-10,Alberta,"Mining, quarrying, and oil and gas extraction [21]",101624,A,51.05,-114.0667
2019-11,Alberta,"Mining, quarrying, and oil and gas extraction [21]",100008,B,51.05,-114.0667
2019-12,Alberta,"Mining, quarrying, and oil and gas extraction [21]",100203,B,51.05,-114.0667
2020-01,Alberta,"Mining, quarrying, and oil and gas extraction [21]",99397,A,51.05,-114.0667
2020-02,Alberta,"Mining, quarrying, and oil and gas extraction [21]",99141,A,51.05,-114.0667
2020-03,Alberta,"Mining, quarrying, and oil and gas extraction [21]",96425,B,51.05,-114.0667
2020-04,Alberta,"Mining, quarrying, and oil and gas extraction [21]",89625,B,51.05,-114.0667
2020-05,Alberta,"Mining, quarrying, and oil and gas extraction [21]",83231,B,51.05,-114.0667
2020-06,Alberta,"Mining, quarrying, and oil and gas extraction [21]",83516,B,51.05,-114.0667
2020-07,Alberta,"Mining, quarrying, and oil and gas extraction [21]",85204,A,51.05,-114.0667
2020-08,Alberta,"Mining, quarrying, and oil and gas extraction [21]",85129,A,51.05,-114.0667
2020-09,Alberta,"Mining, quarrying, and oil and gas extraction [21]",86304,B,51.05,-114.0667
2020-10,Alberta,"Mining, quarrying, and oil and gas extraction [21]",85821,B,51.05,-114.0667
2020-11,Alberta,"Mining, quarrying, and oil and gas extraction [21]",85120,A,51.05,-114.0667
2020-12,Alberta,"Mining, quarrying, and oil and gas extraction [21]",86564,A,51.05,-114.0667
2021-01,Alberta,"Mining, quarrying, and oil and gas extraction [21]",86611,B,51.05,-114.0667
2021-02,Alberta,"Mining, quarrying, and oil and gas extraction [21]",87121,B,51.05,-114.0667
2021-03,Alberta,"Mining, quarrying, and oil and gas extraction [21]",87233,B,51.05,-114.0667
2021-04,Alberta,"Mining, quarrying, and oil and gas extraction [21]",87065,B,51.05,-114.0667
2021-05,Alberta,"Mining, quarrying, and oil and gas extraction [21]",86289,B,51.05,-114.0667
2021-06,Alberta,"Mining, quarrying, and oil and gas extraction [21]",86910,B,51.05,-114.0667
2021-07,Alberta,"Mining, quarrying, and oil and gas extraction [21]",86215,A,51.05,-114.0667
2021-08,Alberta,"Mining, quarrying, and oil and gas extraction [21]",87247,A,51.05,-114.0667
2021-09,Alberta,"Mining, quarrying, and oil and gas extraction [21]",88512,A,51.05,-114.0667
2021-10,Alberta,"Mining, quarrying, and oil and gas extraction [21]",90623,A,51.05,-114.0667
2021-11,Alberta,"Mining, quarrying, and oil and gas extraction [21]",93821,A,51.05,-114.0667
2021-12,Alberta,"Mining, quarrying, and oil and gas extraction [21]",94689,A,51.05,-114.0667
2022-01,Alberta,"Mining, quarrying, and oil and gas extraction [21]",95178,B,51.05,-114.0667
2022-02,Alberta,"Mining, quarrying, and oil and gas extraction [21]",95324,A,51.05,-114.0667
2022-03,Alberta,"Mining, quarrying, and oil and gas extraction [21]",95653,B,51.05,-114.0667
2022-04,Alberta,"Mining, quarrying, and oil and gas extraction [21]",95458,A,51.05,-114.0667
2022-05,Alberta,"Mining, quarrying, and oil and gas extraction [21]",97255,A,51.05,-114.0667
2022-06,Alberta,"Mining, quarrying, and oil and gas extraction [21]",98743,B,51.05,-114.0667
2022-07,Alberta,"Mining, quarrying, and oil and gas extraction [21]",98487,A,51.05,-114.0667
2022-08,Alberta,"Mining, quarrying, and oil and gas extraction [21]",98111,A,51.05,-114.0667
2022-09,Alberta,"Mining, quarrying, and oil and gas extraction [21]",98414,A,51.05,-114.0667
2022-10,Alberta,"Mining, quarrying, and oil and gas extraction [21]",98305,B,51.05,-114.0667
2022-11,Alberta,"Mining, quarrying, and oil and gas extraction [21]",98263,A,51.05,-114.0667
2022-12,Alberta,"Mining, quarrying, and oil and gas extraction [21]",99629,A,51.05,-114.0667
2023-01,Alberta,"Mining, quarrying, and oil and gas extraction [21]",97556,B,51.05,-114.0667
2023-02,Alberta,"Mining, quarrying, and oil and gas extraction [21]",100037,B,51.05,-114.0667
2023-03,Alberta,"Mining, quarrying, and oil and gas extraction [21]",100079,B,51.05,-114.0667
2023-04,Alberta,"Mining, quarrying, and oil and gas extraction [21]",100956,A,51.05,-114.0667
2023-05,Alberta,"Mining, quarrying, and oil and gas extraction [21]",100879,B,51.05,-114.0667
2023-06,Alberta,"Mining, quarrying, and oil and gas extraction [21]",101379,A,51.05,-114.0667
2023-07,Alberta,"Mining, quarrying, and oil and gas extraction [21]",101535,B,51.05,-114.0667
2023-08,Alberta,"Mining, quarrying, and oil and gas extraction [21]",101263,A,51.05,-114.0667
2023-09,Alberta,"Mining, quarrying, and oil and gas extraction [21]",102619,B,51.05,-114.0667
2023-10,Alberta,"Mining, quarrying, and oil and gas extraction [21]",101034,B,51.05,-114.0667
2023-11,Alberta,"Mining, quarrying, and oil and gas extraction [21]",100490,B,51.05,-114.0667
2023-12,Alberta,"Mining, quarrying, and oil and gas extraction [21]",100373,A,51.05,-114.0667
2024-01,Alberta,"Mining, quarrying, and oil and gas extraction [21]",98268,A,51.05,-114.0667
2024-02,Alberta,"Mining, quarrying, and oil and gas extraction [21]",98765,A,51.05,-114.0667
2018-01,Alberta,"Utilities [22,221]",14839,A,51.05,-114.0667
2018-02,Alberta,"Utilities [22,221]",14863,A,51.05,-114.0667
2018-03,Alberta,"Utilities [22,221]",14681,A,51.05,-114.0667
2018-04,Alberta,"Utilities [22,221]",14989,A,51.05,-114.0667
2018-05,Alberta,"Utilities [22,221]",14946,A,51.05,-114.0667
2018-06,Alberta,"Utilities [22,221]",15167,A,51.05,-114.0667
2018-07,Alberta,"Utilities [22,221]",15354,A,51.05,-114.0667
2018-08,Alberta,"Utilities [22,221]",14945,A,51.05,-114.0667
2018-09,Alberta,"Utilities [22,221]",14520,A,51.05,-114.0667
2018-10,Alberta,"Utilities [22,221]",14175,A,51.05,-114.0667
2018-11,Alberta,"Utilities [22,221]",14160,A,51.05,-114.0667
2018-12,Alberta,"Utilities [22,221]",14088,A,51.05,-114.0667
2019-01,Alberta,"Utilities [22,221]",13635,A,51.05,-114.0667
2019-02,Alberta,"Utilities [22,221]",13721,A,51.05,-114.0667
2019-03,Alberta,"Utilities [22,221]",13552,A,51.05,-114.0667
2019-04,Alberta,"Utilities [22,221]",13586,A,51.05,-114.0667
2019-05,Alberta,"Utilities [22,221]",13703,A,51.05,-114.0667
2019-06,Alberta,"Utilities [22,221]",13796,A,51.05,-114.0667
2019-07,Alberta,"Utilities [22,221]",13975,A,51.05,-114.0667
2019-08,Alberta,"Utilities [22,221]",13990,A,51.05,-114.0667
2019-09,Alberta,"Utilities [22,221]",12921,C,51.05,-114.0667
2019-10,Alberta,"Utilities [22,221]",14237,A,51.05,-114.0667
2019-11,Alberta,"Utilities [22,221]",14289,A,51.05,-114.0667
2019-12,Alberta,"Utilities [22,221]",14582,B,51.05,-114.0667
2020-01,Alberta,"Utilities [22,221]",14438,B,51.05,-114.0667
2020-02,Alberta,"Utilities [22,221]",14147,B,51.05,-114.0667
2020-03,Alberta,"Utilities [22,221]",13885,B,51.05,-114.0667
2020-04,Alberta,"Utilities [22,221]",13735,B,51.05,-114.0667
2020-05,Alberta,"Utilities [22,221]",13630,B,51.05,-114.0667
2020-06,Alberta,"Utilities [22,221]",14262,B,51.05,-114.0667
2020-07,Alberta,"Utilities [22,221]",14293,A,51.05,-114.0667
2020-08,Alberta,"Utilities [22,221]",14179,A,51.05,-114.0667
2020-09,Alberta,"Utilities [22,221]",14726,A,51.05,-114.0667
2020-10,Alberta,"Utilities [22,221]",14706,A,51.05,-114.0667
2020-11,Alberta,"Utilities [22,221]",14867,A,51.05,-114.0667
2020-12,Alberta,"Utilities [22,221]",14631,A,51.05,-114.0667
2021-01,Alberta,"Utilities [22,221]",14376,A,51.05,-114.0667
2021-02,Alberta,"Utilities [22,221]",14298,A,51.05,-114.0667
2021-03,Alberta,"Utilities [22,221]",14489,B,51.05,-114.0667
2021-04,Alberta,"Utilities [22,221]",14505,A,51.05,-114.0667
2021-05,Alberta,"Utilities [22,221]",14622,A,51.05,-114.0667
2021-06,Alberta,"Utilities [22,221]",14812,A,51.05,-114.0667
2021-07,Alberta,"Utilities [22,221]",15088,A,51.05,-114.0667
2021-08,Alberta,"Utilities [22,221]",15563,A,51.05,-114.0667
2021-09,Alberta,"Utilities [22,221]",15194,A,51.05,-114.0667
2021-10,Alberta,"Utilities [22,221]",15146,A,51.05,-114.0667
2021-11,Alberta,"Utilities [22,221]",15500,A,51.05,-114.0667
2021-12,Alberta,"Utilities [22,221]",15971,A,51.05,-114.0667
2022-01,Alberta,"Utilities [22,221]",15739,A,51.05,-114.0667
2022-02,Alberta,"Utilities [22,221]",15786,B,51.05,-114.0667
2022-03,Alberta,"Utilities [22,221]",16258,A,51.05,-114.0667
2022-04,Alberta,"Utilities [22,221]",16066,A,51.05,-114.0667
2022-05,Alberta,"Utilities [22,221]",16174,A,51.05,-114.0667
2022-06,Alberta,"Utilities [22,221]",16525,B,51.05,-114.0667
2022-07,Alberta,"Utilities [22,221]",16922,A,51.05,-114.0667
2022-08,Alberta,"Utilities [22,221]",17315,B,51.05,-114.0667
2022-09,Alberta,"Utilities [22,221]",17259,B,51.05,-114.0667
2022-10,Alberta,"Utilities [22,221]",16795,B,51.05,-114.0667
2022-11,Alberta,"Utilities [22,221]",16847,B,51.05,-114.0667
2022-12,Alberta,"Utilities [22,221]",16919,B,51.05,-114.0667
2023-01,Alberta,"Utilities [22,221]",17401,B,51.05,-114.0667
2023-02,Alberta,"Utilities [22,221]",17495,B,51.05,-114.0667
2023-03,Alberta,"Utilities [22,221]",17346,B,51.05,-114.0667
2023-04,Alberta,"Utilities [22,221]",17322,A,51.05,-114.0667
2023-05,Alberta,"Utilities [22,221]",17950,B,51.05,-114.0667
2023-06,Alberta,"Utilities [22,221]",17954,A,51.05,-114.0667
2023-07,Alberta,"Utilities [22,221]",18088,B,51.05,-114.0667
2023-08,Alberta,"Utilities [22,221]",17951,B,51.05,-114.0667
2023-09,Alberta,"Utilities [22,221]",17921,A,51.05,-114.0667
2023-10,Alberta,"Utilities [22,221]",17619,A,51.05,-114.0667
2023-11,Alberta,"Utilities [22,221]",17401,B,51.05,-114.0667
2023-12,Alberta,"Utilities [22,221]",17910,A,51.05,-114.0667
2024-01,Alberta,"Utilities [22,221]",17781,A,51.05,-114.0667
2024-02,Alberta,"Utilities [22,221]",17759,A,51.05,-114.0667
2018-01,Alberta,Construction [23],168083,A,51.05,-114.0667
2018-02,Alberta,Construction [23],173663,A,51.05,-114.0667
2018-03,Alberta,Construction [23],174122,A,51.05,-114.0667
2018-04,Alberta,Construction [23],173786,A,51.05,-114.0667
2018-05,Alberta,Construction [23],180645,A,51.05,-114.0667
2018-06,Alberta,Construction [23],185903,A,51.05,-114.0667
2018-07,Alberta,Construction [23],187690,A,51.05,-114.0667
2018-08,Alberta,Construction [23],190388,A,51.05,-114.0667
2018-09,Alberta,Construction [23],190195,A,51.05,-114.0667
2018-10,Alberta,Construction [23],187857,A,51.05,-114.0667
2018-11,Alberta,Construction [23],184173,A,51.05,-114.0667
2018-12,Alberta,Construction [23],176507,A,51.05,-114.0667
2019-01,Alberta,Construction [23],163058,A,51.05,-114.0667
2019-02,Alberta,Construction [23],165556,A,51.05,-114.0667
2019-03,Alberta,Construction [23],166014,A,51.05,-114.0667
2019-04,Alberta,Construction [23],163416,A,51.05,-114.0667
2019-05,Alberta,Construction [23],171560,A,51.05,-114.0667
2019-06,Alberta,Construction [23],177974,A,51.05,-114.0667
2019-07,Alberta,Construction [23],180344,A,51.05,-114.0667
2019-08,Alberta,Construction [23],183047,A,51.05,-114.0667
2019-09,Alberta,Construction [23],183919,A,51.05,-114.0667
2019-10,Alberta,Construction [23],182783,A,51.05,-114.0667
2019-11,Alberta,Construction [23],177551,A,51.05,-114.0667
2019-12,Alberta,Construction [23],171322,A,51.05,-114.0667
2020-01,Alberta,Construction [23],158355,A,51.05,-114.0667
2020-02,Alberta,Construction [23],159665,B,51.05,-114.0667
2020-03,Alberta,Construction [23],151375,B,51.05,-114.0667
2020-04,Alberta,Construction [23],130855,B,51.05,-114.0667
2020-05,Alberta,Construction [23],132728,B,51.05,-114.0667
2020-06,Alberta,Construction [23],145831,B,51.05,-114.0667
2020-07,Alberta,Construction [23],153748,B,51.05,-114.0667
2020-08,Alberta,Construction [23],159359,A,51.05,-114.0667
2020-09,Alberta,Construction [23],164098,A,51.05,-114.0667
2020-10,Alberta,Construction [23],165582,B,51.05,-114.0667
2020-11,Alberta,Construction [23],160702,B,51.05,-114.0667
2020-12,Alberta,Construction [23],155793,A,51.05,-114.0667
2021-01,Alberta,Construction [23],143662,A,51.05,-114.0667
2021-02,Alberta,Construction [23],148050,A,51.05,-114.0667
2021-03,Alberta,Construction [23],151107,A,51.05,-114.0667
2021-04,Alberta,Construction [23],155684,B,51.05,-114.0667
2021-05,Alberta,Construction [23],163341,B,51.05,-114.0667
2021-06,Alberta,Construction [23],167243,A,51.05,-114.0667
2021-07,Alberta,Construction [23],174928,B,51.05,-114.0667
2021-08,Alberta,Construction [23],177535,B,51.05,-114.0667
2021-09,Alberta,Construction [23],179187,B,51.05,-114.0667
2021-10,Alberta,Construction [23],179117,A,51.05,-114.0667
2021-11,Alberta,Construction [23],175577,B,51.05,-114.0667
2021-12,Alberta,Construction [23],173257,B,51.05,-114.0667
2022-01,Alberta,Construction [23],161008,B,51.05,-114.0667
2022-02,Alberta,Construction [23],166238,A,51.05,-114.0667
2022-03,Alberta,Construction [23],166325,B,51.05,-114.0667
2022-04,Alberta,Construction [23],170989,A,51.05,-114.0667
2022-05,Alberta,Construction [23],177171,A,51.05,-114.0667
2022-06,Alberta,Construction [23],184742,B,51.05,-114.0667
2022-07,Alberta,Construction [23],187323,B,51.05,-114.0667
2022-08,Alberta,Construction [23],188093,B,51.05,-114.0667
2022-09,Alberta,Construction [23],189439,B,51.05,-114.0667
2022-10,Alberta,Construction [23],187197,B,51.05,-114.0667
2022-11,Alberta,Construction [23],183777,B,51.05,-114.0667
2022-12,Alberta,Construction [23],180362,B,51.05,-114.0667
2023-01,Alberta,Construction [23],167171,B,51.05,-114.0667
2023-02,Alberta,Construction [23],171706,B,51.05,-114.0667
2023-03,Alberta,Construction [23],171317,B,51.05,-114.0667
2023-04,Alberta,Construction [23],176108,B,51.05,-114.0667
2023-05,Alberta,Construction [23],185867,B,51.05,-114.0667
2023-06,Alberta,Construction [23],191069,B,51.05,-114.0667
2023-07,Alberta,Construction [23],194927,B,51.05,-114.0667
2023-08,Alberta,Construction [23],196796,B,51.05,-114.0667
2023-09,Alberta,Construction [23],197642,A,51.05,-114.0667
2023-10,Alberta,Construction [23],195065,A,51.05,-114.0667
2023-11,Alberta,Construction [23],188907,B,51.05,-114.0667
2023-12,Alberta,Construction [23],185217,B,51.05,-114.0667
2024-01,Alberta,Construction [23],173059,A,51.05,-114.0667
2024-02,Alberta,Construction [23],176969,B,51.05,-114.0667
2018-01,Alberta,Manufacturing [31-33],121976,A,51.05,-114.0667
2018-02,Alberta,Manufacturing [31-33],123018,A,51.05,-114.0667
2018-03,Alberta,Manufacturing [31-33],121285,A,51.05,-114.0667
2018-04,Alberta,Manufacturing [31-33],122952,A,51.05,-114.0667
2018-05,Alberta,Manufacturing [31-33],124734,A,51.05,-114.0667
2018-06,Alberta,Manufacturing [31-33],125970,A,51.05,-114.0667
2018-07,Alberta,Manufacturing [31-33],123507,A,51.05,-114.0667
2018-08,Alberta,Manufacturing [31-33],125069,A,51.05,-114.0667
2018-09,Alberta,Manufacturing [31-33],124107,A,51.05,-114.0667
2018-10,Alberta,Manufacturing [31-33],124020,A,51.05,-114.0667
2018-11,Alberta,Manufacturing [31-33],125200,A,51.05,-114.0667
2018-12,Alberta,Manufacturing [31-33],125597,A,51.05,-114.0667
2019-01,Alberta,Manufacturing [31-33],124186,A,51.05,-114.0667
2019-02,Alberta,Manufacturing [31-33],125477,A,51.05,-114.0667
2019-03,Alberta,Manufacturing [31-33],124036,A,51.05,-114.0667
2019-04,Alberta,Manufacturing [31-33],123535,A,51.05,-114.0667
2019-05,Alberta,Manufacturing [31-33],124968,A,51.05,-114.0667
2019-06,Alberta,Manufacturing [31-33],125069,A,51.05,-114.0667
2019-07,Alberta,Manufacturing [31-33],125938,A,51.05,-114.0667
2019-08,Alberta,Manufacturing [31-33],126173,A,51.05,-114.0667
2019-09,Alberta,Manufacturing [31-33],125294,B,51.05,-114.0667
2019-10,Alberta,Manufacturing [31-33],125041,A,51.05,-114.0667
2019-11,Alberta,Manufacturing [31-33],124585,B,51.05,-114.0667
2019-12,Alberta,Manufacturing [31-33],122929,B,51.05,-114.0667
2020-01,Alberta,Manufacturing [31-33],121522,A,51.05,-114.0667
2020-02,Alberta,Manufacturing [31-33],121541,B,51.05,-114.0667
2020-03,Alberta,Manufacturing [31-33],115569,B,51.05,-114.0667
2020-04,Alberta,Manufacturing [31-33],108236,B,51.05,-114.0667
2020-05,Alberta,Manufacturing [31-33],106523,B,51.05,-114.0667
2020-06,Alberta,Manufacturing [31-33],108483,B,51.05,-114.0667
2020-07,Alberta,Manufacturing [31-33],110945,B,51.05,-114.0667
2020-08,Alberta,Manufacturing [31-33],111505,B,51.05,-114.0667
2020-09,Alberta,Manufacturing [31-33],112402,A,51.05,-114.0667
2020-10,Alberta,Manufacturing [31-33],112890,B,51.05,-114.0667
2020-11,Alberta,Manufacturing [31-33],110709,B,51.05,-114.0667
2020-12,Alberta,Manufacturing [31-33],111488,B,51.05,-114.0667
2021-01,Alberta,Manufacturing [31-33],109352,B,51.05,-114.0667
2021-02,Alberta,Manufacturing [31-33],111506,A,51.05,-114.0667
2021-03,Alberta,Manufacturing [31-33],112451,B,51.05,-114.0667
2021-04,Alberta,Manufacturing [31-33],114287,B,51.05,-114.0667
2021-05,Alberta,Manufacturing [31-33],115127,B,51.05,-114.0667
2021-06,Alberta,Manufacturing [31-33],117880,B,51.05,-114.0667
2021-07,Alberta,Manufacturing [31-33],119411,B,51.05,-114.0667
2021-08,Alberta,Manufacturing [31-33],119166,B,51.05,-114.0667
2021-09,Alberta,Manufacturing [31-33],119244,B,51.05,-114.0667
2021-10,Alberta,Manufacturing [31-33],118055,B,51.05,-114.0667
2021-11,Alberta,Manufacturing [31-33],118691,B,51.05,-114.0667
2021-12,Alberta,Manufacturing [31-33],119526,B,51.05,-114.0667
2022-01,Alberta,Manufacturing [31-33],116954,B,51.05,-114.0667
2022-02,Alberta,Manufacturing [31-33],117902,B,51.05,-114.0667
2022-03,Alberta,Manufacturing [31-33],118869,B,51.05,-114.0667
2022-04,Alberta,Manufacturing [31-33],121049,B,51.05,-114.0667
2022-05,Alberta,Manufacturing [31-33],121080,B,51.05,-114.0667
2022-06,Alberta,Manufacturing [31-33],122979,B,51.05,-114.0667
2022-07,Alberta,Manufacturing [31-33],123491,B,51.05,-114.0667
2022-08,Alberta,Manufacturing [31-33],123222,B,51.05,-114.0667
2022-09,Alberta,Manufacturing [31-33],122572,B,51.05,-114.0667
2022-10,Alberta,Manufacturing [31-33],122764,B,51.05,-114.0667
2022-11,Alberta,Manufacturing [31-33],122091,B,51.05,-114.0667
2022-12,Alberta,Manufacturing [31-33],122900,B,51.05,-114.0667
2023-01,Alberta,Manufacturing [31-33],120854,B,51.05,-114.0667
2023-02,Alberta,Manufacturing [31-33],122442,B,51.05,-114.0667
2023-03,Alberta,Manufacturing [31-33],121546,B,51.05,-114.0667
2023-04,Alberta,Manufacturing [31-33],122818,B,51.05,-114.0667
2023-05,Alberta,Manufacturing [31-33],124985,B,51.05,-114.0667
2023-06,Alberta,Manufacturing [31-33],126838,B,51.05,-114.0667
2023-07,Alberta,Manufacturing [31-33],126330,B,51.05,-114.0667
2023-08,Alberta,Manufacturing [31-33],125036,B,51.05,-114.0667
2023-09,Alberta,Manufacturing [31-33],124972,B,51.05,-114.0667
2023-10,Alberta,Manufacturing [31-33],124663,B,51.05,-114.0667
2023-11,Alberta,Manufacturing [31-33],124909,B,51.05,-114.0667
2023-12,Alberta,Manufacturing [31-33],126764,B,51.05,-114.0667
2024-01,Alberta,Manufacturing [31-33],124437,B,51.05,-114.0667
2024-02,Alberta,Manufacturing [31-33],124495,B,51.05,-114.0667
2018-01,Alberta,Trade [41-45N],336579,A,51.05,-114.0667
2018-02,Alberta,Trade [41-45N],331293,A,51.05,-114.0667
2018-03,Alberta,Trade [41-45N],332957,A,51.05,-114.0667
2018-04,Alberta,Trade [41-45N],335365,A,51.05,-114.0667
2018-05,Alberta,Trade [41-45N],340052,A,51.05,-114.0667
2018-06,Alberta,Trade [41-45N],343221,A,51.05,-114.0667
2018-07,Alberta,Trade [41-45N],340794,A,51.05,-114.0667
2018-08,Alberta,Trade [41-45N],340964,A,51.05,-114.0667
2018-09,Alberta,Trade [41-45N],338165,A,51.05,-114.0667
2018-10,Alberta,Trade [41-45N],342986,A,51.05,-114.0667
2018-11,Alberta,Trade [41-45N],350229,A,51.05,-114.0667
2018-12,Alberta,Trade [41-45N],353395,A,51.05,-114.0667
2019-01,Alberta,Trade [41-45N],343643,A,51.05,-114.0667
2019-02,Alberta,Trade [41-45N],342412,A,51.05,-114.0667
2019-03,Alberta,Trade [41-45N],340088,A,51.05,-114.0667
2019-04,Alberta,Trade [41-45N],342336,A,51.05,-114.0667
2019-05,Alberta,Trade [41-45N],344897,A,51.05,-114.0667
2019-06,Alberta,Trade [41-45N],347089,A,51.05,-114.0667
2019-07,Alberta,Trade [41-45N],345789,A,51.05,-114.0667
2019-08,Alberta,Trade [41-45N],346663,A,51.05,-114.0667
2019-09,Alberta,Trade [41-45N],346571,A,51.05,-114.0667
2019-10,Alberta,Trade [41-45N],347163,A,51.05,-114.0667
2019-11,Alberta,Trade [41-45N],351572,A,51.05,-114.0667
2019-12,Alberta,Trade [41-45N],356770,A,51.05,-114.0667
2020-01,Alberta,Trade [41-45N],347264,A,51.05,-114.0667
2020-02,Alberta,Trade [41-45N],340899,B,51.05,-114.0667
2020-03,Alberta,Trade [41-45N],324030,B,51.05,-114.0667
2020-04,Alberta,Trade [41-45N],290072,B,51.05,-114.0667
2020-05,Alberta,Trade [41-45N],285472,B,51.05,-114.0667
2020-06,Alberta,Trade [41-45N],305029,B,51.05,-114.0667
2020-07,Alberta,Trade [41-45N],320751,B,51.05,-114.0667
2020-08,Alberta,Trade [41-45N],322510,B,51.05,-114.0667
2020-09,Alberta,Trade [41-45N],326268,A,51.05,-114.0667
2020-10,Alberta,Trade [41-45N],330136,B,51.05,-114.0667
2020-11,Alberta,Trade [41-45N],336965,B,51.05,-114.0667
2020-12,Alberta,Trade [41-45N],340812,B,51.05,-114.0667
2021-01,Alberta,Trade [41-45N],325106,A,51.05,-114.0667
2021-02,Alberta,Trade [41-45N],321855,A,51.05,-114.0667
2021-03,Alberta,Trade [41-45N],331949,A,51.05,-114.0667
2021-04,Alberta,Trade [41-45N],334079,A,51.05,-114.0667
2021-05,Alberta,Trade [41-45N],330768,A,51.05,-114.0667
2021-06,Alberta,Trade [41-45N],337701,B,51.05,-114.0667
2021-07,Alberta,Trade [41-45N],343558,B,51.05,-114.0667
2021-08,Alberta,Trade [41-45N],342380,B,51.05,-114.0667
2021-09,Alberta,Trade [41-45N],342024,B,51.05,-114.0667
2021-10,Alberta,Trade [41-45N],343137,B,51.05,-114.0667
2021-11,Alberta,Trade [41-45N],348217,A,51.05,-114.0667
2021-12,Alberta,Trade [41-45N],353988,A,51.05,-114.0667
2022-01,Alberta,Trade [41-45N],344398,A,51.05,-114.0667
2022-02,Alberta,Trade [41-45N],338614,A,51.05,-114.0667
2022-03,Alberta,Trade [41-45N],340117,B,51.05,-114.0667
2022-04,Alberta,Trade [41-45N],341746,B,51.05,-114.0667
2022-05,Alberta,Trade [41-45N],344911,A,51.05,-114.0667
2022-06,Alberta,Trade [41-45N],347756,B,51.05,-114.0667
2022-07,Alberta,Trade [41-45N],348600,B,51.05,-114.0667
2022-08,Alberta,Trade [41-45N],348007,B,51.05,-114.0667
2022-09,Alberta,Trade [41-45N],350742,B,51.05,-114.0667
2022-10,Alberta,Trade [41-45N],351391,B,51.05,-114.0667
2022-11,Alberta,Trade [41-45N],354345,B,51.05,-114.0667
2022-12,Alberta,Trade [41-45N],358715,B,51.05,-114.0667
2023-01,Alberta,Trade [41-45N],351492,B,51.05,-114.0667
2023-02,Alberta,Trade [41-45N],347651,B,51.05,-114.0667
2023-03,Alberta,Trade [41-45N],345481,A,51.05,-114.0667
2023-04,Alberta,Trade [41-45N],348519,B,51.05,-114.0667
2023-05,Alberta,Trade [41-45N],348589,B,51.05,-114.0667
2023-06,Alberta,Trade [41-45N],350241,B,51.05,-114.0667
2023-07,Alberta,Trade [41-45N],351827,B,51.05,-114.0667
2023-08,Alberta,Trade [41-45N],350596,B,51.05,-114.0667
2023-09,Alberta,Trade [41-45N],351668,A,51.05,-114.0667
2023-10,Alberta,Trade [41-45N],352219,A,51.05,-114.0667
2023-11,Alberta,Trade [41-45N],353306,A,51.05,-114.0667
2023-12,Alberta,Trade [41-45N],354389,A,51.05,-114.0667
2024-01,Alberta,Trade [41-45N],345825,A,51.05,-114.0667
2024-02,Alberta,Trade [41-45N],341889,B,51.05,-114.0667
2018-01,Alberta,Transportation and warehousing [48-49],104020,A,51.05,-114.0667
2018-02,Alberta,Transportation and warehousing [48-49],103249,A,51.05,-114.0667
2018-03,Alberta,Transportation and warehousing [48-49],102582,A,51.05,-114.0667
2018-04,Alberta,Transportation and warehousing [48-49],102736,A,51.05,-114.0667
2018-05,Alberta,Transportation and warehousing [48-49],103828,A,51.05,-114.0667
2018-06,Alberta,Transportation and warehousing [48-49],104812,A,51.05,-114.0667
2018-07,Alberta,Transportation and warehousing [48-49],102527,A,51.05,-114.0667
2018-08,Alberta,Transportation and warehousing [48-49],103398,A,51.05,-114.0667
2018-09,Alberta,Transportation and warehousing [48-49],105335,A,51.05,-114.0667
2018-10,Alberta,Transportation and warehousing [48-49],107016,A,51.05,-114.0667
2018-11,Alberta,Transportation and warehousing [48-49],104714,A,51.05,-114.0667
2018-12,Alberta,Transportation and warehousing [48-49],106802,A,51.05,-114.0667
2019-01,Alberta,Transportation and warehousing [48-49],104478,A,51.05,-114.0667
2019-02,Alberta,Transportation and warehousing [48-49],104837,A,51.05,-114.0667
2019-03,Alberta,Transportation and warehousing [48-49],103841,A,51.05,-114.0667
2019-04,Alberta,Transportation and warehousing [48-49],104589,A,51.05,-114.0667
2019-05,Alberta,Transportation and warehousing [48-49],105342,A,51.05,-114.0667
2019-06,Alberta,Transportation and warehousing [48-49],106923,A,51.05,-114.0667
2019-07,Alberta,Transportation and warehousing [48-49],106486,A,51.05,-114.0667
2019-08,Alberta,Transportation and warehousing [48-49],106677,A,51.05,-114.0667
2019-09,Alberta,Transportation and warehousing [48-49],109597,B,51.05,-114.0667
2019-10,Alberta,Transportation and warehousing [48-49],109928,A,51.05,-114.0667
2019-11,Alberta,Transportation and warehousing [48-49],110993,A,51.05,-114.0667
2019-12,Alberta,Transportation and warehousing [48-49],112861,B,51.05,-114.0667
2020-01,Alberta,Transportation and warehousing [48-49],109675,B,51.05,-114.0667
2020-02,Alberta,Transportation and warehousing [48-49],107468,B,51.05,-114.0667
2020-03,Alberta,Transportation and warehousing [48-49],102128,B,51.05,-114.0667
2020-04,Alberta,Transportation and warehousing [48-49],96544,B,51.05,-114.0667
2020-05,Alberta,Transportation and warehousing [48-49],93208,B,51.05,-114.0667
2020-06,Alberta,Transportation and warehousing [48-49],97744,B,51.05,-114.0667
2020-07,Alberta,Transportation and warehousing [48-49],96504,B,51.05,-114.0667
2020-08,Alberta,Transportation and warehousing [48-49],97360,B,51.05,-114.0667
2020-09,Alberta,Transportation and warehousing [48-49],99901,B,51.05,-114.0667
2020-10,Alberta,Transportation and warehousing [48-49],102528,B,51.05,-114.0667
2020-11,Alberta,Transportation and warehousing [48-49],101775,B,51.05,-114.0667
2020-12,Alberta,Transportation and warehousing [48-49],105011,B,51.05,-114.0667
2021-01,Alberta,Transportation and warehousing [48-49],102352,B,51.05,-114.0667
2021-02,Alberta,Transportation and warehousing [48-49],102205,B,51.05,-114.0667
2021-03,Alberta,Transportation and warehousing [48-49],101360,B,51.05,-114.0667
2021-04,Alberta,Transportation and warehousing [48-49],101629,B,51.05,-114.0667
2021-05,Alberta,Transportation and warehousing [48-49],101336,B,51.05,-114.0667
2021-06,Alberta,Transportation and warehousing [48-49],102743,B,51.05,-114.0667
2021-07,Alberta,Transportation and warehousing [48-49],102823,B,51.05,-114.0667
2021-08,Alberta,Transportation and warehousing [48-49],101706,B,51.05,-114.0667
2021-09,Alberta,Transportation and warehousing [48-49],102938,B,51.05,-114.0667
2021-10,Alberta,Transportation and warehousing [48-49],105389,B,51.05,-114.0667
2021-11,Alberta,Transportation and warehousing [48-49],105717,B,51.05,-114.0667
2021-12,Alberta,Transportation and warehousing [48-49],108547,B,51.05,-114.0667
2022-01,Alberta,Transportation and warehousing [48-49],107280,B,51.05,-114.0667
2022-02,Alberta,Transportation and warehousing [48-49],107003,B,51.05,-114.0667
2022-03,Alberta,Transportation and warehousing [48-49],106206,B,51.05,-114.0667
2022-04,Alberta,Transportation and warehousing [48-49],108346,B,51.05,-114.0667
2022-05,Alberta,Transportation and warehousing [48-49],108865,A,51.05,-114.0667
2022-06,Alberta,Transportation and warehousing [48-49],111403,B,51.05,-114.0667
2022-07,Alberta,Transportation and warehousing [48-49],110191,B,51.05,-114.0667
2022-08,Alberta,Transportation and warehousing [48-49],109378,B,51.05,-114.0667
2022-09,Alberta,Transportation and warehousing [48-49],111740,B,51.05,-114.0667
2022-10,Alberta,Transportation and warehousing [48-49],112859,B,51.05,-114.0667
2022-11,Alberta,Transportation and warehousing [48-49],114075,A,51.05,-114.0667
2022-12,Alberta,Transportation and warehousing [48-49],117111,B,51.05,-114.0667
2023-01,Alberta,Transportation and warehousing [48-49],116222,B,51.05,-114.0667
2023-02,Alberta,Transportation and warehousing [48-49],115704,A,51.05,-114.0667
2023-03,Alberta,Transportation and warehousing [48-49],115406,B,51.05,-114.0667
2023-04,Alberta,Transportation and warehousing [48-49],116104,B,51.05,-114.0667
2023-05,Alberta,Transportation and warehousing [48-49],116568,B,51.05,-114.0667
2023-06,Alberta,Transportation and warehousing [48-49],118118,B,51.05,-114.0667
2023-07,Alberta,Transportation and warehousing [48-49],117025,B,51.05,-114.0667
2023-08,Alberta,Transportation and warehousing [48-49],115154,A,51.05,-114.0667
2023-09,Alberta,Transportation and warehousing [48-49],117165,B,51.05,-114.0667
2023-10,Alberta,Transportation and warehousing [48-49],117484,B,51.05,-114.0667
2023-11,Alberta,Transportation and warehousing [48-49],117005,B,51.05,-114.0667
2023-12,Alberta,Transportation and warehousing [48-49],119417,B,51.05,-114.0667
2024-01,Alberta,Transportation and warehousing [48-49],118287,B,51.05,-114.0667
2024-02,Alberta,Transportation and warehousing [48-49],116694,B,51.05,-114.0667
2018-01,Alberta,Information and cultural industries [51],29021,A,51.05,-114.0667
2018-02,Alberta,Information and cultural industries [51],29325,A,51.05,-114.0667
2018-03,Alberta,Information and cultural industries [51],29399,A,51.05,-114.0667
2018-04,Alberta,Information and cultural industries [51],28976,A,51.05,-114.0667
2018-05,Alberta,Information and cultural industries [51],29291,A,51.05,-114.0667
2018-06,Alberta,Information and cultural industries [51],28981,A,51.05,-114.0667
2018-07,Alberta,Information and cultural industries [51],28996,A,51.05,-114.0667
2018-08,Alberta,Information and cultural industries [51],28563,A,51.05,-114.0667
2018-09,Alberta,Information and cultural industries [51],28338,A,51.05,-114.0667
2018-10,Alberta,Information and cultural industries [51],27633,A,51.05,-114.0667
2018-11,Alberta,Information and cultural industries [51],27929,A,51.05,-114.0667
2018-12,Alberta,Information and cultural industries [51],27713,A,51.05,-114.0667
2019-01,Alberta,Information and cultural industries [51],28192,A,51.05,-114.0667
2019-02,Alberta,Information and cultural industries [51],27719,A,51.05,-114.0667
2019-03,Alberta,Information and cultural industries [51],27496,A,51.05,-114.0667
2019-04,Alberta,Information and cultural industries [51],27662,A,51.05,-114.0667
2019-05,Alberta,Information and cultural industries [51],27719,B,51.05,-114.0667
2019-06,Alberta,Information and cultural industries [51],27951,A,51.05,-114.0667
2019-07,Alberta,Information and cultural industries [51],28007,A,51.05,-114.0667
2019-08,Alberta,Information and cultural industries [51],28032,A,51.05,-114.0667
2019-09,Alberta,Information and cultural industries [51],27578,A,51.05,-114.0667
2019-10,Alberta,Information and cultural industries [51],27207,B,51.05,-114.0667
2019-11,Alberta,Information and cultural industries [51],26967,B,51.05,-114.0667
2019-12,Alberta,Information and cultural industries [51],27421,B,51.05,-114.0667
2020-01,Alberta,Information and cultural industries [51],27165,A,51.05,-114.0667
2020-02,Alberta,Information and cultural industries [51],26986,B,51.05,-114.0667
2020-03,Alberta,Information and cultural industries [51],26527,B,51.05,-114.0667
2020-04,Alberta,Information and cultural industries [51],25342,B,51.05,-114.0667
2020-05,Alberta,Information and cultural industries [51],22791,B,51.05,-114.0667
2020-06,Alberta,Information and cultural industries [51],22960,A,51.05,-114.0667
2020-07,Alberta,Information and cultural industries [51],23383,A,51.05,-114.0667
2020-08,Alberta,Information and cultural industries [51],23583,A,51.05,-114.0667
2020-09,Alberta,Information and cultural industries [51],23595,A,51.05,-114.0667
2020-10,Alberta,Information and cultural industries [51],24010,A,51.05,-114.0667
2020-11,Alberta,Information and cultural industries [51],23400,B,51.05,-114.0667
2020-12,Alberta,Information and cultural industries [51],24196,A,51.05,-114.0667
2021-01,Alberta,Information and cultural industries [51],23974,B,51.05,-114.0667
2021-02,Alberta,Information and cultural industries [51],23817,B,51.05,-114.0667
2021-03,Alberta,Information and cultural industries [51],23248,A,51.05,-114.0667
2021-04,Alberta,Information and cultural industries [51],23541,C,51.05,-114.0667
2021-05,Alberta,Information and cultural industries [51],23365,A,51.05,-114.0667
2021-06,Alberta,Information and cultural industries [51],24181,A,51.05,-114.0667
2021-07,Alberta,Information and cultural industries [51],25058,A,51.05,-114.0667
2021-08,Alberta,Information and cultural industries [51],25415,A,51.05,-114.0667
2021-09,Alberta,Information and cultural industries [51],25213,A,51.05,-114.0667
2021-10,Alberta,Information and cultural industries [51],25627,A,51.05,-114.0667
2021-11,Alberta,Information and cultural industries [51],25905,A,51.05,-114.0667
2021-12,Alberta,Information and cultural industries [51],25964,A,51.05,-114.0667
2022-01,Alberta,Information and cultural industries [51],25428,A,51.05,-114.0667
2022-02,Alberta,Information and cultural industries [51],25433,B,51.05,-114.0667
2022-03,Alberta,Information and cultural industries [51],25404,A,51.05,-114.0667
2022-04,Alberta,Information and cultural industries [51],25970,B,51.05,-114.0667
2022-05,Alberta,Information and cultural industries [51],26151,B,51.05,-114.0667
2022-06,Alberta,Information and cultural industries [51],26452,B,51.05,-114.0667
2022-07,Alberta,Information and cultural industries [51],26871,B,51.05,-114.0667
2022-08,Alberta,Information and cultural industries [51],26664,B,51.05,-114.0667
2022-09,Alberta,Information and cultural industries [51],26456,A,51.05,-114.0667
2022-10,Alberta,Information and cultural industries [51],26410,A,51.05,-114.0667
2022-11,Alberta,Information and cultural industries [51],26145,B,51.05,-114.0667
2022-12,Alberta,Information and cultural industries [51],26302,B,51.05,-114.0667
2023-01,Alberta,Information and cultural industries [51],26357,B,51.05,-114.0667
2023-02,Alberta,Information and cultural industries [51],25751,A,51.05,-114.0667
2023-03,Alberta,Information and cultural industries [51],26034,B,51.05,-114.0667
2023-04,Alberta,Information and cultural industries [51],26153,B,51.05,-114.0667
2023-05,Alberta,Information and cultural industries [51],27486,B,51.05,-114.0667
2023-06,Alberta,Information and cultural industries [51],27659,B,51.05,-114.0667
2023-07,Alberta,Information and cultural industries [51],26494,B,51.05,-114.0667
2023-08,Alberta,Information and cultural industries [51],26228,B,51.05,-114.0667
2023-09,Alberta,Information and cultural industries [51],26195,A,51.05,-114.0667
2023-10,Alberta,Information and cultural industries [51],26022,B,51.05,-114.0667
2023-11,Alberta,Information and cultural industries [51],25521,B,51.05,-114.0667
2023-12,Alberta,Information and cultural industries [51],25671,B,51.05,-114.0667
2024-01,Alberta,Information and cultural industries [51],26835,B,51.05,-114.0667
2024-02,Alberta,Information and cultural industries [51],26477,B,51.05,-114.0667
2018-01,Alberta,Finance and insurance [52],60330,A,51.05,-114.0667
2018-02,Alberta,Finance and insurance [52],60319,A,51.05,-114.0667
2018-03,Alberta,Finance and insurance [52],60116,A,51.05,-114.0667
2018-04,Alberta,Finance and insurance [52],60193,A,51.05,-114.0667
2018-05,Alberta,Finance and insurance [52],60764,A,51.05,-114.0667
2018-06,Alberta,Finance and insurance [52],61249,A,51.05,-114.0667
2018-07,Alberta,Finance and insurance [52],61027,A,51.05,-114.0667
2018-08,Alberta,Finance and insurance [52],60774,A,51.05,-114.0667
2018-09,Alberta,Finance and insurance [52],60477,A,51.05,-114.0667
2018-10,Alberta,Finance and insurance [52],61290,A,51.05,-114.0667
2018-11,Alberta,Finance and insurance [52],61613,A,51.05,-114.0667
2018-12,Alberta,Finance and insurance [52],62789,A,51.05,-114.0667
2019-01,Alberta,Finance and insurance [52],61221,A,51.05,-114.0667
2019-02,Alberta,Finance and insurance [52],61636,A,51.05,-114.0667
2019-03,Alberta,Finance and insurance [52],61726,A,51.05,-114.0667
2019-04,Alberta,Finance and insurance [52],62036,A,51.05,-114.0667
2019-05,Alberta,Finance and insurance [52],62788,A,51.05,-114.0667
2019-06,Alberta,Finance and insurance [52],63476,A,51.05,-114.0667
2019-07,Alberta,Finance and insurance [52],63957,A,51.05,-114.0667
2019-08,Alberta,Finance and insurance [52],63684,A,51.05,-114.0667
2019-09,Alberta,Finance and insurance [52],63930,B,51.05,-114.0667
2019-10,Alberta,Finance and insurance [52],64330,A,51.05,-114.0667
2019-11,Alberta,Finance and insurance [52],63406,A,51.05,-114.0667
2019-12,Alberta,Finance and insurance [52],64423,A,51.05,-114.0667
2020-01,Alberta,Finance and insurance [52],63332,B,51.05,-114.0667
2020-02,Alberta,Finance and insurance [52],63136,B,51.05,-114.0667
2020-03,Alberta,Finance and insurance [52],62131,A,51.05,-114.0667
2020-04,Alberta,Finance and insurance [52],61782,B,51.05,-114.0667
2020-05,Alberta,Finance and insurance [52],61662,A,51.05,-114.0667
2020-06,Alberta,Finance and insurance [52],62305,A,51.05,-114.0667
2020-07,Alberta,Finance and insurance [52],63221,A,51.05,-114.0667
2020-08,Alberta,Finance and insurance [52],62933,A,51.05,-114.0667
2020-09,Alberta,Finance and insurance [52],62833,A,51.05,-114.0667
2020-10,Alberta,Finance and insurance [52],63396,A,51.05,-114.0667
2020-11,Alberta,Finance and insurance [52],63786,A,51.05,-114.0667
2020-12,Alberta,Finance and insurance [52],64228,A,51.05,-114.0667
2021-01,Alberta,Finance and insurance [52],63139,A,51.05,-114.0667
2021-02,Alberta,Finance and insurance [52],63873,A,51.05,-114.0667
2021-03,Alberta,Finance and insurance [52],63597,A,51.05,-114.0667
2021-04,Alberta,Finance and insurance [52],64181,A,51.05,-114.0667
2021-05,Alberta,Finance and insurance [52],64969,A,51.05,-114.0667
2021-06,Alberta,Finance and insurance [52],65581,A,51.05,-114.0667
2021-07,Alberta,Finance and insurance [52],65970,A,51.05,-114.0667
2021-08,Alberta,Finance and insurance [52],65500,A,51.05,-114.0667
2021-09,Alberta,Finance and insurance [52],66330,A,51.05,-114.0667
2021-10,Alberta,Finance and insurance [52],66132,A,51.05,-114.0667
2021-11,Alberta,Finance and insurance [52],65376,A,51.05,-114.0667
2021-12,Alberta,Finance and insurance [52],66642,B,51.05,-114.0667
2022-01,Alberta,Finance and insurance [52],66162,B,51.05,-114.0667
2022-02,Alberta,Finance and insurance [52],65833,A,51.05,-114.0667
2022-03,Alberta,Finance and insurance [52],66212,A,51.05,-114.0667
2022-04,Alberta,Finance and insurance [52],67207,A,51.05,-114.0667
2022-05,Alberta,Finance and insurance [52],68036,A,51.05,-114.0667
2022-06,Alberta,Finance and insurance [52],68992,B,51.05,-114.0667
2022-07,Alberta,Finance and insurance [52],68772,B,51.05,-114.0667
2022-08,Alberta,Finance and insurance [52],68563,A,51.05,-114.0667
2022-09,Alberta,Finance and insurance [52],68535,A,51.05,-114.0667
2022-10,Alberta,Finance and insurance [52],69324,A,51.05,-114.0667
2022-11,Alberta,Finance and insurance [52],69962,A,51.05,-114.0667
2022-12,Alberta,Finance and insurance [52],71630,A,51.05,-114.0667
2023-01,Alberta,Finance and insurance [52],70948,A,51.05,-114.0667
2023-02,Alberta,Finance and insurance [52],70358,C,51.05,-114.0667
2023-03,Alberta,Finance and insurance [52],70515,A,51.05,-114.0667
2023-04,Alberta,Finance and insurance [52],70881,A,51.05,-114.0667
2023-05,Alberta,Finance and insurance [52],70407,A,51.05,-114.0667
2023-06,Alberta,Finance and insurance [52],70780,A,51.05,-114.0667
2023-07,Alberta,Finance and insurance [52],70492,A,51.05,-114.0667
2023-08,Alberta,Finance and insurance [52],71534,A,51.05,-114.0667
2023-09,Alberta,Finance and insurance [52],72256,B,51.05,-114.0667
2023-10,Alberta,Finance and insurance [52],71377,A,51.05,-114.0667
2023-11,Alberta,Finance and insurance [52],71484,B,51.05,-114.0667
2023-12,Alberta,Finance and insurance [52],72821,A,51.05,-114.0667
2024-01,Alberta,Finance and insurance [52],72314,A,51.05,-114.0667
2024-02,Alberta,Finance and insurance [52],72746,A,51.05,-114.0667
2018-01,Alberta,Real estate and rental and leasing [53],42421,A,51.05,-114.0667
2018-02,Alberta,Real estate and rental and leasing [53],43379,A,51.05,-114.0667
2018-03,Alberta,Real estate and rental and leasing [53],44325,A,51.05,-114.0667
2018-04,Alberta,Real estate and rental and leasing [53],41948,A,51.05,-114.0667
2018-05,Alberta,Real estate and rental and leasing [53],43266,A,51.05,-114.0667
2018-06,Alberta,Real estate and rental and leasing [53],42902,A,51.05,-114.0667
2018-07,Alberta,Real estate and rental and leasing [53],41896,A,51.05,-114.0667
2018-08,Alberta,Real estate and rental and leasing [53],42833,A,51.05,-114.0667
2018-09,Alberta,Real estate and rental and leasing [53],42620,A,51.05,-114.0667
2018-10,Alberta,Real estate and rental and leasing [53],42200,A,51.05,-114.0667
2018-11,Alberta,Real estate and rental and leasing [53],41938,A,51.05,-114.0667
2018-12,Alberta,Real estate and rental and leasing [53],43945,A,51.05,-114.0667
2019-01,Alberta,Real estate and rental and leasing [53],42561,A,51.05,-114.0667
2019-02,Alberta,Real estate and rental and leasing [53],43606,A,51.05,-114.0667
2019-03,Alberta,Real estate and rental and leasing [53],43744,A,51.05,-114.0667
2019-04,Alberta,Real estate and rental and leasing [53],42636,A,51.05,-114.0667
2019-05,Alberta,Real estate and rental and leasing [53],42292,A,51.05,-114.0667
2019-06,Alberta,Real estate and rental and leasing [53],42691,A,51.05,-114.0667
2019-07,Alberta,Real estate and rental and leasing [53],42472,A,51.05,-114.0667
2019-08,Alberta,Real estate and rental and leasing [53],43504,A,51.05,-114.0667
2019-09,Alberta,Real estate and rental and leasing [53],43074,A,51.05,-114.0667
2019-10,Alberta,Real estate and rental and leasing [53],42917,A,51.05,-114.0667
2019-11,Alberta,Real estate and rental and leasing [53],42412,B,51.05,-114.0667
2019-12,Alberta,Real estate and rental and leasing [53],44237,A,51.05,-114.0667
2020-01,Alberta,Real estate and rental and leasing [53],40667,A,51.05,-114.0667
2020-02,Alberta,Real estate and rental and leasing [53],40530,A,51.05,-114.0667
2020-03,Alberta,Real estate and rental and leasing [53],38402,B,51.05,-114.0667
2020-04,Alberta,Real estate and rental and leasing [53],34393,B,51.05,-114.0667
2020-05,Alberta,Real estate and rental and leasing [53],32133,B,51.05,-114.0667
2020-06,Alberta,Real estate and rental and leasing [53],34095,B,51.05,-114.0667
2020-07,Alberta,Real estate and rental and leasing [53],34868,A,51.05,-114.0667
2020-08,Alberta,Real estate and rental and leasing [53],36127,A,51.05,-114.0667
2020-09,Alberta,Real estate and rental and leasing [53],37352,A,51.05,-114.0667
2020-10,Alberta,Real estate and rental and leasing [53],36988,A,51.05,-114.0667
2020-11,Alberta,Real estate and rental and leasing [53],36747,A,51.05,-114.0667
2020-12,Alberta,Real estate and rental and leasing [53],38349,A,51.05,-114.0667
2021-01,Alberta,Real estate and rental and leasing [53],35364,A,51.05,-114.0667
2021-02,Alberta,Real estate and rental and leasing [53],35973,A,51.05,-114.0667
2021-03,Alberta,Real estate and rental and leasing [53],36589,A,51.05,-114.0667
2021-04,Alberta,Real estate and rental and leasing [53],36718,A,51.05,-114.0667
2021-05,Alberta,Real estate and rental and leasing [53],36312,A,51.05,-114.0667
2021-06,Alberta,Real estate and rental and leasing [53],37573,B,51.05,-114.0667
2021-07,Alberta,Real estate and rental and leasing [53],37858,A,51.05,-114.0667
2021-08,Alberta,Real estate and rental and leasing [53],37713,A,51.05,-114.0667
2021-09,Alberta,Real estate and rental and leasing [53],38189,A,51.05,-114.0667
2021-10,Alberta,Real estate and rental and leasing [53],37537,A,51.05,-114.0667
2021-11,Alberta,Real estate and rental and leasing [53],37693,A,51.05,-114.0667
2021-12,Alberta,Real estate and rental and leasing [53],38464,A,51.05,-114.0667
2022-01,Alberta,Real estate and rental and leasing [53],36240,A,51.05,-114.0667
2022-02,Alberta,Real estate and rental and leasing [53],36661,B,51.05,-114.0667
2022-03,Alberta,Real estate and rental and leasing [53],37462,B,51.05,-114.0667
2022-04,Alberta,Real estate and rental and leasing [53],37035,B,51.05,-114.0667
2022-05,Alberta,Real estate and rental and leasing [53],37265,A,51.05,-114.0667
2022-06,Alberta,Real estate and rental and leasing [53],38737,B,51.05,-114.0667
2022-07,Alberta,Real estate and rental and leasing [53],38580,B,51.05,-114.0667
2022-08,Alberta,Real estate and rental and leasing [53],39277,B,51.05,-114.0667
2022-09,Alberta,Real estate and rental and leasing [53],38941,A,51.05,-114.0667
2022-10,Alberta,Real estate and rental and leasing [53],38599,B,51.05,-114.0667
2022-11,Alberta,Real estate and rental and leasing [53],38477,B,51.05,-114.0667
2022-12,Alberta,Real estate and rental and leasing [53],39487,B,51.05,-114.0667
2023-01,Alberta,Real estate and rental and leasing [53],37733,B,51.05,-114.0667
2023-02,Alberta,Real estate and rental and leasing [53],37739,A,51.05,-114.0667
2023-03,Alberta,Real estate and rental and leasing [53],37277,B,51.05,-114.0667
2023-04,Alberta,Real estate and rental and leasing [53],37379,B,51.05,-114.0667
2023-05,Alberta,Real estate and rental and leasing [53],37928,B,51.05,-114.0667
2023-06,Alberta,Real estate and rental and leasing [53],39327,B,51.05,-114.0667
2023-07,Alberta,Real estate and rental and leasing [53],39144,B,51.05,-114.0667
2023-08,Alberta,Real estate and rental and leasing [53],38754,A,51.05,-114.0667
2023-09,Alberta,Real estate and rental and leasing [53],38515,B,51.05,-114.0667
2023-10,Alberta,Real estate and rental and leasing [53],37726,B,51.05,-114.0667
2023-11,Alberta,Real estate and rental and leasing [53],36733,B,51.05,-114.0667
2023-12,Alberta,Real estate and rental and leasing [53],37941,A,51.05,-114.0667
2024-01,Alberta,Real estate and rental and leasing [53],36957,A,51.05,-114.0667
2024-02,Alberta,Real estate and rental and leasing [53],36744,B,51.05,-114.0667
2018-01,Alberta,"Professional, scientific and technical services [54,541]",113382,A,51.05,-114.0667
2018-02,Alberta,"Professional, scientific and technical services [54,541]",114393,A,51.05,-114.0667
2018-03,Alberta,"Professional, scientific and technical services [54,541]",116461,A,51.05,-114.0667
2018-04,Alberta,"Professional, scientific and technical services [54,541]",117068,A,51.05,-114.0667
2018-05,Alberta,"Professional, scientific and technical services [54,541]",118265,A,51.05,-114.0667
2018-06,Alberta,"Professional, scientific and technical services [54,541]",116783,A,51.05,-114.0667
2018-07,Alberta,"Professional, scientific and technical services [54,541]",116784,A,51.05,-114.0667
2018-08,Alberta,"Professional, scientific and technical services [54,541]",116507,A,51.05,-114.0667
2018-09,Alberta,"Professional, scientific and technical services [54,541]",116597,A,51.05,-114.0667
2018-10,Alberta,"Professional, scientific and technical services [54,541]",117888,A,51.05,-114.0667
2018-11,Alberta,"Professional, scientific and technical services [54,541]",118195,A,51.05,-114.0667
2018-12,Alberta,"Professional, scientific and technical services [54,541]",120260,A,51.05,-114.0667
2019-01,Alberta,"Professional, scientific and technical services [54,541]",117289,A,51.05,-114.0667
2019-02,Alberta,"Professional, scientific and technical services [54,541]",117476,A,51.05,-114.0667
2019-03,Alberta,"Professional, scientific and technical services [54,541]",117178,A,51.05,-114.0667
2019-04,Alberta,"Professional, scientific and technical services [54,541]",116513,A,51.05,-114.0667
2019-05,Alberta,"Professional, scientific and technical services [54,541]",118623,A,51.05,-114.0667
2019-06,Alberta,"Professional, scientific and technical services [54,541]",119316,A,51.05,-114.0667
2019-07,Alberta,"Professional, scientific and technical services [54,541]",119573,A,51.05,-114.0667
2019-08,Alberta,"Professional, scientific and technical services [54,541]",119022,A,51.05,-114.0667
2019-09,Alberta,"Professional, scientific and technical services [54,541]",119564,B,51.05,-114.0667
2019-10,Alberta,"Professional, scientific and technical services [54,541]",120593,A,51.05,-114.0667
2019-11,Alberta,"Professional, scientific and technical services [54,541]",119672,B,51.05,-114.0667
2019-12,Alberta,"Professional, scientific and technical services [54,541]",121445,A,51.05,-114.0667
2020-01,Alberta,"Professional, scientific and technical services [54,541]",117792,A,51.05,-114.0667
2020-02,Alberta,"Professional, scientific and technical services [54,541]",118266,B,51.05,-114.0667
2020-03,Alberta,"Professional, scientific and technical services [54,541]",114208,B,51.05,-114.0667
2020-04,Alberta,"Professional, scientific and technical services [54,541]",107696,A,51.05,-114.0667
2020-05,Alberta,"Professional, scientific and technical services [54,541]",105558,A,51.05,-114.0667
2020-06,Alberta,"Professional, scientific and technical services [54,541]",108101,B,51.05,-114.0667
2020-07,Alberta,"Professional, scientific and technical services [54,541]",109633,B,51.05,-114.0667
2020-08,Alberta,"Professional, scientific and technical services [54,541]",111010,B,51.05,-114.0667
2020-09,Alberta,"Professional, scientific and technical services [54,541]",111242,A,51.05,-114.0667
2020-10,Alberta,"Professional, scientific and technical services [54,541]",111562,B,51.05,-114.0667
2020-11,Alberta,"Professional, scientific and technical services [54,541]",112127,B,51.05,-114.0667
2020-12,Alberta,"Professional, scientific and technical services [54,541]",113826,B,51.05,-114.0667
2021-01,Alberta,"Professional, scientific and technical services [54,541]",112927,B,51.05,-114.0667
2021-02,Alberta,"Professional, scientific and technical services [54,541]",114501,B,51.05,-114.0667
2021-03,Alberta,"Professional, scientific and technical services [54,541]",115217,B,51.05,-114.0667
2021-04,Alberta,"Professional, scientific and technical services [54,541]",116676,B,51.05,-114.0667
2021-05,Alberta,"Professional, scientific and technical services [54,541]",118044,A,51.05,-114.0667
2021-06,Alberta,"Professional, scientific and technical services [54,541]",118471,A,51.05,-114.0667
2021-07,Alberta,"Professional, scientific and technical services [54,541]",119144,B,51.05,-114.0667
2021-08,Alberta,"Professional, scientific and technical services [54,541]",120513,B,51.05,-114.0667
2021-09,Alberta,"Professional, scientific and technical services [54,541]",121345,A,51.05,-114.0667
2021-10,Alberta,"Professional, scientific and technical services [54,541]",121169,A,51.05,-114.0667
2021-11,Alberta,"Professional, scientific and technical services [54,541]",121986,A,51.05,-114.0667
2021-12,Alberta,"Professional, scientific and technical services [54,541]",123664,A,51.05,-114.0667
2022-01,Alberta,"Professional, scientific and technical services [54,541]",124185,A,51.05,-114.0667
2022-02,Alberta,"Professional, scientific and technical services [54,541]",123167,A,51.05,-114.0667
2022-03,Alberta,"Professional, scientific and technical services [54,541]",124347,B,51.05,-114.0667
2022-04,Alberta,"Professional, scientific and technical services [54,541]",124909,A,51.05,-114.0667
2022-05,Alberta,"Professional, scientific and technical services [54,541]",127311,B,51.05,-114.0667
2022-06,Alberta,"Professional, scientific and technical services [54,541]",128944,B,51.05,-114.0667
2022-07,Alberta,"Professional, scientific and technical services [54,541]",131547,B,51.05,-114.0667
2022-08,Alberta,"Professional, scientific and technical services [54,541]",130980,B,51.05,-114.0667
2022-09,Alberta,"Professional, scientific and technical services [54,541]",131707,B,51.05,-114.0667
2022-10,Alberta,"Professional, scientific and technical services [54,541]",131819,A,51.05,-114.0667
2022-11,Alberta,"Professional, scientific and technical services [54,541]",132367,B,51.05,-114.0667
2022-12,Alberta,"Professional, scientific and technical services [54,541]",132743,B,51.05,-114.0667
2023-01,Alberta,"Professional, scientific and technical services [54,541]",132053,A,51.05,-114.0667
2023-02,Alberta,"Professional, scientific and technical services [54,541]",132704,B,51.05,-114.0667
2023-03,Alberta,"Professional, scientific and technical services [54,541]",132361,B,51.05,-114.0667
2023-04,Alberta,"Professional, scientific and technical services [54,541]",133913,B,51.05,-114.0667
2023-05,Alberta,"Professional, scientific and technical services [54,541]",135863,B,51.05,-114.0667
2023-06,Alberta,"Professional, scientific and technical services [54,541]",135280,B,51.05,-114.0667
2023-07,Alberta,"Professional, scientific and technical services [54,541]",134752,A,51.05,-114.0667
2023-08,Alberta,"Professional, scientific and technical services [54,541]",134735,B,51.05,-114.0667
2023-09,Alberta,"Professional, scientific and technical services [54,541]",135508,B,51.05,-114.0667
2023-10,Alberta,"Professional, scientific and technical services [54,541]",134693,A,51.05,-114.0667
2023-11,Alberta,"Professional, scientific and technical services [54,541]",133135,A,51.05,-114.0667
2023-12,Alberta,"Professional, scientific and technical services [54,541]",134106,B,51.05,-114.0667
2024-01,Alberta,"Professional, scientific and technical services [54,541]",132917,B,51.05,-114.0667
2024-02,Alberta,"Professional, scientific and technical services [54,541]",132877,B,51.05,-114.0667
2018-01,Alberta,"Management of companies and enterprises [55,551,5511]",15692,A,51.05,-114.0667
2018-02,Alberta,"Management of companies and enterprises [55,551,5511]",16792,A,51.05,-114.0667
2018-03,Alberta,"Management of companies and enterprises [55,551,5511]",16756,A,51.05,-114.0667
2018-04,Alberta,"Management of companies and enterprises [55,551,5511]",16341,A,51.05,-114.0667
2018-05,Alberta,"Management of companies and enterprises [55,551,5511]",16765,A,51.05,-114.0667
2018-06,Alberta,"Management of companies and enterprises [55,551,5511]",16436,A,51.05,-114.0667
2018-07,Alberta,"Management of companies and enterprises [55,551,5511]",16459,A,51.05,-114.0667
2018-08,Alberta,"Management of companies and enterprises [55,551,5511]",16920,A,51.05,-114.0667
2018-09,Alberta,"Management of companies and enterprises [55,551,5511]",17219,A,51.05,-114.0667
2018-10,Alberta,"Management of companies and enterprises [55,551,5511]",18004,A,51.05,-114.0667
2018-11,Alberta,"Management of companies and enterprises [55,551,5511]",17683,A,51.05,-114.0667
2018-12,Alberta,"Management of companies and enterprises [55,551,5511]",18022,A,51.05,-114.0667
2019-01,Alberta,"Management of companies and enterprises [55,551,5511]",19246,A,51.05,-114.0667
2019-02,Alberta,"Management of companies and enterprises [55,551,5511]",19535,A,51.05,-114.0667
2019-03,Alberta,"Management of companies and enterprises [55,551,5511]",19104,A,51.05,-114.0667
2019-04,Alberta,"Management of companies and enterprises [55,551,5511]",19549,A,51.05,-114.0667
2019-05,Alberta,"Management of companies and enterprises [55,551,5511]",20850,A,51.05,-114.0667
2019-06,Alberta,"Management of companies and enterprises [55,551,5511]",21150,A,51.05,-114.0667
2019-07,Alberta,"Management of companies and enterprises [55,551,5511]",19034,A,51.05,-114.0667
2019-08,Alberta,"Management of companies and enterprises [55,551,5511]",19152,A,51.05,-114.0667
2019-09,Alberta,"Management of companies and enterprises [55,551,5511]",19048,B,51.05,-114.0667
2019-10,Alberta,"Management of companies and enterprises [55,551,5511]",19622,B,51.05,-114.0667
2019-11,Alberta,"Management of companies and enterprises [55,551,5511]",20360,B,51.05,-114.0667
2019-12,Alberta,"Management of companies and enterprises [55,551,5511]",20481,B,51.05,-114.0667
2020-01,Alberta,"Management of companies and enterprises [55,551,5511]",20110,A,51.05,-114.0667
2020-02,Alberta,"Management of companies and enterprises [55,551,5511]",20450,B,51.05,-114.0667
2020-03,Alberta,"Management of companies and enterprises [55,551,5511]",19643,B,51.05,-114.0667
2020-04,Alberta,"Management of companies and enterprises [55,551,5511]",17375,B,51.05,-114.0667
2020-05,Alberta,"Management of companies and enterprises [55,551,5511]",16445,B,51.05,-114.0667
2020-06,Alberta,"Management of companies and enterprises [55,551,5511]",16889,B,51.05,-114.0667
2020-07,Alberta,"Management of companies and enterprises [55,551,5511]",17540,B,51.05,-114.0667
2020-08,Alberta,"Management of companies and enterprises [55,551,5511]",18308,B,51.05,-114.0667
2020-09,Alberta,"Management of companies and enterprises [55,551,5511]",18097,B,51.05,-114.0667
2020-10,Alberta,"Management of companies and enterprises [55,551,5511]",17925,B,51.05,-114.0667
2020-11,Alberta,"Management of companies and enterprises [55,551,5511]",17855,A,51.05,-114.0667
2020-12,Alberta,"Management of companies and enterprises [55,551,5511]",17873,A,51.05,-114.0667
2021-01,Alberta,"Management of companies and enterprises [55,551,5511]",17554,A,51.05,-114.0667
2021-02,Alberta,"Management of companies and enterprises [55,551,5511]",18093,A,51.05,-114.0667
2021-03,Alberta,"Management of companies and enterprises [55,551,5511]",18638,A,51.05,-114.0667
2021-04,Alberta,"Management of companies and enterprises [55,551,5511]",18887,A,51.05,-114.0667
2021-05,Alberta,"Management of companies and enterprises [55,551,5511]",18407,B,51.05,-114.0667
2021-06,Alberta,"Management of companies and enterprises [55,551,5511]",19954,A,51.05,-114.0667
2021-07,Alberta,"Management of companies and enterprises [55,551,5511]",19649,B,51.05,-114.0667
2021-08,Alberta,"Management of companies and enterprises [55,551,5511]",19762,A,51.05,-114.0667
2021-09,Alberta,"Management of companies and enterprises [55,551,5511]",18849,A,51.05,-114.0667
2021-10,Alberta,"Management of companies and enterprises [55,551,5511]",18907,A,51.05,-114.0667
2021-11,Alberta,"Management of companies and enterprises [55,551,5511]",17878,A,51.05,-114.0667
2021-12,Alberta,"Management of companies and enterprises [55,551,5511]",18649,A,51.05,-114.0667
2022-01,Alberta,"Management of companies and enterprises [55,551,5511]",18578,B,51.05,-114.0667
2022-02,Alberta,"Management of companies and enterprises [55,551,5511]",18565,A,51.05,-114.0667
2022-03,Alberta,"Management of companies and enterprises [55,551,5511]",18676,A,51.05,-114.0667
2022-04,Alberta,"Management of companies and enterprises [55,551,5511]",19108,A,51.05,-114.0667
2022-05,Alberta,"Management of companies and enterprises [55,551,5511]",17259,A,51.05,-114.0667
2022-06,Alberta,"Management of companies and enterprises [55,551,5511]",18122,B,51.05,-114.0667
2022-07,Alberta,"Management of companies and enterprises [55,551,5511]",17358,B,51.05,-114.0667
2022-08,Alberta,"Management of companies and enterprises [55,551,5511]",16630,B,51.05,-114.0667
2022-09,Alberta,"Management of companies and enterprises [55,551,5511]",15763,A,51.05,-114.0667
2022-10,Alberta,"Management of companies and enterprises [55,551,5511]",15687,A,51.05,-114.0667
2022-11,Alberta,"Management of companies and enterprises [55,551,5511]",15760,B,51.05,-114.0667
2022-12,Alberta,"Management of companies and enterprises [55,551,5511]",16117,A,51.05,-114.0667
2023-01,Alberta,"Management of companies and enterprises [55,551,5511]",16178,B,51.05,-114.0667
2023-02,Alberta,"Management of companies and enterprises [55,551,5511]",16107,A,51.05,-114.0667
2023-03,Alberta,"Management of companies and enterprises [55,551,5511]",15773,B,51.05,-114.0667
2023-04,Alberta,"Management of companies and enterprises [55,551,5511]",15408,B,51.05,-114.0667
2023-05,Alberta,"Management of companies and enterprises [55,551,5511]",15459,A,51.05,-114.0667
2023-06,Alberta,"Management of companies and enterprises [55,551,5511]",15983,B,51.05,-114.0667
2023-07,Alberta,"Management of companies and enterprises [55,551,5511]",15401,B,51.05,-114.0667
2023-08,Alberta,"Management of companies and enterprises [55,551,5511]",15328,A,51.05,-114.0667
2023-09,Alberta,"Management of companies and enterprises [55,551,5511]",15470,B,51.05,-114.0667
2023-10,Alberta,"Management of companies and enterprises [55,551,5511]",15187,A,51.05,-114.0667
2023-11,Alberta,"Management of companies and enterprises [55,551,5511]",15198,A,51.05,-114.0667
2023-12,Alberta,"Management of companies and enterprises [55,551,5511]",15375,A,51.05,-114.0667
2024-01,Alberta,"Management of companies and enterprises [55,551,5511]",14597,B,51.05,-114.0667
2024-02,Alberta,"Management of companies and enterprises [55,551,5511]",14420,B,51.05,-114.0667
2018-01,Alberta,"Administrative and support, waste management and remediation services [56]",90626,A,51.05,-114.0667
2018-02,Alberta,"Administrative and support, waste management and remediation services [56]",91195,A,51.05,-114.0667
2018-03,Alberta,"Administrative and support, waste management and remediation services [56]",89753,A,51.05,-114.0667
2018-04,Alberta,"Administrative and support, waste management and remediation services [56]",90907,A,51.05,-114.0667
2018-05,Alberta,"Administrative and support, waste management and remediation services [56]",94050,A,51.05,-114.0667
2018-06,Alberta,"Administrative and support, waste management and remediation services [56]",97215,A,51.05,-114.0667
2018-07,Alberta,"Administrative and support, waste management and remediation services [56]",97465,A,51.05,-114.0667
2018-08,Alberta,"Administrative and support, waste management and remediation services [56]",98701,A,51.05,-114.0667
2018-09,Alberta,"Administrative and support, waste management and remediation services [56]",98895,A,51.05,-114.0667
2018-10,Alberta,"Administrative and support, waste management and remediation services [56]",97519,A,51.05,-114.0667
2018-11,Alberta,"Administrative and support, waste management and remediation services [56]",96866,A,51.05,-114.0667
2018-12,Alberta,"Administrative and support, waste management and remediation services [56]",95381,A,51.05,-114.0667
2019-01,Alberta,"Administrative and support, waste management and remediation services [56]",92922,A,51.05,-114.0667
2019-02,Alberta,"Administrative and support, waste management and remediation services [56]",92276,A,51.05,-114.0667
2019-03,Alberta,"Administrative and support, waste management and remediation services [56]",92526,A,51.05,-114.0667
2019-04,Alberta,"Administrative and support, waste management and remediation services [56]",93224,A,51.05,-114.0667
2019-05,Alberta,"Administrative and support, waste management and remediation services [56]",95320,A,51.05,-114.0667
2019-06,Alberta,"Administrative and support, waste management and remediation services [56]",98362,A,51.05,-114.0667
2019-07,Alberta,"Administrative and support, waste management and remediation services [56]",99997,A,51.05,-114.0667
2019-08,Alberta,"Administrative and support, waste management and remediation services [56]",100833,A,51.05,-114.0667
2019-09,Alberta,"Administrative and support, waste management and remediation services [56]",100277,A,51.05,-114.0667
2019-10,Alberta,"Administrative and support, waste management and remediation services [56]",98755,A,51.05,-114.0667
2019-11,Alberta,"Administrative and support, waste management and remediation services [56]",97837,B,51.05,-114.0667
2019-12,Alberta,"Administrative and support, waste management and remediation services [56]",94952,A,51.05,-114.0667
2020-01,Alberta,"Administrative and support, waste management and remediation services [56]",89205,A,51.05,-114.0667
2020-02,Alberta,"Administrative and support, waste management and remediation services [56]",88064,B,51.05,-114.0667
2020-03,Alberta,"Administrative and support, waste management and remediation services [56]",83903,B,51.05,-114.0667
2020-04,Alberta,"Administrative and support, waste management and remediation services [56]",77147,B,51.05,-114.0667
2020-05,Alberta,"Administrative and support, waste management and remediation services [56]",77202,B,51.05,-114.0667
2020-06,Alberta,"Administrative and support, waste management and remediation services [56]",80599,B,51.05,-114.0667
2020-07,Alberta,"Administrative and support, waste management and remediation services [56]",84663,B,51.05,-114.0667
2020-08,Alberta,"Administrative and support, waste management and remediation services [56]",84849,B,51.05,-114.0667
2020-09,Alberta,"Administrative and support, waste management and remediation services [56]",86644,A,51.05,-114.0667
2020-10,Alberta,"Administrative and support, waste management and remediation services [56]",87037,B,51.05,-114.0667
2020-11,Alberta,"Administrative and support, waste management and remediation services [56]",86396,B,51.05,-114.0667
2020-12,Alberta,"Administrative and support, waste management and remediation services [56]",86292,B,51.05,-114.0667
2021-01,Alberta,"Administrative and support, waste management and remediation services [56]",83757,B,51.05,-114.0667
2021-02,Alberta,"Administrative and support, waste management and remediation services [56]",81975,A,51.05,-114.0667
2021-03,Alberta,"Administrative and support, waste management and remediation services [56]",83293,B,51.05,-114.0667
2021-04,Alberta,"Administrative and support, waste management and remediation services [56]",85407,A,51.05,-114.0667
2021-05,Alberta,"Administrative and support, waste management and remediation services [56]",85938,B,51.05,-114.0667
2021-06,Alberta,"Administrative and support, waste management and remediation services [56]",88466,A,51.05,-114.0667
2021-07,Alberta,"Administrative and support, waste management and remediation services [56]",89428,A,51.05,-114.0667
2021-08,Alberta,"Administrative and support, waste management and remediation services [56]",89471,B,51.05,-114.0667
2021-09,Alberta,"Administrative and support, waste management and remediation services [56]",89890,B,51.05,-114.0667
2021-10,Alberta,"Administrative and support, waste management and remediation services [56]",89140,A,51.05,-114.0667
2021-11,Alberta,"Administrative and support, waste management and remediation services [56]",88570,B,51.05,-114.0667
2021-12,Alberta,"Administrative and support, waste management and remediation services [56]",87745,B,51.05,-114.0667
2022-01,Alberta,"Administrative and support, waste management and remediation services [56]",84877,B,51.05,-114.0667
2022-02,Alberta,"Administrative and support, waste management and remediation services [56]",85244,B,51.05,-114.0667
2022-03,Alberta,"Administrative and support, waste management and remediation services [56]",85546,B,51.05,-114.0667
2022-04,Alberta,"Administrative and support, waste management and remediation services [56]",87412,A,51.05,-114.0667
2022-05,Alberta,"Administrative and support, waste management and remediation services [56]",89928,B,51.05,-114.0667
2022-06,Alberta,"Administrative and support, waste management and remediation services [56]",93095,B,51.05,-114.0667
2022-07,Alberta,"Administrative and support, waste management and remediation services [56]",93650,B,51.05,-114.0667
2022-08,Alberta,"Administrative and support, waste management and remediation services [56]",92929,A,51.05,-114.0667
2022-09,Alberta,"Administrative and support, waste management and remediation services [56]",93922,B,51.05,-114.0667
2022-10,Alberta,"Administrative and support, waste management and remediation services [56]",91266,B,51.05,-114.0667
2022-11,Alberta,"Administrative and support, waste management and remediation services [56]",90836,B,51.05,-114.0667
2022-12,Alberta,"Administrative and support, waste management and remediation services [56]",90152,B,51.05,-114.0667
2023-01,Alberta,"Administrative and support, waste management and remediation services [56]",87731,B,51.05,-114.0667
2023-02,Alberta,"Administrative and support, waste management and remediation services [56]",87403,B,51.05,-114.0667
2023-03,Alberta,"Administrative and support, waste management and remediation services [56]",87611,B,51.05,-114.0667
2023-04,Alberta,"Administrative and support, waste management and remediation services [56]",88185,B,51.05,-114.0667
2023-05,Alberta,"Administrative and support, waste management and remediation services [56]",92245,B,51.05,-114.0667
2023-06,Alberta,"Administrative and support, waste management and remediation services [56]",93981,B,51.05,-114.0667
2023-07,Alberta,"Administrative and support, waste management and remediation services [56]",94817,A,51.05,-114.0667
2023-08,Alberta,"Administrative and support, waste management and remediation services [56]",94865,B,51.05,-114.0667
2023-09,Alberta,"Administrative and support, waste management and remediation services [56]",95716,B,51.05,-114.0667
2023-10,Alberta,"Administrative and support, waste management and remediation services [56]",94007,B,51.05,-114.0667
2023-11,Alberta,"Administrative and support, waste management and remediation services [56]",92729,B,51.05,-114.0667
2023-12,Alberta,"Administrative and support, waste management and remediation services [56]",91422,B,51.05,-114.0667
2024-01,Alberta,"Administrative and support, waste management and remediation services [56]",88686,B,51.05,-114.0667
2024-02,Alberta,"Administrative and support, waste management and remediation services [56]",87972,B,51.05,-114.0667
2018-01,Alberta,"Educational services [61,611]",154408,A,51.05,-114.0667
2018-02,Alberta,"Educational services [61,611]",157709,A,51.05,-114.0667
2018-03,Alberta,"Educational services [61,611]",159147,A,51.05,-114.0667
2018-04,Alberta,"Educational services [61,611]",155284,A,51.05,-114.0667
2018-05,Alberta,"Educational services [61,611]",154875,A,51.05,-114.0667
2018-06,Alberta,"Educational services [61,611]",155715,A,51.05,-114.0667
2018-07,Alberta,"Educational services [61,611]",125543,A,51.05,-114.0667
2018-08,Alberta,"Educational services [61,611]",107546,A,51.05,-114.0667
2018-09,Alberta,"Educational services [61,611]",144890,A,51.05,-114.0667
2018-10,Alberta,"Educational services [61,611]",155783,A,51.05,-114.0667
2018-11,Alberta,"Educational services [61,611]",159135,A,51.05,-114.0667
2018-12,Alberta,"Educational services [61,611]",159854,A,51.05,-114.0667
2019-01,Alberta,"Educational services [61,611]",157286,A,51.05,-114.0667
2019-02,Alberta,"Educational services [61,611]",161877,A,51.05,-114.0667
2019-03,Alberta,"Educational services [61,611]",162282,A,51.05,-114.0667
2019-04,Alberta,"Educational services [61,611]",162069,A,51.05,-114.0667
2019-05,Alberta,"Educational services [61,611]",159154,A,51.05,-114.0667
2019-06,Alberta,"Educational services [61,611]",159278,A,51.05,-114.0667
2019-07,Alberta,"Educational services [61,611]",131634,A,51.05,-114.0667
2019-08,Alberta,"Educational services [61,611]",115606,A,51.05,-114.0667
2019-09,Alberta,"Educational services [61,611]",147960,A,51.05,-114.0667
2019-10,Alberta,"Educational services [61,611]",156619,A,51.05,-114.0667
2019-11,Alberta,"Educational services [61,611]",159960,A,51.05,-114.0667
2019-12,Alberta,"Educational services [61,611]",158521,A,51.05,-114.0667
2020-01,Alberta,"Educational services [61,611]",155689,A,51.05,-114.0667
2020-02,Alberta,"Educational services [61,611]",158111,A,51.05,-114.0667
2020-03,Alberta,"Educational services [61,611]",156321,A,51.05,-114.0667
2020-04,Alberta,"Educational services [61,611]",141501,A,51.05,-114.0667
2020-05,Alberta,"Educational services [61,611]",130496,A,51.05,-114.0667
2020-06,Alberta,"Educational services [61,611]",116941,A,51.05,-114.0667
2020-07,Alberta,"Educational services [61,611]",110003,A,51.05,-114.0667
2020-08,Alberta,"Educational services [61,611]",103034,A,51.05,-114.0667
2020-09,Alberta,"Educational services [61,611]",131366,A,51.05,-114.0667
2020-10,Alberta,"Educational services [61,611]",141535,A,51.05,-114.0667
2020-11,Alberta,"Educational services [61,611]",143808,B,51.05,-114.0667
2020-12,Alberta,"Educational services [61,611]",145177,B,51.05,-114.0667
2021-01,Alberta,"Educational services [61,611]",141225,A,51.05,-114.0667
2021-02,Alberta,"Educational services [61,611]",145906,A,51.05,-114.0667
2021-03,Alberta,"Educational services [61,611]",149720,A,51.05,-114.0667
2021-04,Alberta,"Educational services [61,611]",146134,B,51.05,-114.0667
2021-05,Alberta,"Educational services [61,611]",146290,A,51.05,-114.0667
2021-06,Alberta,"Educational services [61,611]",148078,A,51.05,-114.0667
2021-07,Alberta,"Educational services [61,611]",125422,B,51.05,-114.0667
2021-08,Alberta,"Educational services [61,611]",109370,A,51.05,-114.0667
2021-09,Alberta,"Educational services [61,611]",137595,A,51.05,-114.0667
2021-10,Alberta,"Educational services [61,611]",149100,A,51.05,-114.0667
2021-11,Alberta,"Educational services [61,611]",149562,A,51.05,-114.0667
2021-12,Alberta,"Educational services [61,611]",151972,A,51.05,-114.0667
2022-01,Alberta,"Educational services [61,611]",148637,A,51.05,-114.0667
2022-02,Alberta,"Educational services [61,611]",151226,A,51.05,-114.0667
2022-03,Alberta,"Educational services [61,611]",151972,A,51.05,-114.0667
2022-04,Alberta,"Educational services [61,611]",153064,A,51.05,-114.0667
2022-05,Alberta,"Educational services [61,611]",150776,A,51.05,-114.0667
2022-06,Alberta,"Educational services [61,611]",150905,B,51.05,-114.0667
2022-07,Alberta,"Educational services [61,611]",129635,B,51.05,-114.0667
2022-08,Alberta,"Educational services [61,611]",112623,A,51.05,-114.0667
2022-09,Alberta,"Educational services [61,611]",147058,A,51.05,-114.0667
2022-10,Alberta,"Educational services [61,611]",154408,B,51.05,-114.0667
2022-11,Alberta,"Educational services [61,611]",159084,A,51.05,-114.0667
2022-12,Alberta,"Educational services [61,611]",159937,A,51.05,-114.0667
2023-01,Alberta,"Educational services [61,611]",156698,A,51.05,-114.0667
2023-02,Alberta,"Educational services [61,611]",159411,A,51.05,-114.0667
2023-03,Alberta,"Educational services [61,611]",161584,B,51.05,-114.0667
2023-04,Alberta,"Educational services [61,611]",160266,A,51.05,-114.0667
2023-05,Alberta,"Educational services [61,611]",159114,A,51.05,-114.0667
2023-06,Alberta,"Educational services [61,611]",159563,A,51.05,-114.0667
2023-07,Alberta,"Educational services [61,611]",133456,A,51.05,-114.0667
2023-08,Alberta,"Educational services [61,611]",114441,A,51.05,-114.0667
2023-09,Alberta,"Educational services [61,611]",152724,A,51.05,-114.0667
2023-10,Alberta,"Educational services [61,611]",158808,A,51.05,-114.0667
2023-11,Alberta,"Educational services [61,611]",163606,A,51.05,-114.0667
2023-12,Alberta,"Educational services [61,611]",164633,B,51.05,-114.0667
2024-01,Alberta,"Educational services [61,611]",161567,A,51.05,-114.0667
2024-02,Alberta,"Educational services [61,611]",163289,A,51.05,-114.0667
2018-01,Alberta,Health care and social assistance [62],207628,A,51.05,-114.0667
2018-02,Alberta,Health care and social assistance [62],206083,A,51.05,-114.0667
2018-03,Alberta,Health care and social assistance [62],207214,A,51.05,-114.0667
2018-04,Alberta,Health care and social assistance [62],207398,A,51.05,-114.0667
2018-05,Alberta,Health care and social assistance [62],208287,A,51.05,-114.0667
2018-06,Alberta,Health care and social assistance [62],210159,A,51.05,-114.0667
2018-07,Alberta,Health care and social assistance [62],208013,A,51.05,-114.0667
2018-08,Alberta,Health care and social assistance [62],208468,A,51.05,-114.0667
2018-09,Alberta,Health care and social assistance [62],210994,A,51.05,-114.0667
2018-10,Alberta,Health care and social assistance [62],211260,A,51.05,-114.0667
2018-11,Alberta,Health care and social assistance [62],215228,A,51.05,-114.0667
2018-12,Alberta,Health care and social assistance [62],212830,A,51.05,-114.0667
2019-01,Alberta,Health care and social assistance [62],213552,A,51.05,-114.0667
2019-02,Alberta,Health care and social assistance [62],214930,A,51.05,-114.0667
2019-03,Alberta,Health care and social assistance [62],215591,A,51.05,-114.0667
2019-04,Alberta,Health care and social assistance [62],216629,A,51.05,-114.0667
2019-05,Alberta,Health care and social assistance [62],218482,A,51.05,-114.0667
2019-06,Alberta,Health care and social assistance [62],220074,A,51.05,-114.0667
2019-07,Alberta,Health care and social assistance [62],217001,A,51.05,-114.0667
2019-08,Alberta,Health care and social assistance [62],216838,A,51.05,-114.0667
2019-09,Alberta,Health care and social assistance [62],219668,B,51.05,-114.0667
2019-10,Alberta,Health care and social assistance [62],219629,B,51.05,-114.0667
2019-11,Alberta,Health care and social assistance [62],220090,B,51.05,-114.0667
2019-12,Alberta,Health care and social assistance [62],222540,B,51.05,-114.0667
2020-01,Alberta,Health care and social assistance [62],221115,B,51.05,-114.0667
2020-02,Alberta,Health care and social assistance [62],222118,B,51.05,-114.0667
2020-03,Alberta,Health care and social assistance [62],212951,B,51.05,-114.0667
2020-04,Alberta,Health care and social assistance [62],191280,B,51.05,-114.0667
2020-05,Alberta,Health care and social assistance [62],186440,B,51.05,-114.0667
2020-06,Alberta,Health care and social assistance [62],197583,B,51.05,-114.0667
2020-07,Alberta,Health care and social assistance [62],205211,B,51.05,-114.0667
2020-08,Alberta,Health care and social assistance [62],206331,B,51.05,-114.0667
2020-09,Alberta,Health care and social assistance [62],212357,A,51.05,-114.0667
2020-10,Alberta,Health care and social assistance [62],213287,A,51.05,-114.0667
2020-11,Alberta,Health care and social assistance [62],214190,A,51.05,-114.0667
2020-12,Alberta,Health care and social assistance [62],217374,A,51.05,-114.0667
2021-01,Alberta,Health care and social assistance [62],215688,A,51.05,-114.0667
2021-02,Alberta,Health care and social assistance [62],217351,A,51.05,-114.0667
2021-03,Alberta,Health care and social assistance [62],218894,A,51.05,-114.0667
2021-04,Alberta,Health care and social assistance [62],222275,B,51.05,-114.0667
2021-05,Alberta,Health care and social assistance [62],219320,A,51.05,-114.0667
2021-06,Alberta,Health care and social assistance [62],222098,B,51.05,-114.0667
2021-07,Alberta,Health care and social assistance [62],220636,A,51.05,-114.0667
2021-08,Alberta,Health care and social assistance [62],221031,A,51.05,-114.0667
2021-09,Alberta,Health care and social assistance [62],224127,A,51.05,-114.0667
2021-10,Alberta,Health care and social assistance [62],225315,B,51.05,-114.0667
2021-11,Alberta,Health care and social assistance [62],224200,B,51.05,-114.0667
2021-12,Alberta,Health care and social assistance [62],225750,B,51.05,-114.0667
2022-01,Alberta,Health care and social assistance [62],224563,B,51.05,-114.0667
2022-02,Alberta,Health care and social assistance [62],227145,B,51.05,-114.0667
2022-03,Alberta,Health care and social assistance [62],228528,B,51.05,-114.0667
2022-04,Alberta,Health care and social assistance [62],230119,B,51.05,-114.0667
2022-05,Alberta,Health care and social assistance [62],230036,B,51.05,-114.0667
2022-06,Alberta,Health care and social assistance [62],232573,B,51.05,-114.0667
2022-07,Alberta,Health care and social assistance [62],233625,B,51.05,-114.0667
2022-08,Alberta,Health care and social assistance [62],231291,B,51.05,-114.0667
2022-09,Alberta,Health care and social assistance [62],235362,B,51.05,-114.0667
2022-10,Alberta,Health care and social assistance [62],237324,B,51.05,-114.0667
2022-11,Alberta,Health care and social assistance [62],238052,B,51.05,-114.0667
2022-12,Alberta,Health care and social assistance [62],236944,B,51.05,-114.0667
2023-01,Alberta,Health care and social assistance [62],242111,B,51.05,-114.0667
2023-02,Alberta,Health care and social assistance [62],244305,B,51.05,-114.0667
2023-03,Alberta,Health care and social assistance [62],245746,A,51.05,-114.0667
2023-04,Alberta,Health care and social assistance [62],246560,A,51.05,-114.0667
2023-05,Alberta,Health care and social assistance [62],247205,A,51.05,-114.0667
2023-06,Alberta,Health care and social assistance [62],251322,A,51.05,-114.0667
2023-07,Alberta,Health care and social assistance [62],251528,B,51.05,-114.0667
2023-08,Alberta,Health care and social assistance [62],249502,B,51.05,-114.0667
2023-09,Alberta,Health care and social assistance [62],253371,B,51.05,-114.0667
2023-10,Alberta,Health care and social assistance [62],256119,B,51.05,-114.0667
2023-11,Alberta,Health care and social assistance [62],257379,B,51.05,-114.0667
2023-12,Alberta,Health care and social assistance [62],257109,A,51.05,-114.0667
2024-01,Alberta,Health care and social assistance [62],257626,A,51.05,-114.0667
2024-02,Alberta,Health care and social assistance [62],257077,B,51.05,-114.0667
2018-01,Alberta,"Arts, entertainment and recreation [71]",33631,A,51.05,-114.0667
2018-02,Alberta,"Arts, entertainment and recreation [71]",33599,A,51.05,-114.0667
2018-03,Alberta,"Arts, entertainment and recreation [71]",34631,A,51.05,-114.0667
2018-04,Alberta,"Arts, entertainment and recreation [71]",35001,A,51.05,-114.0667
2018-05,Alberta,"Arts, entertainment and recreation [71]",41402,A,51.05,-114.0667
2018-06,Alberta,"Arts, entertainment and recreation [71]",44097,A,51.05,-114.0667
2018-07,Alberta,"Arts, entertainment and recreation [71]",48124,A,51.05,-114.0667
2018-08,Alberta,"Arts, entertainment and recreation [71]",43947,A,51.05,-114.0667
2018-09,Alberta,"Arts, entertainment and recreation [71]",41761,A,51.05,-114.0667
2018-10,Alberta,"Arts, entertainment and recreation [71]",38660,A,51.05,-114.0667
2018-11,Alberta,"Arts, entertainment and recreation [71]",36122,A,51.05,-114.0667
2018-12,Alberta,"Arts, entertainment and recreation [71]",35965,A,51.05,-114.0667
2019-01,Alberta,"Arts, entertainment and recreation [71]",35641,A,51.05,-114.0667
2019-02,Alberta,"Arts, entertainment and recreation [71]",35130,A,51.05,-114.0667
2019-03,Alberta,"Arts, entertainment and recreation [71]",34825,A,51.05,-114.0667
2019-04,Alberta,"Arts, entertainment and recreation [71]",37665,A,51.05,-114.0667
2019-05,Alberta,"Arts, entertainment and recreation [71]",42122,A,51.05,-114.0667
2019-06,Alberta,"Arts, entertainment and recreation [71]",43813,A,51.05,-114.0667
2019-07,Alberta,"Arts, entertainment and recreation [71]",48478,A,51.05,-114.0667
2019-08,Alberta,"Arts, entertainment and recreation [71]",44841,A,51.05,-114.0667
2019-09,Alberta,"Arts, entertainment and recreation [71]",42571,A,51.05,-114.0667
2019-10,Alberta,"Arts, entertainment and recreation [71]",39141,B,51.05,-114.0667
2019-11,Alberta,"Arts, entertainment and recreation [71]",36457,A,51.05,-114.0667
2019-12,Alberta,"Arts, entertainment and recreation [71]",36112,B,51.05,-114.0667
2020-01,Alberta,"Arts, entertainment and recreation [71]",34684,B,51.05,-114.0667
2020-02,Alberta,"Arts, entertainment and recreation [71]",34841,B,51.05,-114.0667
2020-03,Alberta,"Arts, entertainment and recreation [71]",29778,A,51.05,-114.0667
2020-04,Alberta,"Arts, entertainment and recreation [71]",15018,B,51.05,-114.0667
2020-05,Alberta,"Arts, entertainment and recreation [71]",15500,B,51.05,-114.0667
2020-06,Alberta,"Arts, entertainment and recreation [71]",20571,B,51.05,-114.0667
2020-07,Alberta,"Arts, entertainment and recreation [71]",27090,B,51.05,-114.0667
2020-08,Alberta,"Arts, entertainment and recreation [71]",29297,B,51.05,-114.0667
2020-09,Alberta,"Arts, entertainment and recreation [71]",29964,B,51.05,-114.0667
2020-10,Alberta,"Arts, entertainment and recreation [71]",29544,A,51.05,-114.0667
2020-11,Alberta,"Arts, entertainment and recreation [71]",25066,A,51.05,-114.0667
2020-12,Alberta,"Arts, entertainment and recreation [71]",23501,B,51.05,-114.0667
2021-01,Alberta,"Arts, entertainment and recreation [71]",17575,B,51.05,-114.0667
2021-02,Alberta,"Arts, entertainment and recreation [71]",17349,A,51.05,-114.0667
2021-03,Alberta,"Arts, entertainment and recreation [71]",19139,B,51.05,-114.0667
2021-04,Alberta,"Arts, entertainment and recreation [71]",22456,B,51.05,-114.0667
2021-05,Alberta,"Arts, entertainment and recreation [71]",23598,A,51.05,-114.0667
2021-06,Alberta,"Arts, entertainment and recreation [71]",28813,A,51.05,-114.0667
2021-07,Alberta,"Arts, entertainment and recreation [71]",36338,A,51.05,-114.0667
2021-08,Alberta,"Arts, entertainment and recreation [71]",37891,A,51.05,-114.0667
2021-09,Alberta,"Arts, entertainment and recreation [71]",35141,A,51.05,-114.0667
2021-10,Alberta,"Arts, entertainment and recreation [71]",33714,A,51.05,-114.0667
2021-11,Alberta,"Arts, entertainment and recreation [71]",30121,A,51.05,-114.0667
2021-12,Alberta,"Arts, entertainment and recreation [71]",30154,A,51.05,-114.0667
2022-01,Alberta,"Arts, entertainment and recreation [71]",28975,A,51.05,-114.0667
2022-02,Alberta,"Arts, entertainment and recreation [71]",30021,A,51.05,-114.0667
2022-03,Alberta,"Arts, entertainment and recreation [71]",31072,A,51.05,-114.0667
2022-04,Alberta,"Arts, entertainment and recreation [71]",34005,A,51.05,-114.0667
2022-05,Alberta,"Arts, entertainment and recreation [71]",39638,B,51.05,-114.0667
2022-06,Alberta,"Arts, entertainment and recreation [71]",41095,B,51.05,-114.0667
2022-07,Alberta,"Arts, entertainment and recreation [71]",44602,B,51.05,-114.0667
2022-08,Alberta,"Arts, entertainment and recreation [71]",43748,A,51.05,-114.0667
2022-09,Alberta,"Arts, entertainment and recreation [71]",40271,A,51.05,-114.0667
2022-10,Alberta,"Arts, entertainment and recreation [71]",38490,B,51.05,-114.0667
2022-11,Alberta,"Arts, entertainment and recreation [71]",35860,B,51.05,-114.0667
2022-12,Alberta,"Arts, entertainment and recreation [71]",35606,B,51.05,-114.0667
2023-01,Alberta,"Arts, entertainment and recreation [71]",34250,B,51.05,-114.0667
2023-02,Alberta,"Arts, entertainment and recreation [71]",34630,A,51.05,-114.0667
2023-03,Alberta,"Arts, entertainment and recreation [71]",34376,A,51.05,-114.0667
2023-04,Alberta,"Arts, entertainment and recreation [71]",36073,A,51.05,-114.0667
2023-05,Alberta,"Arts, entertainment and recreation [71]",42084,A,51.05,-114.0667
2023-06,Alberta,"Arts, entertainment and recreation [71]",45051,A,51.05,-114.0667
2023-07,Alberta,"Arts, entertainment and recreation [71]",48478,A,51.05,-114.0667
2023-08,Alberta,"Arts, entertainment and recreation [71]",46965,C,51.05,-114.0667
2023-09,Alberta,"Arts, entertainment and recreation [71]",43769,A,51.05,-114.0667
2023-10,Alberta,"Arts, entertainment and recreation [71]",41316,A,51.05,-114.0667
2023-11,Alberta,"Arts, entertainment and recreation [71]",37415,A,51.05,-114.0667
2023-12,Alberta,"Arts, entertainment and recreation [71]",37530,A,51.05,-114.0667
2024-01,Alberta,"Arts, entertainment and recreation [71]",35366,B,51.05,-114.0667
2024-02,Alberta,"Arts, entertainment and recreation [71]",35552,B,51.05,-114.0667
2018-01,Alberta,Accommodation and food services [72],161021,A,51.05,-114.0667
2018-02,Alberta,Accommodation and food services [72],158926,A,51.05,-114.0667
2018-03,Alberta,Accommodation and food services [72],161669,A,51.05,-114.0667
2018-04,Alberta,Accommodation and food services [72],162952,A,51.05,-114.0667
2018-05,Alberta,Accommodation and food services [72],165850,A,51.05,-114.0667
2018-06,Alberta,Accommodation and food services [72],170302,A,51.05,-114.0667
2018-07,Alberta,Accommodation and food services [72],169193,A,51.05,-114.0667
2018-08,Alberta,Accommodation and food services [72],169671,A,51.05,-114.0667
2018-09,Alberta,Accommodation and food services [72],168283,A,51.05,-114.0667
2018-10,Alberta,Accommodation and food services [72],165746,A,51.05,-114.0667
2018-11,Alberta,Accommodation and food services [72],164419,A,51.05,-114.0667
2018-12,Alberta,Accommodation and food services [72],166518,A,51.05,-114.0667
2019-01,Alberta,Accommodation and food services [72],163362,A,51.05,-114.0667
2019-02,Alberta,Accommodation and food services [72],162557,A,51.05,-114.0667
2019-03,Alberta,Accommodation and food services [72],163557,A,51.05,-114.0667
2019-04,Alberta,Accommodation and food services [72],163095,A,51.05,-114.0667
2019-05,Alberta,Accommodation and food services [72],165887,A,51.05,-114.0667
2019-06,Alberta,Accommodation and food services [72],168135,A,51.05,-114.0667
2019-07,Alberta,Accommodation and food services [72],170555,A,51.05,-114.0667
2019-08,Alberta,Accommodation and food services [72],168426,A,51.05,-114.0667
2019-09,Alberta,Accommodation and food services [72],169327,B,51.05,-114.0667
2019-10,Alberta,Accommodation and food services [72],167477,B,51.05,-114.0667
2019-11,Alberta,Accommodation and food services [72],164792,B,51.05,-114.0667
2019-12,Alberta,Accommodation and food services [72],166346,A,51.05,-114.0667
2020-01,Alberta,Accommodation and food services [72],162238,B,51.05,-114.0667
2020-02,Alberta,Accommodation and food services [72],158889,B,51.05,-114.0667
2020-03,Alberta,Accommodation and food services [72],135338,B,51.05,-114.0667
2020-04,Alberta,Accommodation and food services [72],87283,B,51.05,-114.0667
2020-05,Alberta,Accommodation and food services [72],79971,B,51.05,-114.0667
2020-06,Alberta,Accommodation and food services [72],102709,B,51.05,-114.0667
2020-07,Alberta,Accommodation and food services [72],120464,B,51.05,-114.0667
2020-08,Alberta,Accommodation and food services [72],125959,B,51.05,-114.0667
2020-09,Alberta,Accommodation and food services [72],130447,B,51.05,-114.0667
2020-10,Alberta,Accommodation and food services [72],131865,B,51.05,-114.0667
2020-11,Alberta,Accommodation and food services [72],129168,B,51.05,-114.0667
2020-12,Alberta,Accommodation and food services [72],124019,B,51.05,-114.0667
2021-01,Alberta,Accommodation and food services [72],103347,B,51.05,-114.0667
2021-02,Alberta,Accommodation and food services [72],115157,B,51.05,-114.0667
2021-03,Alberta,Accommodation and food services [72],121928,B,51.05,-114.0667
2021-04,Alberta,Accommodation and food services [72],123352,B,51.05,-114.0667
2021-05,Alberta,Accommodation and food services [72],113837,B,51.05,-114.0667
2021-06,Alberta,Accommodation and food services [72],127003,B,51.05,-114.0667
2021-07,Alberta,Accommodation and food services [72],140698,B,51.05,-114.0667
2021-08,Alberta,Accommodation and food services [72],146959,B,51.05,-114.0667
2021-09,Alberta,Accommodation and food services [72],148979,B,51.05,-114.0667
2021-10,Alberta,Accommodation and food services [72],145935,B,51.05,-114.0667
2021-11,Alberta,Accommodation and food services [72],144130,B,51.05,-114.0667
2021-12,Alberta,Accommodation and food services [72],144938,C,51.05,-114.0667
2022-01,Alberta,Accommodation and food services [72],139973,C,51.05,-114.0667
2022-02,Alberta,Accommodation and food services [72],140350,B,51.05,-114.0667
2022-03,Alberta,Accommodation and food services [72],145379,B,51.05,-114.0667
2022-04,Alberta,Accommodation and food services [72],151514,B,51.05,-114.0667
2022-05,Alberta,Accommodation and food services [72],155629,B,51.05,-114.0667
2022-06,Alberta,Accommodation and food services [72],159563,B,51.05,-114.0667
2022-07,Alberta,Accommodation and food services [72],162296,B,51.05,-114.0667
2022-08,Alberta,Accommodation and food services [72],160701,B,51.05,-114.0667
2022-09,Alberta,Accommodation and food services [72],161504,B,51.05,-114.0667
2022-10,Alberta,Accommodation and food services [72],158405,B,51.05,-114.0667
2022-11,Alberta,Accommodation and food services [72],157163,B,51.05,-114.0667
2022-12,Alberta,Accommodation and food services [72],157818,B,51.05,-114.0667
2023-01,Alberta,Accommodation and food services [72],155568,B,51.05,-114.0667
2023-02,Alberta,Accommodation and food services [72],156691,B,51.05,-114.0667
2023-03,Alberta,Accommodation and food services [72],158721,B,51.05,-114.0667
2023-04,Alberta,Accommodation and food services [72],160172,B,51.05,-114.0667
2023-05,Alberta,Accommodation and food services [72],164029,B,51.05,-114.0667
2023-06,Alberta,Accommodation and food services [72],166917,B,51.05,-114.0667
2023-07,Alberta,Accommodation and food services [72],168049,B,51.05,-114.0667
2023-08,Alberta,Accommodation and food services [72],166651,B,51.05,-114.0667
2023-09,Alberta,Accommodation and food services [72],166354,B,51.05,-114.0667
2023-10,Alberta,Accommodation and food services [72],163318,B,51.05,-114.0667
2023-11,Alberta,Accommodation and food services [72],161547,B,51.05,-114.0667
2023-12,Alberta,Accommodation and food services [72],161426,B,51.05,-114.0667
2024-01,Alberta,Accommodation and food services [72],159130,B,51.05,-114.0667
2024-02,Alberta,Accommodation and food services [72],156375,B,51.05,-114.0667
2018-01,Alberta,Other services (except public administration) [81],73162,A,51.05,-114.0667
2018-02,Alberta,Other services (except public administration) [81],73516,A,51.05,-114.0667
2018-03,Alberta,Other services (except public administration) [81],74896,A,51.05,-114.0667
2018-04,Alberta,Other services (except public administration) [81],77555,A,51.05,-114.0667
2018-05,Alberta,Other services (except public administration) [81],79440,A,51.05,-114.0667
2018-06,Alberta,Other services (except public administration) [81],79731,A,51.05,-114.0667
2018-07,Alberta,Other services (except public administration) [81],78475,A,51.05,-114.0667
2018-08,Alberta,Other services (except public administration) [81],78860,A,51.05,-114.0667
2018-09,Alberta,Other services (except public administration) [81],78742,A,51.05,-114.0667
2018-10,Alberta,Other services (except public administration) [81],77151,A,51.05,-114.0667
2018-11,Alberta,Other services (except public administration) [81],76732,A,51.05,-114.0667
2018-12,Alberta,Other services (except public administration) [81],75965,A,51.05,-114.0667
2019-01,Alberta,Other services (except public administration) [81],73903,A,51.05,-114.0667
2019-02,Alberta,Other services (except public administration) [81],73912,A,51.05,-114.0667
2019-03,Alberta,Other services (except public administration) [81],74523,A,51.05,-114.0667
2019-04,Alberta,Other services (except public administration) [81],74898,A,51.05,-114.0667
2019-05,Alberta,Other services (except public administration) [81],76900,A,51.05,-114.0667
2019-06,Alberta,Other services (except public administration) [81],78318,A,51.05,-114.0667
2019-07,Alberta,Other services (except public administration) [81],77895,A,51.05,-114.0667
2019-08,Alberta,Other services (except public administration) [81],77901,A,51.05,-114.0667
2019-09,Alberta,Other services (except public administration) [81],77913,C,51.05,-114.0667
2019-10,Alberta,Other services (except public administration) [81],76847,B,51.05,-114.0667
2019-11,Alberta,Other services (except public administration) [81],75642,A,51.05,-114.0667
2019-12,Alberta,Other services (except public administration) [81],75576,A,51.05,-114.0667
2020-01,Alberta,Other services (except public administration) [81],73145,B,51.05,-114.0667
2020-02,Alberta,Other services (except public administration) [81],73003,B,51.05,-114.0667
2020-03,Alberta,Other services (except public administration) [81],65647,B,51.05,-114.0667
2020-04,Alberta,Other services (except public administration) [81],53351,B,51.05,-114.0667
2020-05,Alberta,Other services (except public administration) [81],50651,B,51.05,-114.0667
2020-06,Alberta,Other services (except public administration) [81],58018,A,51.05,-114.0667
2020-07,Alberta,Other services (except public administration) [81],61752,B,51.05,-114.0667
2020-08,Alberta,Other services (except public administration) [81],63668,B,51.05,-114.0667
2020-09,Alberta,Other services (except public administration) [81],65485,B,51.05,-114.0667
2020-10,Alberta,Other services (except public administration) [81],66786,B,51.05,-114.0667
2020-11,Alberta,Other services (except public administration) [81],66318,B,51.05,-114.0667
2020-12,Alberta,Other services (except public administration) [81],66226,A,51.05,-114.0667
2021-01,Alberta,Other services (except public administration) [81],62998,A,51.05,-114.0667
2021-02,Alberta,Other services (except public administration) [81],64680,B,51.05,-114.0667
2021-03,Alberta,Other services (except public administration) [81],64638,B,51.05,-114.0667
2021-04,Alberta,Other services (except public administration) [81],65710,A,51.05,-114.0667
2021-05,Alberta,Other services (except public administration) [81],65281,B,51.05,-114.0667
2021-06,Alberta,Other services (except public administration) [81],66263,A,51.05,-114.0667
2021-07,Alberta,Other services (except public administration) [81],68099,A,51.05,-114.0667
2021-08,Alberta,Other services (except public administration) [81],69119,B,51.05,-114.0667
2021-09,Alberta,Other services (except public administration) [81],69667,A,51.05,-114.0667
2021-10,Alberta,Other services (except public administration) [81],69841,A,51.05,-114.0667
2021-11,Alberta,Other services (except public administration) [81],68801,A,51.05,-114.0667
2021-12,Alberta,Other services (except public administration) [81],69539,A,51.05,-114.0667
2022-01,Alberta,Other services (except public administration) [81],68336,A,51.05,-114.0667
2022-02,Alberta,Other services (except public administration) [81],69033,A,51.05,-114.0667
2022-03,Alberta,Other services (except public administration) [81],69820,B,51.05,-114.0667
2022-04,Alberta,Other services (except public administration) [81],70820,B,51.05,-114.0667
2022-05,Alberta,Other services (except public administration) [81],71862,A,51.05,-114.0667
2022-06,Alberta,Other services (except public administration) [81],72111,C,51.05,-114.0667
2022-07,Alberta,Other services (except public administration) [81],73107,B,51.05,-114.0667
2022-08,Alberta,Other services (except public administration) [81],73951,B,51.05,-114.0667
2022-09,Alberta,Other services (except public administration) [81],74155,B,51.05,-114.0667
2022-10,Alberta,Other services (except public administration) [81],71897,B,51.05,-114.0667
2022-11,Alberta,Other services (except public administration) [81],72144,B,51.05,-114.0667
2022-12,Alberta,Other services (except public administration) [81],72899,A,51.05,-114.0667
2023-01,Alberta,Other services (except public administration) [81],72302,A,51.05,-114.0667
2023-02,Alberta,Other services (except public administration) [81],73305,A,51.05,-114.0667
2023-03,Alberta,Other services (except public administration) [81],73719,A,51.05,-114.0667
2023-04,Alberta,Other services (except public administration) [81],73587,B,51.05,-114.0667
2023-05,Alberta,Other services (except public administration) [81],75345,B,51.05,-114.0667
2023-06,Alberta,Other services (except public administration) [81],76737,B,51.05,-114.0667
2023-07,Alberta,Other services (except public administration) [81],76219,B,51.05,-114.0667
2023-08,Alberta,Other services (except public administration) [81],75848,B,51.05,-114.0667
2023-09,Alberta,Other services (except public administration) [81],76010,B,51.05,-114.0667
2023-10,Alberta,Other services (except public administration) [81],75176,A,51.05,-114.0667
2023-11,Alberta,Other services (except public administration) [81],74883,B,51.05,-114.0667
2023-12,Alberta,Other services (except public administration) [81],75487,B,51.05,-114.0667
2024-01,Alberta,Other services (except public administration) [81],73898,B,51.05,-114.0667
2024-02,Alberta,Other services (except public administration) [81],73604,B,51.05,-114.0667
2018-01,Alberta,Public administration [91],105920,A,51.05,-114.0667
2018-02,Alberta,Public administration [91],106180,A,51.05,-114.0667
2018-03,Alberta,Public administration [91],105273,A,51.05,-114.0667
2018-04,Alberta,Public administration [91],105715,A,51.05,-114.0667
2018-05,Alberta,Public administration [91],111402,A,51.05,-114.0667
2018-06,Alberta,Public administration [91],113822,A,51.05,-114.0667
2018-07,Alberta,Public administration [91],114175,A,51.05,-114.0667
2018-08,Alberta,Public administration [91],113348,A,51.05,-114.0667
2018-09,Alberta,Public administration [91],110909,A,51.05,-114.0667
2018-10,Alberta,Public administration [91],108287,A,51.05,-114.0667
2018-11,Alberta,Public administration [91],107164,A,51.05,-114.0667
2018-12,Alberta,Public administration [91],108067,A,51.05,-114.0667
2019-01,Alberta,Public administration [91],106134,A,51.05,-114.0667
2019-02,Alberta,Public administration [91],105780,A,51.05,-114.0667
2019-03,Alberta,Public administration [91],106283,A,51.05,-114.0667
2019-04,Alberta,Public administration [91],106441,A,51.05,-114.0667
2019-05,Alberta,Public administration [91],112014,A,51.05,-114.0667
2019-06,Alberta,Public administration [91],113489,A,51.05,-114.0667
2019-07,Alberta,Public administration [91],114811,A,51.05,-114.0667
2019-08,Alberta,Public administration [91],113863,A,51.05,-114.0667
2019-09,Alberta,Public administration [91],109941,B,51.05,-114.0667
2019-10,Alberta,Public administration [91],108421,A,51.05,-114.0667
2019-11,Alberta,Public administration [91],106737,A,51.05,-114.0667
2019-12,Alberta,Public administration [91],107708,A,51.05,-114.0667
2020-01,Alberta,Public administration [91],105812,A,51.05,-114.0667
2020-02,Alberta,Public administration [91],104924,B,51.05,-114.0667
2020-03,Alberta,Public administration [91],103822,A,51.05,-114.0667
2020-04,Alberta,Public administration [91],100171,A,51.05,-114.0667
2020-05,Alberta,Public administration [91],100115,A,51.05,-114.0667
2020-06,Alberta,Public administration [91],101598,A,51.05,-114.0667
2020-07,Alberta,Public administration [91],103288,A,51.05,-114.0667
2020-08,Alberta,Public administration [91],104185,A,51.05,-114.0667
2020-09,Alberta,Public administration [91],103793,A,51.05,-114.0667
2020-10,Alberta,Public administration [91],102993,A,51.05,-114.0667
2020-11,Alberta,Public administration [91],102164,B,51.05,-114.0667
2020-12,Alberta,Public administration [91],103215,A,51.05,-114.0667
2021-01,Alberta,Public administration [91],99453,A,51.05,-114.0667
2021-02,Alberta,Public administration [91],99435,A,51.05,-114.0667
2021-03,Alberta,Public administration [91],100118,A,51.05,-114.0667
2021-04,Alberta,Public administration [91],102395,B,51.05,-114.0667
2021-05,Alberta,Public administration [91],107294,A,51.05,-114.0667
2021-06,Alberta,Public administration [91],111110,A,51.05,-114.0667
2021-07,Alberta,Public administration [91],111493,B,51.05,-114.0667
2021-08,Alberta,Public administration [91],109135,A,51.05,-114.0667
2021-09,Alberta,Public administration [91],107477,A,51.05,-114.0667
2021-10,Alberta,Public administration [91],106032,A,51.05,-114.0667
2021-11,Alberta,Public administration [91],106097,A,51.05,-114.0667
2021-12,Alberta,Public administration [91],106401,A,51.05,-114.0667
2022-01,Alberta,Public administration [91],102928,B,51.05,-114.0667
2022-02,Alberta,Public administration [91],104160,A,51.05,-114.0667
2022-03,Alberta,Public administration [91],103819,B,51.05,-114.0667
2022-04,Alberta,Public administration [91],105154,A,51.05,-114.0667
2022-05,Alberta,Public administration [91],108827,B,51.05,-114.0667
2022-06,Alberta,Public administration [91],110467,B,51.05,-114.0667
2022-07,Alberta,Public administration [91],110565,B,51.05,-114.0667
2022-08,Alberta,Public administration [91],111678,B,51.05,-114.0667
2022-09,Alberta,Public administration [91],110086,A,51.05,-114.0667
2022-10,Alberta,Public administration [91],109751,A,51.05,-114.0667
2022-11,Alberta,Public administration [91],109823,A,51.05,-114.0667
2022-12,Alberta,Public administration [91],110655,A,51.05,-114.0667
2023-01,Alberta,Public administration [91],109314,A,51.05,-114.0667
2023-02,Alberta,Public administration [91],108841,A,51.05,-114.0667
2023-03,Alberta,Public administration [91],109380,A,51.05,-114.0667
2023-04,Alberta,Public administration [91],104407,B,51.05,-114.0667
2023-05,Alberta,Public administration [91],114521,B,51.05,-114.0667
2023-06,Alberta,Public administration [91],116085,B,51.05,-114.0667
2023-07,Alberta,Public administration [91],117801,B,51.05,-114.0667
2023-08,Alberta,Public administration [91],118037,B,51.05,-114.0667
2023-09,Alberta,Public administration [91],116098,B,51.05,-114.0667
2023-10,Alberta,Public administration [91],114961,B,51.05,-114.0667
2023-11,Alberta,Public administration [91],114092,B,51.05,-114.0667
2023-12,Alberta,Public administration [91],115323,A,51.05,-114.0667
2024-01,Alberta,Public administration [91],114619,A,51.05,-114.0667
2024-02,Alberta,Public administration [91],116062,A,51.05,-114.0667
2018-01,Alberta,Unclassified businesses [00],36976,A,51.05,-114.0667
2018-02,Alberta,Unclassified businesses [00],37831,A,51.05,-114.0667
2018-03,Alberta,Unclassified businesses [00],38594,A,51.05,-114.0667
2018-04,Alberta,Unclassified businesses [00],36436,A,51.05,-114.0667
2018-05,Alberta,Unclassified businesses [00],36910,A,51.05,-114.0667
2018-06,Alberta,Unclassified businesses [00],39319,A,51.05,-114.0667
2018-07,Alberta,Unclassified businesses [00],37757,A,51.05,-114.0667
2018-08,Alberta,Unclassified businesses [00],37770,A,51.05,-114.0667
2018-09,Alberta,Unclassified businesses [00],37103,A,51.05,-114.0667
2018-10,Alberta,Unclassified businesses [00],37726,A,51.05,-114.0667
2018-11,Alberta,Unclassified businesses [00],28567,A,51.05,-114.0667
2018-12,Alberta,Unclassified businesses [00],29873,A,51.05,-114.0667
2019-01,Alberta,Unclassified businesses [00],30909,A,51.05,-114.0667
2019-02,Alberta,Unclassified businesses [00],31036,A,51.05,-114.0667
2019-03,Alberta,Unclassified businesses [00],31231,A,51.05,-114.0667
2019-04,Alberta,Unclassified businesses [00],31523,A,51.05,-114.0667
2019-05,Alberta,Unclassified businesses [00],32415,A,51.05,-114.0667
2019-06,Alberta,Unclassified businesses [00],29613,A,51.05,-114.0667
2019-07,Alberta,Unclassified businesses [00],29256,A,51.05,-114.0667
2019-08,Alberta,Unclassified businesses [00],30887,A,51.05,-114.0667
2019-09,Alberta,Unclassified businesses [00],30073,B,51.05,-114.0667
2019-10,Alberta,Unclassified businesses [00],31084,A,51.05,-114.0667
2019-11,Alberta,Unclassified businesses [00],30632,A,51.05,-114.0667
2019-12,Alberta,Unclassified businesses [00],30957,A,51.05,-114.0667
2020-01,Alberta,Unclassified businesses [00],31634,A,51.05,-114.0667
2020-02,Alberta,Unclassified businesses [00],30535,B,51.05,-114.0667
2020-03,Alberta,Unclassified businesses [00],29255,B,51.05,-114.0667
2020-04,Alberta,Unclassified businesses [00],25688,B,51.05,-114.0667
2020-05,Alberta,Unclassified businesses [00],23348,B,51.05,-114.0667
2020-06,Alberta,Unclassified businesses [00],25561,B,51.05,-114.0667
2020-07,Alberta,Unclassified businesses [00],26406,B,51.05,-114.0667
2020-08,Alberta,Unclassified businesses [00],27769,B,51.05,-114.0667
2020-09,Alberta,Unclassified businesses [00],29883,A,51.05,-114.0667
2020-10,Alberta,Unclassified businesses [00],30486,B,51.05,-114.0667
2020-11,Alberta,Unclassified businesses [00],28037,B,51.05,-114.0667
2020-12,Alberta,Unclassified businesses [00],29785,B,51.05,-114.0667
2021-01,Alberta,Unclassified businesses [00],29807,A,51.05,-114.0667
2021-02,Alberta,Unclassified businesses [00],30476,A,51.05,-114.0667
2021-03,Alberta,Unclassified businesses [00],32157,B,51.05,-114.0667
2021-04,Alberta,Unclassified businesses [00],31608,B,51.05,-114.0667
2021-05,Alberta,Unclassified businesses [00],30113,B,51.05,-114.0667
2021-06,Alberta,Unclassified businesses [00],32055,B,51.05,-114.0667
2021-07,Alberta,Unclassified businesses [00],33275,B,51.05,-114.0667
2021-08,Alberta,Unclassified businesses [00],33884,B,51.05,-114.0667
2021-09,Alberta,Unclassified businesses [00],34950,B,51.05,-114.0667
2021-10,Alberta,Unclassified businesses [00],35419,B,51.05,-114.0667
2021-11,Alberta,Unclassified businesses [00],33611,B,51.05,-114.0667
2021-12,Alberta,Unclassified businesses [00],34433,B,51.05,-114.0667
2022-01,Alberta,Unclassified businesses [00],36885,B,51.05,-114.0667
2022-02,Alberta,Unclassified businesses [00],38852,A,51.05,-114.0667
2022-03,Alberta,Unclassified businesses [00],41288,B,51.05,-114.0667
2022-04,Alberta,Unclassified businesses [00],45173,B,51.05,-114.0667
2022-05,Alberta,Unclassified businesses [00],45955,A,51.05,-114.0667
2022-06,Alberta,Unclassified businesses [00],47037,B,51.05,-114.0667
2022-07,Alberta,Unclassified businesses [00],45623,B,51.05,-114.0667
2022-08,Alberta,Unclassified businesses [00],45494,B,51.05,-114.0667
2022-09,Alberta,Unclassified businesses [00],46964,B,51.05,-114.0667
2022-10,Alberta,Unclassified businesses [00],44907,B,51.05,-114.0667
2022-11,Alberta,Unclassified businesses [00],45184,B,51.05,-114.0667
2022-12,Alberta,Unclassified businesses [00],47004,B,51.05,-114.0667
2023-01,Alberta,Unclassified businesses [00],44399,B,51.05,-114.0667
2023-02,Alberta,Unclassified businesses [00],43256,B,51.05,-114.0667
2023-03,Alberta,Unclassified businesses [00],44038,B,51.05,-114.0667
2023-04,Alberta,Unclassified businesses [00],43228,B,51.05,-114.0667
2023-05,Alberta,Unclassified businesses [00],43393,B,51.05,-114.0667
2023-06,Alberta,Unclassified businesses [00],44739,B,51.05,-114.0667
2023-07,Alberta,Unclassified businesses [00],46351,B,51.05,-114.0667
2023-08,Alberta,Unclassified businesses [00],45800,B,51.05,-114.0667
2023-09,Alberta,Unclassified businesses [00],45071,B,51.05,-114.0667
2023-10,Alberta,Unclassified businesses [00],45331,B,51.05,-114.0667
2023-11,Alberta,Unclassified businesses [00],45949,B,51.05,-114.0667
2023-12,Alberta,Unclassified businesses [00],47366,B,51.05,-114.0667
2024-01,Alberta,Unclassified businesses [00],45316,A,51.05,-114.0667
2024-02,Alberta,Unclassified businesses [00],45563,B,51.05,-114.0667
2018-01,British Columbia,Goods producing industries [11-33N],339724,A,49.25,-123.1
2018-02,British Columbia,Goods producing industries [11-33N],344675,A,49.25,-123.1
2018-03,British Columbia,Goods producing industries [11-33N],347810,A,49.25,-123.1
2018-04,British Columbia,Goods producing industries [11-33N],349375,A,49.25,-123.1
2018-05,British Columbia,Goods producing industries [11-33N],359817,A,49.25,-123.1
2018-06,British Columbia,Goods producing industries [11-33N],370425,A,49.25,-123.1
2018-07,British Columbia,Goods producing industries [11-33N],374326,A,49.25,-123.1
2018-08,British Columbia,Goods producing industries [11-33N],376544,A,49.25,-123.1
2018-09,British Columbia,Goods producing industries [11-33N],372896,A,49.25,-123.1
2018-10,British Columbia,Goods producing industries [11-33N],370783,A,49.25,-123.1
2018-11,British Columbia,Goods producing industries [11-33N],372514,A,49.25,-123.1
2018-12,British Columbia,Goods producing industries [11-33N],371662,A,49.25,-123.1
2019-01,British Columbia,Goods producing industries [11-33N],357353,A,49.25,-123.1
2019-02,British Columbia,Goods producing industries [11-33N],361721,A,49.25,-123.1
2019-03,British Columbia,Goods producing industries [11-33N],360480,A,49.25,-123.1
2019-04,British Columbia,Goods producing industries [11-33N],363669,A,49.25,-123.1
2019-05,British Columbia,Goods producing industries [11-33N],372763,A,49.25,-123.1
2019-06,British Columbia,Goods producing industries [11-33N],379161,A,49.25,-123.1
2019-07,British Columbia,Goods producing industries [11-33N],383296,A,49.25,-123.1
2019-08,British Columbia,Goods producing industries [11-33N],381454,A,49.25,-123.1
2019-09,British Columbia,Goods producing industries [11-33N],376623,B,49.25,-123.1
2019-10,British Columbia,Goods producing industries [11-33N],373893,B,49.25,-123.1
2019-11,British Columbia,Goods producing industries [11-33N],372295,B,49.25,-123.1
2019-12,British Columbia,Goods producing industries [11-33N],370837,A,49.25,-123.1
2020-01,British Columbia,Goods producing industries [11-33N],355851,B,49.25,-123.1
2020-02,British Columbia,Goods producing industries [11-33N],356358,B,49.25,-123.1
2020-03,British Columbia,Goods producing industries [11-33N],339512,B,49.25,-123.1
2020-04,British Columbia,Goods producing industries [11-33N],312630,B,49.25,-123.1
2020-05,British Columbia,Goods producing industries [11-33N],318664,B,49.25,-123.1
2020-06,British Columbia,Goods producing industries [11-33N],337606,B,49.25,-123.1
2020-07,British Columbia,Goods producing industries [11-33N],348989,B,49.25,-123.1
2020-08,British Columbia,Goods producing industries [11-33N],355415,B,49.25,-123.1
2020-09,British Columbia,Goods producing industries [11-33N],360156,B,49.25,-123.1
2020-10,British Columbia,Goods producing industries [11-33N],365352,B,49.25,-123.1
2020-11,British Columbia,Goods producing industries [11-33N],363118,B,49.25,-123.1
2020-12,British Columbia,Goods producing industries [11-33N],368638,B,49.25,-123.1
2021-01,British Columbia,Goods producing industries [11-33N],355281,B,49.25,-123.1
2021-02,British Columbia,Goods producing industries [11-33N],358329,B,49.25,-123.1
2021-03,British Columbia,Goods producing industries [11-33N],362884,B,49.25,-123.1
2021-04,British Columbia,Goods producing industries [11-33N],367327,B,49.25,-123.1
2021-05,British Columbia,Goods producing industries [11-33N],371604,B,49.25,-123.1
2021-06,British Columbia,Goods producing industries [11-33N],382923,B,49.25,-123.1
2021-07,British Columbia,Goods producing industries [11-33N],388928,B,49.25,-123.1
2021-08,British Columbia,Goods producing industries [11-33N],387552,B,49.25,-123.1
2021-09,British Columbia,Goods producing industries [11-33N],386058,B,49.25,-123.1
2021-10,British Columbia,Goods producing industries [11-33N],385621,B,49.25,-123.1
2021-11,British Columbia,Goods producing industries [11-33N],381788,B,49.25,-123.1
2021-12,British Columbia,Goods producing industries [11-33N],385610,B,49.25,-123.1
2022-01,British Columbia,Goods producing industries [11-33N],368897,B,49.25,-123.1
2022-02,British Columbia,Goods producing industries [11-33N],376679,B,49.25,-123.1
2022-03,British Columbia,Goods producing industries [11-33N],377726,B,49.25,-123.1
2022-04,British Columbia,Goods producing industries [11-33N],383141,B,49.25,-123.1
2022-05,British Columbia,Goods producing industries [11-33N],387633,B,49.25,-123.1
2022-06,British Columbia,Goods producing industries [11-33N],396900,B,49.25,-123.1
2022-07,British Columbia,Goods producing industries [11-33N],400887,B,49.25,-123.1
2022-08,British Columbia,Goods producing industries [11-33N],400398,B,49.25,-123.1
2022-09,British Columbia,Goods producing industries [11-33N],397742,B,49.25,-123.1
2022-10,British Columbia,Goods producing industries [11-33N],394804,B,49.25,-123.1
2022-11,British Columbia,Goods producing industries [11-33N],392924,B,49.25,-123.1
2022-12,British Columbia,Goods producing industries [11-33N],393787,B,49.25,-123.1
2023-01,British Columbia,Goods producing industries [11-33N],376184,B,49.25,-123.1
2023-02,British Columbia,Goods producing industries [11-33N],382102,B,49.25,-123.1
2023-03,British Columbia,Goods producing industries [11-33N],381303,B,49.25,-123.1
2023-04,British Columbia,Goods producing industries [11-33N],383216,B,49.25,-123.1
2023-05,British Columbia,Goods producing industries [11-33N],393233,B,49.25,-123.1
2023-06,British Columbia,Goods producing industries [11-33N],400711,B,49.25,-123.1
2023-07,British Columbia,Goods producing industries [11-33N],404607,B,49.25,-123.1
2023-08,British Columbia,Goods producing industries [11-33N],403297,B,49.25,-123.1
2023-09,British Columbia,Goods producing industries [11-33N],401074,B,49.25,-123.1
2023-10,British Columbia,Goods producing industries [11-33N],395298,B,49.25,-123.1
2023-11,British Columbia,Goods producing industries [11-33N],391605,B,49.25,-123.1
2023-12,British Columbia,Goods producing industries [11-33N],393102,B,49.25,-123.1
2024-01,British Columbia,Goods producing industries [11-33N],377431,B,49.25,-123.1
2024-02,British Columbia,Goods producing industries [11-33N],376252,B,49.25,-123.1
2018-01,British Columbia,"Forestry, logging and support [11N]",15521,A,49.25,-123.1
2018-02,British Columbia,"Forestry, logging and support [11N]",15721,A,49.25,-123.1
2018-03,British Columbia,"Forestry, logging and support [11N]",16063,A,49.25,-123.1
2018-04,British Columbia,"Forestry, logging and support [11N]",15857,A,49.25,-123.1
2018-05,British Columbia,"Forestry, logging and support [11N]",17173,A,49.25,-123.1
2018-06,British Columbia,"Forestry, logging and support [11N]",19845,A,49.25,-123.1
2018-07,British Columbia,"Forestry, logging and support [11N]",20945,A,49.25,-123.1
2018-08,British Columbia,"Forestry, logging and support [11N]",19563,A,49.25,-123.1
2018-09,British Columbia,"Forestry, logging and support [11N]",18703,A,49.25,-123.1
2018-10,British Columbia,"Forestry, logging and support [11N]",17879,A,49.25,-123.1
2018-11,British Columbia,"Forestry, logging and support [11N]",18049,A,49.25,-123.1
2018-12,British Columbia,"Forestry, logging and support [11N]",17890,A,49.25,-123.1
2019-01,British Columbia,"Forestry, logging and support [11N]",15847,A,49.25,-123.1
2019-02,British Columbia,"Forestry, logging and support [11N]",16258,A,49.25,-123.1
2019-03,British Columbia,"Forestry, logging and support [11N]",16069,A,49.25,-123.1
2019-04,British Columbia,"Forestry, logging and support [11N]",15357,A,49.25,-123.1
2019-05,British Columbia,"Forestry, logging and support [11N]",17034,A,49.25,-123.1
2019-06,British Columbia,"Forestry, logging and support [11N]",19515,A,49.25,-123.1
2019-07,British Columbia,"Forestry, logging and support [11N]",19257,A,49.25,-123.1
2019-08,British Columbia,"Forestry, logging and support [11N]",17595,A,49.25,-123.1
2019-09,British Columbia,"Forestry, logging and support [11N]",16070,B,49.25,-123.1
2019-10,British Columbia,"Forestry, logging and support [11N]",15941,C,49.25,-123.1
2019-11,British Columbia,"Forestry, logging and support [11N]",15502,B,49.25,-123.1
2019-12,British Columbia,"Forestry, logging and support [11N]",15392,B,49.25,-123.1
2020-01,British Columbia,"Forestry, logging and support [11N]",13265,B,49.25,-123.1
2020-02,British Columbia,"Forestry, logging and support [11N]",13500,C,49.25,-123.1
2020-03,British Columbia,"Forestry, logging and support [11N]",14031,B,49.25,-123.1
2020-04,British Columbia,"Forestry, logging and support [11N]",12604,B,49.25,-123.1
2020-05,British Columbia,"Forestry, logging and support [11N]",13612,B,49.25,-123.1
2020-06,British Columbia,"Forestry, logging and support [11N]",16319,B,49.25,-123.1
2020-07,British Columbia,"Forestry, logging and support [11N]",17522,B,49.25,-123.1
2020-08,British Columbia,"Forestry, logging and support [11N]",17516,A,49.25,-123.1
2020-09,British Columbia,"Forestry, logging and support [11N]",16564,C,49.25,-123.1
2020-10,British Columbia,"Forestry, logging and support [11N]",16834,B,49.25,-123.1
2020-11,British Columbia,"Forestry, logging and support [11N]",16487,B,49.25,-123.1
2020-12,British Columbia,"Forestry, logging and support [11N]",16469,B,49.25,-123.1
2021-01,British Columbia,"Forestry, logging and support [11N]",15123,B,49.25,-123.1
2021-02,British Columbia,"Forestry, logging and support [11N]",15194,B,49.25,-123.1
2021-03,British Columbia,"Forestry, logging and support [11N]",15662,B,49.25,-123.1
2021-04,British Columbia,"Forestry, logging and support [11N]",15627,B,49.25,-123.1
2021-05,British Columbia,"Forestry, logging and support [11N]",17119,B,49.25,-123.1
2021-06,British Columbia,"Forestry, logging and support [11N]",19656,B,49.25,-123.1
2021-07,British Columbia,"Forestry, logging and support [11N]",20213,B,49.25,-123.1
2021-08,British Columbia,"Forestry, logging and support [11N]",18640,B,49.25,-123.1
2021-09,British Columbia,"Forestry, logging and support [11N]",17862,B,49.25,-123.1
2021-10,British Columbia,"Forestry, logging and support [11N]",17664,A,49.25,-123.1
2021-11,British Columbia,"Forestry, logging and support [11N]",17472,A,49.25,-123.1
2021-12,British Columbia,"Forestry, logging and support [11N]",16881,B,49.25,-123.1
2022-01,British Columbia,"Forestry, logging and support [11N]",14867,B,49.25,-123.1
2022-02,British Columbia,"Forestry, logging and support [11N]",15891,A,49.25,-123.1
2022-03,British Columbia,"Forestry, logging and support [11N]",16306,B,49.25,-123.1
2022-04,British Columbia,"Forestry, logging and support [11N]",15955,A,49.25,-123.1
2022-05,British Columbia,"Forestry, logging and support [11N]",18046,B,49.25,-123.1
2022-06,British Columbia,"Forestry, logging and support [11N]",19311,C,49.25,-123.1
2022-07,British Columbia,"Forestry, logging and support [11N]",20037,C,49.25,-123.1
2022-08,British Columbia,"Forestry, logging and support [11N]",19009,A,49.25,-123.1
2022-09,British Columbia,"Forestry, logging and support [11N]",17295,B,49.25,-123.1
2022-10,British Columbia,"Forestry, logging and support [11N]",16882,B,49.25,-123.1
2022-11,British Columbia,"Forestry, logging and support [11N]",16541,C,49.25,-123.1
2022-12,British Columbia,"Forestry, logging and support [11N]",16184,C,49.25,-123.1
2023-01,British Columbia,"Forestry, logging and support [11N]",14306,B,49.25,-123.1
2023-02,British Columbia,"Forestry, logging and support [11N]",14414,B,49.25,-123.1
2023-03,British Columbia,"Forestry, logging and support [11N]",14120,B,49.25,-123.1
2023-04,British Columbia,"Forestry, logging and support [11N]",13894,B,49.25,-123.1
2023-05,British Columbia,"Forestry, logging and support [11N]",16300,B,49.25,-123.1
2023-06,British Columbia,"Forestry, logging and support [11N]",17749,B,49.25,-123.1
2023-07,British Columbia,"Forestry, logging and support [11N]",18409,B,49.25,-123.1
2023-08,British Columbia,"Forestry, logging and support [11N]",17367,B,49.25,-123.1
2023-09,British Columbia,"Forestry, logging and support [11N]",16023,B,49.25,-123.1
2023-10,British Columbia,"Forestry, logging and support [11N]",15941,B,49.25,-123.1
2023-11,British Columbia,"Forestry, logging and support [11N]",15686,B,49.25,-123.1
2023-12,British Columbia,"Forestry, logging and support [11N]",15587,B,49.25,-123.1
2024-01,British Columbia,"Forestry, logging and support [11N]",13690,B,49.25,-123.1
2024-02,British Columbia,"Forestry, logging and support [11N]",13860,A,49.25,-123.1
2018-01,British Columbia,"Mining, quarrying, and oil and gas extraction [21]",19377,A,49.25,-123.1
2018-02,British Columbia,"Mining, quarrying, and oil and gas extraction [21]",19894,A,49.25,-123.1
2018-03,British Columbia,"Mining, quarrying, and oil and gas extraction [21]",19920,A,49.25,-123.1
2018-04,British Columbia,"Mining, quarrying, and oil and gas extraction [21]",19784,A,49.25,-123.1
2018-05,British Columbia,"Mining, quarrying, and oil and gas extraction [21]",19795,A,49.25,-123.1
2018-06,British Columbia,"Mining, quarrying, and oil and gas extraction [21]",20260,A,49.25,-123.1
2018-07,British Columbia,"Mining, quarrying, and oil and gas extraction [21]",20672,A,49.25,-123.1
2018-08,British Columbia,"Mining, quarrying, and oil and gas extraction [21]",21067,A,49.25,-123.1
2018-09,British Columbia,"Mining, quarrying, and oil and gas extraction [21]",21211,A,49.25,-123.1
2018-10,British Columbia,"Mining, quarrying, and oil and gas extraction [21]",20900,A,49.25,-123.1
2018-11,British Columbia,"Mining, quarrying, and oil and gas extraction [21]",20552,A,49.25,-123.1
2018-12,British Columbia,"Mining, quarrying, and oil and gas extraction [21]",21232,A,49.25,-123.1
2019-01,British Columbia,"Mining, quarrying, and oil and gas extraction [21]",19725,A,49.25,-123.1
2019-02,British Columbia,"Mining, quarrying, and oil and gas extraction [21]",20603,A,49.25,-123.1
2019-03,British Columbia,"Mining, quarrying, and oil and gas extraction [21]",20689,A,49.25,-123.1
2019-04,British Columbia,"Mining, quarrying, and oil and gas extraction [21]",20683,A,49.25,-123.1
2019-05,British Columbia,"Mining, quarrying, and oil and gas extraction [21]",20830,A,49.25,-123.1
2019-06,British Columbia,"Mining, quarrying, and oil and gas extraction [21]",20805,A,49.25,-123.1
2019-07,British Columbia,"Mining, quarrying, and oil and gas extraction [21]",20841,A,49.25,-123.1
2019-08,British Columbia,"Mining, quarrying, and oil and gas extraction [21]",20988,A,49.25,-123.1
2019-09,British Columbia,"Mining, quarrying, and oil and gas extraction [21]",20729,B,49.25,-123.1
2019-10,British Columbia,"Mining, quarrying, and oil and gas extraction [21]",20040,B,49.25,-123.1
2019-11,British Columbia,"Mining, quarrying, and oil and gas extraction [21]",19180,A,49.25,-123.1
2019-12,British Columbia,"Mining, quarrying, and oil and gas extraction [21]",18881,A,49.25,-123.1
2020-01,British Columbia,"Mining, quarrying, and oil and gas extraction [21]",18465,B,49.25,-123.1
2020-02,British Columbia,"Mining, quarrying, and oil and gas extraction [21]",18459,C,49.25,-123.1
2020-03,British Columbia,"Mining, quarrying, and oil and gas extraction [21]",17807,C,49.25,-123.1
2020-04,British Columbia,"Mining, quarrying, and oil and gas extraction [21]",17343,B,49.25,-123.1
2020-05,British Columbia,"Mining, quarrying, and oil and gas extraction [21]",17379,B,49.25,-123.1
2020-06,British Columbia,"Mining, quarrying, and oil and gas extraction [21]",17653,A,49.25,-123.1
2020-07,British Columbia,"Mining, quarrying, and oil and gas extraction [21]",18161,B,49.25,-123.1
2020-08,British Columbia,"Mining, quarrying, and oil and gas extraction [21]",18846,B,49.25,-123.1
2020-09,British Columbia,"Mining, quarrying, and oil and gas extraction [21]",19298,C,49.25,-123.1
2020-10,British Columbia,"Mining, quarrying, and oil and gas extraction [21]",19951,B,49.25,-123.1
2020-11,British Columbia,"Mining, quarrying, and oil and gas extraction [21]",20365,B,49.25,-123.1
2020-12,British Columbia,"Mining, quarrying, and oil and gas extraction [21]",20479,B,49.25,-123.1
2021-01,British Columbia,"Mining, quarrying, and oil and gas extraction [21]",19901,B,49.25,-123.1
2021-02,British Columbia,"Mining, quarrying, and oil and gas extraction [21]",20110,B,49.25,-123.1
2021-03,British Columbia,"Mining, quarrying, and oil and gas extraction [21]",20440,B,49.25,-123.1
2021-04,British Columbia,"Mining, quarrying, and oil and gas extraction [21]",20698,B,49.25,-123.1
2021-05,British Columbia,"Mining, quarrying, and oil and gas extraction [21]",20692,B,49.25,-123.1
2021-06,British Columbia,"Mining, quarrying, and oil and gas extraction [21]",21604,A,49.25,-123.1
2021-07,British Columbia,"Mining, quarrying, and oil and gas extraction [21]",21733,A,49.25,-123.1
2021-08,British Columbia,"Mining, quarrying, and oil and gas extraction [21]",22310,B,49.25,-123.1
2021-09,British Columbia,"Mining, quarrying, and oil and gas extraction [21]",22551,B,49.25,-123.1
2021-10,British Columbia,"Mining, quarrying, and oil and gas extraction [21]",21690,A,49.25,-123.1
2021-11,British Columbia,"Mining, quarrying, and oil and gas extraction [21]",21402,A,49.25,-123.1
2021-12,British Columbia,"Mining, quarrying, and oil and gas extraction [21]",22440,A,49.25,-123.1
2022-01,British Columbia,"Mining, quarrying, and oil and gas extraction [21]",20805,B,49.25,-123.1
2022-02,British Columbia,"Mining, quarrying, and oil and gas extraction [21]",21390,B,49.25,-123.1
2022-03,British Columbia,"Mining, quarrying, and oil and gas extraction [21]",21554,B,49.25,-123.1
2022-04,British Columbia,"Mining, quarrying, and oil and gas extraction [21]",21558,C,49.25,-123.1
2022-05,British Columbia,"Mining, quarrying, and oil and gas extraction [21]",21786,A,49.25,-123.1
2022-06,British Columbia,"Mining, quarrying, and oil and gas extraction [21]",23249,B,49.25,-123.1
2022-07,British Columbia,"Mining, quarrying, and oil and gas extraction [21]",24622,B,49.25,-123.1
2022-08,British Columbia,"Mining, quarrying, and oil and gas extraction [21]",24242,A,49.25,-123.1
2022-09,British Columbia,"Mining, quarrying, and oil and gas extraction [21]",24811,B,49.25,-123.1
2022-10,British Columbia,"Mining, quarrying, and oil and gas extraction [21]",24473,B,49.25,-123.1
2022-11,British Columbia,"Mining, quarrying, and oil and gas extraction [21]",24445,B,49.25,-123.1
2022-12,British Columbia,"Mining, quarrying, and oil and gas extraction [21]",24621,A,49.25,-123.1
2023-01,British Columbia,"Mining, quarrying, and oil and gas extraction [21]",,F,49.25,-123.1
2023-02,British Columbia,"Mining, quarrying, and oil and gas extraction [21]",23991,B,49.25,-123.1
2023-03,British Columbia,"Mining, quarrying, and oil and gas extraction [21]",24181,B,49.25,-123.1
2023-04,British Columbia,"Mining, quarrying, and oil and gas extraction [21]",24288,A,49.25,-123.1
2023-05,British Columbia,"Mining, quarrying, and oil and gas extraction [21]",24314,B,49.25,-123.1
2023-06,British Columbia,"Mining, quarrying, and oil and gas extraction [21]",25325,B,49.25,-123.1
2023-07,British Columbia,"Mining, quarrying, and oil and gas extraction [21]",25772,B,49.25,-123.1
2023-08,British Columbia,"Mining, quarrying, and oil and gas extraction [21]",25623,C,49.25,-123.1
2023-09,British Columbia,"Mining, quarrying, and oil and gas extraction [21]",25511,B,49.25,-123.1
2023-10,British Columbia,"Mining, quarrying, and oil and gas extraction [21]",25274,B,49.25,-123.1
2023-11,British Columbia,"Mining, quarrying, and oil and gas extraction [21]",25915,B,49.25,-123.1
2023-12,British Columbia,"Mining, quarrying, and oil and gas extraction [21]",26192,B,49.25,-123.1
2024-01,British Columbia,"Mining, quarrying, and oil and gas extraction [21]",24808,B,49.25,-123.1
2024-02,British Columbia,"Mining, quarrying, and oil and gas extraction [21]",25163,C,49.25,-123.1
2018-01,British Columbia,"Utilities [22,221]",11338,A,49.25,-123.1
2018-02,British Columbia,"Utilities [22,221]",11372,A,49.25,-123.1
2018-03,British Columbia,"Utilities [22,221]",11403,A,49.25,-123.1
2018-04,British Columbia,"Utilities [22,221]",11062,A,49.25,-123.1
2018-05,British Columbia,"Utilities [22,221]",11601,A,49.25,-123.1
2018-06,British Columbia,"Utilities [22,221]",12163,A,49.25,-123.1
2018-07,British Columbia,"Utilities [22,221]",11965,A,49.25,-123.1
2018-08,British Columbia,"Utilities [22,221]",12015,A,49.25,-123.1
2018-09,British Columbia,"Utilities [22,221]",12056,A,49.25,-123.1
2018-10,British Columbia,"Utilities [22,221]",11957,B,49.25,-123.1
2018-11,British Columbia,"Utilities [22,221]",12101,A,49.25,-123.1
2018-12,British Columbia,"Utilities [22,221]",11996,A,49.25,-123.1
2019-01,British Columbia,"Utilities [22,221]",11888,A,49.25,-123.1
2019-02,British Columbia,"Utilities [22,221]",11928,A,49.25,-123.1
2019-03,British Columbia,"Utilities [22,221]",12024,A,49.25,-123.1
2019-04,British Columbia,"Utilities [22,221]",11899,D,49.25,-123.1
2019-05,British Columbia,"Utilities [22,221]",12109,A,49.25,-123.1
2019-06,British Columbia,"Utilities [22,221]",12199,A,49.25,-123.1
2019-07,British Columbia,"Utilities [22,221]",12167,A,49.25,-123.1
2019-08,British Columbia,"Utilities [22,221]",12160,A,49.25,-123.1
2019-09,British Columbia,"Utilities [22,221]",12055,B,49.25,-123.1
2019-10,British Columbia,"Utilities [22,221]",12145,A,49.25,-123.1
2019-11,British Columbia,"Utilities [22,221]",12128,D,49.25,-123.1
2019-12,British Columbia,"Utilities [22,221]",12220,B,49.25,-123.1
2020-01,British Columbia,"Utilities [22,221]",12270,B,49.25,-123.1
2020-02,British Columbia,"Utilities [22,221]",12162,B,49.25,-123.1
2020-03,British Columbia,"Utilities [22,221]",12268,B,49.25,-123.1
2020-04,British Columbia,"Utilities [22,221]",11951,E,49.25,-123.1
2020-05,British Columbia,"Utilities [22,221]",12408,C,49.25,-123.1
2020-06,British Columbia,"Utilities [22,221]",12206,C,49.25,-123.1
2020-07,British Columbia,"Utilities [22,221]",12256,A,49.25,-123.1
2020-08,British Columbia,"Utilities [22,221]",12136,A,49.25,-123.1
2020-09,British Columbia,"Utilities [22,221]",12030,A,49.25,-123.1
2020-10,British Columbia,"Utilities [22,221]",12218,A,49.25,-123.1
2020-11,British Columbia,"Utilities [22,221]",12207,A,49.25,-123.1
2020-12,British Columbia,"Utilities [22,221]",12075,A,49.25,-123.1
2021-01,British Columbia,"Utilities [22,221]",12220,A,49.25,-123.1
2021-02,British Columbia,"Utilities [22,221]",12376,A,49.25,-123.1
2021-03,British Columbia,"Utilities [22,221]",12140,A,49.25,-123.1
2021-04,British Columbia,"Utilities [22,221]",12371,A,49.25,-123.1
2021-05,British Columbia,"Utilities [22,221]",12224,A,49.25,-123.1
2021-06,British Columbia,"Utilities [22,221]",12328,A,49.25,-123.1
2021-07,British Columbia,"Utilities [22,221]",11948,A,49.25,-123.1
2021-08,British Columbia,"Utilities [22,221]",11909,A,49.25,-123.1
2021-09,British Columbia,"Utilities [22,221]",12009,A,49.25,-123.1
2021-10,British Columbia,"Utilities [22,221]",12028,A,49.25,-123.1
2021-11,British Columbia,"Utilities [22,221]",11956,C,49.25,-123.1
2021-12,British Columbia,"Utilities [22,221]",11989,B,49.25,-123.1
2022-01,British Columbia,"Utilities [22,221]",11997,A,49.25,-123.1
2022-02,British Columbia,"Utilities [22,221]",12028,C,49.25,-123.1
2022-03,British Columbia,"Utilities [22,221]",11874,B,49.25,-123.1
2022-04,British Columbia,"Utilities [22,221]",12009,A,49.25,-123.1
2022-05,British Columbia,"Utilities [22,221]",11973,A,49.25,-123.1
2022-06,British Columbia,"Utilities [22,221]",12183,C,49.25,-123.1
2022-07,British Columbia,"Utilities [22,221]",12104,A,49.25,-123.1
2022-08,British Columbia,"Utilities [22,221]",12251,B,49.25,-123.1
2022-09,British Columbia,"Utilities [22,221]",12299,B,49.25,-123.1
2022-10,British Columbia,"Utilities [22,221]",12296,B,49.25,-123.1
2022-11,British Columbia,"Utilities [22,221]",12215,B,49.25,-123.1
2022-12,British Columbia,"Utilities [22,221]",12259,B,49.25,-123.1
2023-01,British Columbia,"Utilities [22,221]",12206,B,49.25,-123.1
2023-02,British Columbia,"Utilities [22,221]",12281,B,49.25,-123.1
2023-03,British Columbia,"Utilities [22,221]",12386,B,49.25,-123.1
2023-04,British Columbia,"Utilities [22,221]",12058,A,49.25,-123.1
2023-05,British Columbia,"Utilities [22,221]",12184,B,49.25,-123.1
2023-06,British Columbia,"Utilities [22,221]",12525,A,49.25,-123.1
2023-07,British Columbia,"Utilities [22,221]",12144,B,49.25,-123.1
2023-08,British Columbia,"Utilities [22,221]",11922,B,49.25,-123.1
2023-09,British Columbia,"Utilities [22,221]",12161,A,49.25,-123.1
2023-10,British Columbia,"Utilities [22,221]",12037,A,49.25,-123.1
2023-11,British Columbia,"Utilities [22,221]",11918,B,49.25,-123.1
2023-12,British Columbia,"Utilities [22,221]",12048,A,49.25,-123.1
2024-01,British Columbia,"Utilities [22,221]",11984,A,49.25,-123.1
2024-02,British Columbia,"Utilities [22,221]",11734,B,49.25,-123.1
2018-01,British Columbia,Construction [23],145480,A,49.25,-123.1
2018-02,British Columbia,Construction [23],148600,A,49.25,-123.1
2018-03,British Columbia,Construction [23],151380,A,49.25,-123.1
2018-04,British Columbia,Construction [23],153025,A,49.25,-123.1
2018-05,British Columbia,Construction [23],158064,A,49.25,-123.1
2018-06,British Columbia,Construction [23],163422,A,49.25,-123.1
2018-07,British Columbia,Construction [23],165725,A,49.25,-123.1
2018-08,British Columbia,Construction [23],168278,A,49.25,-123.1
2018-09,British Columbia,Construction [23],167525,A,49.25,-123.1
2018-10,British Columbia,Construction [23],166286,A,49.25,-123.1
2018-11,British Columbia,Construction [23],167364,A,49.25,-123.1
2018-12,British Columbia,Construction [23],165558,A,49.25,-123.1
2019-01,British Columbia,Construction [23],157139,A,49.25,-123.1
2019-02,British Columbia,Construction [23],158432,A,49.25,-123.1
2019-03,British Columbia,Construction [23],159181,A,49.25,-123.1
2019-04,British Columbia,Construction [23],161460,A,49.25,-123.1
2019-05,British Columbia,Construction [23],166596,A,49.25,-123.1
2019-06,British Columbia,Construction [23],168848,A,49.25,-123.1
2019-07,British Columbia,Construction [23],171442,A,49.25,-123.1
2019-08,British Columbia,Construction [23],172261,A,49.25,-123.1
2019-09,British Columbia,Construction [23],171596,B,49.25,-123.1
2019-10,British Columbia,Construction [23],170730,B,49.25,-123.1
2019-11,British Columbia,Construction [23],170333,B,49.25,-123.1
2019-12,British Columbia,Construction [23],169098,A,49.25,-123.1
2020-01,British Columbia,Construction [23],159763,A,49.25,-123.1
2020-02,British Columbia,Construction [23],161026,B,49.25,-123.1
2020-03,British Columbia,Construction [23],152085,B,49.25,-123.1
2020-04,British Columbia,Construction [23],138562,B,49.25,-123.1
2020-05,British Columbia,Construction [23],143334,B,49.25,-123.1
2020-06,British Columbia,Construction [23],152471,B,49.25,-123.1
2020-07,British Columbia,Construction [23],158736,B,49.25,-123.1
2020-08,British Columbia,Construction [23],163238,A,49.25,-123.1
2020-09,British Columbia,Construction [23],165965,A,49.25,-123.1
2020-10,British Columbia,Construction [23],168277,B,49.25,-123.1
2020-11,British Columbia,Construction [23],167090,A,49.25,-123.1
2020-12,British Columbia,Construction [23],169772,B,49.25,-123.1
2021-01,British Columbia,Construction [23],161379,B,49.25,-123.1
2021-02,British Columbia,Construction [23],162729,B,49.25,-123.1
2021-03,British Columbia,Construction [23],166036,B,49.25,-123.1
2021-04,British Columbia,Construction [23],168699,B,49.25,-123.1
2021-05,British Columbia,Construction [23],170835,B,49.25,-123.1
2021-06,British Columbia,Construction [23],175007,B,49.25,-123.1
2021-07,British Columbia,Construction [23],178528,B,49.25,-123.1
2021-08,British Columbia,Construction [23],179296,B,49.25,-123.1
2021-09,British Columbia,Construction [23],179081,B,49.25,-123.1
2021-10,British Columbia,Construction [23],179396,B,49.25,-123.1
2021-11,British Columbia,Construction [23],177076,B,49.25,-123.1
2021-12,British Columbia,Construction [23],179393,A,49.25,-123.1
2022-01,British Columbia,Construction [23],170927,B,49.25,-123.1
2022-02,British Columbia,Construction [23],174415,B,49.25,-123.1
2022-03,British Columbia,Construction [23],176083,B,49.25,-123.1
2022-04,British Columbia,Construction [23],178928,B,49.25,-123.1
2022-05,British Columbia,Construction [23],181131,B,49.25,-123.1
2022-06,British Columbia,Construction [23],185967,B,49.25,-123.1
2022-07,British Columbia,Construction [23],188939,B,49.25,-123.1
2022-08,British Columbia,Construction [23],190179,B,49.25,-123.1
2022-09,British Columbia,Construction [23],189295,B,49.25,-123.1
2022-10,British Columbia,Construction [23],188708,B,49.25,-123.1
2022-11,British Columbia,Construction [23],187201,B,49.25,-123.1
2022-12,British Columbia,Construction [23],186642,B,49.25,-123.1
2023-01,British Columbia,Construction [23],178541,B,49.25,-123.1
2023-02,British Columbia,Construction [23],182465,B,49.25,-123.1
2023-03,British Columbia,Construction [23],182447,B,49.25,-123.1
2023-04,British Columbia,Construction [23],184143,B,49.25,-123.1
2023-05,British Columbia,Construction [23],189502,B,49.25,-123.1
2023-06,British Columbia,Construction [23],194089,B,49.25,-123.1
2023-07,British Columbia,Construction [23],196437,A,49.25,-123.1
2023-08,British Columbia,Construction [23],197043,B,49.25,-123.1
2023-09,British Columbia,Construction [23],195906,B,49.25,-123.1
2023-10,British Columbia,Construction [23],192156,B,49.25,-123.1
2023-11,British Columbia,Construction [23],190010,B,49.25,-123.1
2023-12,British Columbia,Construction [23],190386,B,49.25,-123.1
2024-01,British Columbia,Construction [23],181135,B,49.25,-123.1
2024-02,British Columbia,Construction [23],180359,B,49.25,-123.1
2018-01,British Columbia,Manufacturing [31-33],148008,A,49.25,-123.1
2018-02,British Columbia,Manufacturing [31-33],149088,A,49.25,-123.1
2018-03,British Columbia,Manufacturing [31-33],149044,A,49.25,-123.1
2018-04,British Columbia,Manufacturing [31-33],149647,A,49.25,-123.1
2018-05,British Columbia,Manufacturing [31-33],153184,A,49.25,-123.1
2018-06,British Columbia,Manufacturing [31-33],154735,A,49.25,-123.1
2018-07,British Columbia,Manufacturing [31-33],155020,A,49.25,-123.1
2018-08,British Columbia,Manufacturing [31-33],155621,A,49.25,-123.1
2018-09,British Columbia,Manufacturing [31-33],153401,A,49.25,-123.1
2018-10,British Columbia,Manufacturing [31-33],153761,A,49.25,-123.1
2018-11,British Columbia,Manufacturing [31-33],154448,A,49.25,-123.1
2018-12,British Columbia,Manufacturing [31-33],154987,A,49.25,-123.1
2019-01,British Columbia,Manufacturing [31-33],152754,A,49.25,-123.1
2019-02,British Columbia,Manufacturing [31-33],154500,A,49.25,-123.1
2019-03,British Columbia,Manufacturing [31-33],152518,A,49.25,-123.1
2019-04,British Columbia,Manufacturing [31-33],154270,A,49.25,-123.1
2019-05,British Columbia,Manufacturing [31-33],156194,A,49.25,-123.1
2019-06,British Columbia,Manufacturing [31-33],157794,A,49.25,-123.1
2019-07,British Columbia,Manufacturing [31-33],159589,A,49.25,-123.1
2019-08,British Columbia,Manufacturing [31-33],158450,A,49.25,-123.1
2019-09,British Columbia,Manufacturing [31-33],156174,B,49.25,-123.1
2019-10,British Columbia,Manufacturing [31-33],155036,B,49.25,-123.1
2019-11,British Columbia,Manufacturing [31-33],155153,B,49.25,-123.1
2019-12,British Columbia,Manufacturing [31-33],155245,B,49.25,-123.1
2020-01,British Columbia,Manufacturing [31-33],152087,B,49.25,-123.1
2020-02,British Columbia,Manufacturing [31-33],151211,B,49.25,-123.1
2020-03,British Columbia,Manufacturing [31-33],143321,B,49.25,-123.1
2020-04,British Columbia,Manufacturing [31-33],132169,B,49.25,-123.1
2020-05,British Columbia,Manufacturing [31-33],131931,B,49.25,-123.1
2020-06,British Columbia,Manufacturing [31-33],138957,B,49.25,-123.1
2020-07,British Columbia,Manufacturing [31-33],142314,B,49.25,-123.1
2020-08,British Columbia,Manufacturing [31-33],143679,B,49.25,-123.1
2020-09,British Columbia,Manufacturing [31-33],146299,B,49.25,-123.1
2020-10,British Columbia,Manufacturing [31-33],148072,B,49.25,-123.1
2020-11,British Columbia,Manufacturing [31-33],146969,B,49.25,-123.1
2020-12,British Columbia,Manufacturing [31-33],149843,B,49.25,-123.1
2021-01,British Columbia,Manufacturing [31-33],146657,B,49.25,-123.1
2021-02,British Columbia,Manufacturing [31-33],147920,B,49.25,-123.1
2021-03,British Columbia,Manufacturing [31-33],148606,B,49.25,-123.1
2021-04,British Columbia,Manufacturing [31-33],149932,B,49.25,-123.1
2021-05,British Columbia,Manufacturing [31-33],150733,B,49.25,-123.1
2021-06,British Columbia,Manufacturing [31-33],154328,B,49.25,-123.1
2021-07,British Columbia,Manufacturing [31-33],156506,B,49.25,-123.1
2021-08,British Columbia,Manufacturing [31-33],155397,B,49.25,-123.1
2021-09,British Columbia,Manufacturing [31-33],154556,B,49.25,-123.1
2021-10,British Columbia,Manufacturing [31-33],154842,B,49.25,-123.1
2021-11,British Columbia,Manufacturing [31-33],153883,B,49.25,-123.1
2021-12,British Columbia,Manufacturing [31-33],154906,B,49.25,-123.1
2022-01,British Columbia,Manufacturing [31-33],150301,B,49.25,-123.1
2022-02,British Columbia,Manufacturing [31-33],152955,B,49.25,-123.1
2022-03,British Columbia,Manufacturing [31-33],151908,B,49.25,-123.1
2022-04,British Columbia,Manufacturing [31-33],154691,B,49.25,-123.1
2022-05,British Columbia,Manufacturing [31-33],154697,B,49.25,-123.1
2022-06,British Columbia,Manufacturing [31-33],156191,B,49.25,-123.1
2022-07,British Columbia,Manufacturing [31-33],155186,B,49.25,-123.1
2022-08,British Columbia,Manufacturing [31-33],154717,B,49.25,-123.1
2022-09,British Columbia,Manufacturing [31-33],154041,B,49.25,-123.1
2022-10,British Columbia,Manufacturing [31-33],152445,B,49.25,-123.1
2022-11,British Columbia,Manufacturing [31-33],152522,B,49.25,-123.1
2022-12,British Columbia,Manufacturing [31-33],154082,B,49.25,-123.1
2023-01,British Columbia,Manufacturing [31-33],147081,B,49.25,-123.1
2023-02,British Columbia,Manufacturing [31-33],148951,B,49.25,-123.1
2023-03,British Columbia,Manufacturing [31-33],148168,B,49.25,-123.1
2023-04,British Columbia,Manufacturing [31-33],148834,B,49.25,-123.1
2023-05,British Columbia,Manufacturing [31-33],150934,B,49.25,-123.1
2023-06,British Columbia,Manufacturing [31-33],151023,B,49.25,-123.1
2023-07,British Columbia,Manufacturing [31-33],151845,B,49.25,-123.1
2023-08,British Columbia,Manufacturing [31-33],151342,B,49.25,-123.1
2023-09,British Columbia,Manufacturing [31-33],151473,B,49.25,-123.1
2023-10,British Columbia,Manufacturing [31-33],149891,B,49.25,-123.1
2023-11,British Columbia,Manufacturing [31-33],148076,B,49.25,-123.1
2023-12,British Columbia,Manufacturing [31-33],148890,B,49.25,-123.1
2024-01,British Columbia,Manufacturing [31-33],145814,B,49.25,-123.1
2024-02,British Columbia,Manufacturing [31-33],145136,B,49.25,-123.1
2018-01,British Columbia,Trade [41-45N],369616,A,49.25,-123.1
2018-02,British Columbia,Trade [41-45N],363513,A,49.25,-123.1
2018-03,British Columbia,Trade [41-45N],364246,A,49.25,-123.1
2018-04,British Columbia,Trade [41-45N],366670,A,49.25,-123.1
2018-05,British Columbia,Trade [41-45N],369846,A,49.25,-123.1
2018-06,British Columbia,Trade [41-45N],374209,A,49.25,-123.1
2018-07,British Columbia,Trade [41-45N],375672,A,49.25,-123.1
2018-08,British Columbia,Trade [41-45N],377848,A,49.25,-123.1
2018-09,British Columbia,Trade [41-45N],378057,A,49.25,-123.1
2018-10,British Columbia,Trade [41-45N],377292,A,49.25,-123.1
2018-11,British Columbia,Trade [41-45N],382205,A,49.25,-123.1
2018-12,British Columbia,Trade [41-45N],388226,A,49.25,-123.1
2019-01,British Columbia,Trade [41-45N],378180,A,49.25,-123.1
2019-02,British Columbia,Trade [41-45N],374959,A,49.25,-123.1
2019-03,British Columbia,Trade [41-45N],374712,A,49.25,-123.1
2019-04,British Columbia,Trade [41-45N],377919,A,49.25,-123.1
2019-05,British Columbia,Trade [41-45N],380644,A,49.25,-123.1
2019-06,British Columbia,Trade [41-45N],382830,A,49.25,-123.1
2019-07,British Columbia,Trade [41-45N],384593,A,49.25,-123.1
2019-08,British Columbia,Trade [41-45N],383613,A,49.25,-123.1
2019-09,British Columbia,Trade [41-45N],380689,B,49.25,-123.1
2019-10,British Columbia,Trade [41-45N],380912,A,49.25,-123.1
2019-11,British Columbia,Trade [41-45N],385355,A,49.25,-123.1
2019-12,British Columbia,Trade [41-45N],389584,A,49.25,-123.1
2020-01,British Columbia,Trade [41-45N],379006,B,49.25,-123.1
2020-02,British Columbia,Trade [41-45N],373347,B,49.25,-123.1
2020-03,British Columbia,Trade [41-45N],351816,B,49.25,-123.1
2020-04,British Columbia,Trade [41-45N],312385,B,49.25,-123.1
2020-05,British Columbia,Trade [41-45N],308909,B,49.25,-123.1
2020-06,British Columbia,Trade [41-45N],332983,B,49.25,-123.1
2020-07,British Columbia,Trade [41-45N],351410,B,49.25,-123.1
2020-08,British Columbia,Trade [41-45N],354913,B,49.25,-123.1
2020-09,British Columbia,Trade [41-45N],360737,B,49.25,-123.1
2020-10,British Columbia,Trade [41-45N],365136,B,49.25,-123.1
2020-11,British Columbia,Trade [41-45N],371964,B,49.25,-123.1
2020-12,British Columbia,Trade [41-45N],377342,B,49.25,-123.1
2021-01,British Columbia,Trade [41-45N],361421,A,49.25,-123.1
2021-02,British Columbia,Trade [41-45N],359255,A,49.25,-123.1
2021-03,British Columbia,Trade [41-45N],368077,A,49.25,-123.1
2021-04,British Columbia,Trade [41-45N],371105,A,49.25,-123.1
2021-05,British Columbia,Trade [41-45N],366392,A,49.25,-123.1
2021-06,British Columbia,Trade [41-45N],371383,B,49.25,-123.1
2021-07,British Columbia,Trade [41-45N],376197,B,49.25,-123.1
2021-08,British Columbia,Trade [41-45N],377201,A,49.25,-123.1
2021-09,British Columbia,Trade [41-45N],374176,A,49.25,-123.1
2021-10,British Columbia,Trade [41-45N],376703,A,49.25,-123.1
2021-11,British Columbia,Trade [41-45N],380161,B,49.25,-123.1
2021-12,British Columbia,Trade [41-45N],385182,A,49.25,-123.1
2022-01,British Columbia,Trade [41-45N],376811,A,49.25,-123.1
2022-02,British Columbia,Trade [41-45N],373668,A,49.25,-123.1
2022-03,British Columbia,Trade [41-45N],374227,A,49.25,-123.1
2022-04,British Columbia,Trade [41-45N],376889,B,49.25,-123.1
2022-05,British Columbia,Trade [41-45N],378726,B,49.25,-123.1
2022-06,British Columbia,Trade [41-45N],383438,B,49.25,-123.1
2022-07,British Columbia,Trade [41-45N],385456,B,49.25,-123.1
2022-08,British Columbia,Trade [41-45N],382869,B,49.25,-123.1
2022-09,British Columbia,Trade [41-45N],382528,A,49.25,-123.1
2022-10,British Columbia,Trade [41-45N],381740,B,49.25,-123.1
2022-11,British Columbia,Trade [41-45N],387187,B,49.25,-123.1
2022-12,British Columbia,Trade [41-45N],388045,B,49.25,-123.1
2023-01,British Columbia,Trade [41-45N],381713,B,49.25,-123.1
2023-02,British Columbia,Trade [41-45N],378822,A,49.25,-123.1
2023-03,British Columbia,Trade [41-45N],376808,B,49.25,-123.1
2023-04,British Columbia,Trade [41-45N],379190,B,49.25,-123.1
2023-05,British Columbia,Trade [41-45N],382074,B,49.25,-123.1
2023-06,British Columbia,Trade [41-45N],384672,B,49.25,-123.1
2023-07,British Columbia,Trade [41-45N],385420,B,49.25,-123.1
2023-08,British Columbia,Trade [41-45N],383559,A,49.25,-123.1
2023-09,British Columbia,Trade [41-45N],384673,A,49.25,-123.1
2023-10,British Columbia,Trade [41-45N],384322,A,49.25,-123.1
2023-11,British Columbia,Trade [41-45N],386814,A,49.25,-123.1
2023-12,British Columbia,Trade [41-45N],389766,B,49.25,-123.1
2024-01,British Columbia,Trade [41-45N],382499,A,49.25,-123.1
2024-02,British Columbia,Trade [41-45N],373820,B,49.25,-123.1
2018-01,British Columbia,Transportation and warehousing [48-49],109074,A,49.25,-123.1
2018-02,British Columbia,Transportation and warehousing [48-49],108131,A,49.25,-123.1
2018-03,British Columbia,Transportation and warehousing [48-49],109226,A,49.25,-123.1
2018-04,British Columbia,Transportation and warehousing [48-49],109832,A,49.25,-123.1
2018-05,British Columbia,Transportation and warehousing [48-49],111340,A,49.25,-123.1
2018-06,British Columbia,Transportation and warehousing [48-49],113867,A,49.25,-123.1
2018-07,British Columbia,Transportation and warehousing [48-49],114030,A,49.25,-123.1
2018-08,British Columbia,Transportation and warehousing [48-49],114989,A,49.25,-123.1
2018-09,British Columbia,Transportation and warehousing [48-49],116248,A,49.25,-123.1
2018-10,British Columbia,Transportation and warehousing [48-49],115065,A,49.25,-123.1
2018-11,British Columbia,Transportation and warehousing [48-49],115234,A,49.25,-123.1
2018-12,British Columbia,Transportation and warehousing [48-49],115918,A,49.25,-123.1
2019-01,British Columbia,Transportation and warehousing [48-49],113723,A,49.25,-123.1
2019-02,British Columbia,Transportation and warehousing [48-49],113801,A,49.25,-123.1
2019-03,British Columbia,Transportation and warehousing [48-49],114354,A,49.25,-123.1
2019-04,British Columbia,Transportation and warehousing [48-49],113076,A,49.25,-123.1
2019-05,British Columbia,Transportation and warehousing [48-49],114440,A,49.25,-123.1
2019-06,British Columbia,Transportation and warehousing [48-49],116379,A,49.25,-123.1
2019-07,British Columbia,Transportation and warehousing [48-49],116294,A,49.25,-123.1
2019-08,British Columbia,Transportation and warehousing [48-49],117751,A,49.25,-123.1
2019-09,British Columbia,Transportation and warehousing [48-49],117524,B,49.25,-123.1
2019-10,British Columbia,Transportation and warehousing [48-49],118704,A,49.25,-123.1
2019-11,British Columbia,Transportation and warehousing [48-49],118873,B,49.25,-123.1
2019-12,British Columbia,Transportation and warehousing [48-49],120549,B,49.25,-123.1
2020-01,British Columbia,Transportation and warehousing [48-49],119127,B,49.25,-123.1
2020-02,British Columbia,Transportation and warehousing [48-49],117496,B,49.25,-123.1
2020-03,British Columbia,Transportation and warehousing [48-49],111263,B,49.25,-123.1
2020-04,British Columbia,Transportation and warehousing [48-49],106629,B,49.25,-123.1
2020-05,British Columbia,Transportation and warehousing [48-49],101789,B,49.25,-123.1
2020-06,British Columbia,Transportation and warehousing [48-49],106363,B,49.25,-123.1
2020-07,British Columbia,Transportation and warehousing [48-49],106087,B,49.25,-123.1
2020-08,British Columbia,Transportation and warehousing [48-49],107481,B,49.25,-123.1
2020-09,British Columbia,Transportation and warehousing [48-49],112174,A,49.25,-123.1
2020-10,British Columbia,Transportation and warehousing [48-49],114214,B,49.25,-123.1
2020-11,British Columbia,Transportation and warehousing [48-49],112403,B,49.25,-123.1
2020-12,British Columbia,Transportation and warehousing [48-49],115274,B,49.25,-123.1
2021-01,British Columbia,Transportation and warehousing [48-49],112318,B,49.25,-123.1
2021-02,British Columbia,Transportation and warehousing [48-49],112583,B,49.25,-123.1
2021-03,British Columbia,Transportation and warehousing [48-49],112795,B,49.25,-123.1
2021-04,British Columbia,Transportation and warehousing [48-49],113867,B,49.25,-123.1
2021-05,British Columbia,Transportation and warehousing [48-49],111506,B,49.25,-123.1
2021-06,British Columbia,Transportation and warehousing [48-49],114805,B,49.25,-123.1
2021-07,British Columbia,Transportation and warehousing [48-49],115248,B,49.25,-123.1
2021-08,British Columbia,Transportation and warehousing [48-49],114864,B,49.25,-123.1
2021-09,British Columbia,Transportation and warehousing [48-49],114359,B,49.25,-123.1
2021-10,British Columbia,Transportation and warehousing [48-49],115630,A,49.25,-123.1
2021-11,British Columbia,Transportation and warehousing [48-49],115818,B,49.25,-123.1
2021-12,British Columbia,Transportation and warehousing [48-49],117939,B,49.25,-123.1
2022-01,British Columbia,Transportation and warehousing [48-49],117068,B,49.25,-123.1
2022-02,British Columbia,Transportation and warehousing [48-49],118098,B,49.25,-123.1
2022-03,British Columbia,Transportation and warehousing [48-49],118995,A,49.25,-123.1
2022-04,British Columbia,Transportation and warehousing [48-49],120128,B,49.25,-123.1
2022-05,British Columbia,Transportation and warehousing [48-49],120167,B,49.25,-123.1
2022-06,British Columbia,Transportation and warehousing [48-49],122744,B,49.25,-123.1
2022-07,British Columbia,Transportation and warehousing [48-49],123853,B,49.25,-123.1
2022-08,British Columbia,Transportation and warehousing [48-49],124411,B,49.25,-123.1
2022-09,British Columbia,Transportation and warehousing [48-49],125322,B,49.25,-123.1
2022-10,British Columbia,Transportation and warehousing [48-49],124894,B,49.25,-123.1
2022-11,British Columbia,Transportation and warehousing [48-49],124759,B,49.25,-123.1
2022-12,British Columbia,Transportation and warehousing [48-49],126171,B,49.25,-123.1
2023-01,British Columbia,Transportation and warehousing [48-49],123777,B,49.25,-123.1
2023-02,British Columbia,Transportation and warehousing [48-49],124631,B,49.25,-123.1
2023-03,British Columbia,Transportation and warehousing [48-49],124962,B,49.25,-123.1
2023-04,British Columbia,Transportation and warehousing [48-49],126253,B,49.25,-123.1
2023-05,British Columbia,Transportation and warehousing [48-49],127100,B,49.25,-123.1
2023-06,British Columbia,Transportation and warehousing [48-49],128263,B,49.25,-123.1
2023-07,British Columbia,Transportation and warehousing [48-49],129051,B,49.25,-123.1
2023-08,British Columbia,Transportation and warehousing [48-49],128590,B,49.25,-123.1
2023-09,British Columbia,Transportation and warehousing [48-49],128498,B,49.25,-123.1
2023-10,British Columbia,Transportation and warehousing [48-49],127447,B,49.25,-123.1
2023-11,British Columbia,Transportation and warehousing [48-49],127039,B,49.25,-123.1
2023-12,British Columbia,Transportation and warehousing [48-49],127218,B,49.25,-123.1
2024-01,British Columbia,Transportation and warehousing [48-49],125524,B,49.25,-123.1
2024-02,British Columbia,Transportation and warehousing [48-49],125049,B,49.25,-123.1
2018-01,British Columbia,Information and cultural industries [51],57486,A,49.25,-123.1
2018-02,British Columbia,Information and cultural industries [51],58460,A,49.25,-123.1
2018-03,British Columbia,Information and cultural industries [51],58558,A,49.25,-123.1
2018-04,British Columbia,Information and cultural industries [51],58954,A,49.25,-123.1
2018-05,British Columbia,Information and cultural industries [51],58648,A,49.25,-123.1
2018-06,British Columbia,Information and cultural industries [51],59115,A,49.25,-123.1
2018-07,British Columbia,Information and cultural industries [51],58118,A,49.25,-123.1
2018-08,British Columbia,Information and cultural industries [51],58145,A,49.25,-123.1
2018-09,British Columbia,Information and cultural industries [51],58119,A,49.25,-123.1
2018-10,British Columbia,Information and cultural industries [51],57309,A,49.25,-123.1
2018-11,British Columbia,Information and cultural industries [51],57493,A,49.25,-123.1
2018-12,British Columbia,Information and cultural industries [51],57367,A,49.25,-123.1
2019-01,British Columbia,Information and cultural industries [51],57440,A,49.25,-123.1
2019-02,British Columbia,Information and cultural industries [51],57101,A,49.25,-123.1
2019-03,British Columbia,Information and cultural industries [51],57084,A,49.25,-123.1
2019-04,British Columbia,Information and cultural industries [51],57087,A,49.25,-123.1
2019-05,British Columbia,Information and cultural industries [51],57239,A,49.25,-123.1
2019-06,British Columbia,Information and cultural industries [51],58190,A,49.25,-123.1
2019-07,British Columbia,Information and cultural industries [51],58363,A,49.25,-123.1
2019-08,British Columbia,Information and cultural industries [51],58373,A,49.25,-123.1
2019-09,British Columbia,Information and cultural industries [51],58149,A,49.25,-123.1
2019-10,British Columbia,Information and cultural industries [51],57588,B,49.25,-123.1
2019-11,British Columbia,Information and cultural industries [51],58308,B,49.25,-123.1
2019-12,British Columbia,Information and cultural industries [51],59015,B,49.25,-123.1
2020-01,British Columbia,Information and cultural industries [51],59154,B,49.25,-123.1
2020-02,British Columbia,Information and cultural industries [51],58361,B,49.25,-123.1
2020-03,British Columbia,Information and cultural industries [51],55521,B,49.25,-123.1
2020-04,British Columbia,Information and cultural industries [51],52697,B,49.25,-123.1
2020-05,British Columbia,Information and cultural industries [51],49821,B,49.25,-123.1
2020-06,British Columbia,Information and cultural industries [51],49272,B,49.25,-123.1
2020-07,British Columbia,Information and cultural industries [51],51201,B,49.25,-123.1
2020-08,British Columbia,Information and cultural industries [51],52305,B,49.25,-123.1
2020-09,British Columbia,Information and cultural industries [51],54741,B,49.25,-123.1
2020-10,British Columbia,Information and cultural industries [51],56204,B,49.25,-123.1
2020-11,British Columbia,Information and cultural industries [51],56413,A,49.25,-123.1
2020-12,British Columbia,Information and cultural industries [51],57007,B,49.25,-123.1
2021-01,British Columbia,Information and cultural industries [51],56919,A,49.25,-123.1
2021-02,British Columbia,Information and cultural industries [51],57159,A,49.25,-123.1
2021-03,British Columbia,Information and cultural industries [51],57116,B,49.25,-123.1
2021-04,British Columbia,Information and cultural industries [51],56431,B,49.25,-123.1
2021-05,British Columbia,Information and cultural industries [51],56905,B,49.25,-123.1
2021-06,British Columbia,Information and cultural industries [51],56531,A,49.25,-123.1
2021-07,British Columbia,Information and cultural industries [51],58177,A,49.25,-123.1
2021-08,British Columbia,Information and cultural industries [51],58730,A,49.25,-123.1
2021-09,British Columbia,Information and cultural industries [51],59568,B,49.25,-123.1
2021-10,British Columbia,Information and cultural industries [51],59654,A,49.25,-123.1
2021-11,British Columbia,Information and cultural industries [51],60133,B,49.25,-123.1
2021-12,British Columbia,Information and cultural industries [51],60281,A,49.25,-123.1
2022-01,British Columbia,Information and cultural industries [51],59615,A,49.25,-123.1
2022-02,British Columbia,Information and cultural industries [51],60548,A,49.25,-123.1
2022-03,British Columbia,Information and cultural industries [51],60925,A,49.25,-123.1
2022-04,British Columbia,Information and cultural industries [51],63206,B,49.25,-123.1
2022-05,British Columbia,Information and cultural industries [51],64101,B,49.25,-123.1
2022-06,British Columbia,Information and cultural industries [51],64253,B,49.25,-123.1
2022-07,British Columbia,Information and cultural industries [51],64808,B,49.25,-123.1
2022-08,British Columbia,Information and cultural industries [51],65824,B,49.25,-123.1
2022-09,British Columbia,Information and cultural industries [51],65532,B,49.25,-123.1
2022-10,British Columbia,Information and cultural industries [51],65800,B,49.25,-123.1
2022-11,British Columbia,Information and cultural industries [51],65554,B,49.25,-123.1
2022-12,British Columbia,Information and cultural industries [51],65107,B,49.25,-123.1
2023-01,British Columbia,Information and cultural industries [51],63083,B,49.25,-123.1
2023-02,British Columbia,Information and cultural industries [51],64076,A,49.25,-123.1
2023-03,British Columbia,Information and cultural industries [51],63789,B,49.25,-123.1
2023-04,British Columbia,Information and cultural industries [51],64191,B,49.25,-123.1
2023-05,British Columbia,Information and cultural industries [51],64814,B,49.25,-123.1
2023-06,British Columbia,Information and cultural industries [51],63134,B,49.25,-123.1
2023-07,British Columbia,Information and cultural industries [51],63009,B,49.25,-123.1
2023-08,British Columbia,Information and cultural industries [51],62181,B,49.25,-123.1
2023-09,British Columbia,Information and cultural industries [51],60872,B,49.25,-123.1
2023-10,British Columbia,Information and cultural industries [51],60871,B,49.25,-123.1
2023-11,British Columbia,Information and cultural industries [51],61136,B,49.25,-123.1
2023-12,British Columbia,Information and cultural industries [51],61879,B,49.25,-123.1
2024-01,British Columbia,Information and cultural industries [51],62128,B,49.25,-123.1
2024-02,British Columbia,Information and cultural industries [51],61855,B,49.25,-123.1
2018-01,British Columbia,Finance and insurance [52],87840,A,49.25,-123.1
2018-02,British Columbia,Finance and insurance [52],88437,A,49.25,-123.1
2018-03,British Columbia,Finance and insurance [52],87665,A,49.25,-123.1
2018-04,British Columbia,Finance and insurance [52],88143,A,49.25,-123.1
2018-05,British Columbia,Finance and insurance [52],88666,A,49.25,-123.1
2018-06,British Columbia,Finance and insurance [52],89788,A,49.25,-123.1
2018-07,British Columbia,Finance and insurance [52],89901,A,49.25,-123.1
2018-08,British Columbia,Finance and insurance [52],90103,A,49.25,-123.1
2018-09,British Columbia,Finance and insurance [52],89926,A,49.25,-123.1
2018-10,British Columbia,Finance and insurance [52],90169,A,49.25,-123.1
2018-11,British Columbia,Finance and insurance [52],90371,A,49.25,-123.1
2018-12,British Columbia,Finance and insurance [52],90954,A,49.25,-123.1
2019-01,British Columbia,Finance and insurance [52],89772,A,49.25,-123.1
2019-02,British Columbia,Finance and insurance [52],90184,A,49.25,-123.1
2019-03,British Columbia,Finance and insurance [52],90026,A,49.25,-123.1
2019-04,British Columbia,Finance and insurance [52],89170,A,49.25,-123.1
2019-05,British Columbia,Finance and insurance [52],90525,A,49.25,-123.1
2019-06,British Columbia,Finance and insurance [52],90874,A,49.25,-123.1
2019-07,British Columbia,Finance and insurance [52],91542,A,49.25,-123.1
2019-08,British Columbia,Finance and insurance [52],91235,A,49.25,-123.1
2019-09,British Columbia,Finance and insurance [52],90735,B,49.25,-123.1
2019-10,British Columbia,Finance and insurance [52],90149,A,49.25,-123.1
2019-11,British Columbia,Finance and insurance [52],90513,A,49.25,-123.1
2019-12,British Columbia,Finance and insurance [52],92920,A,49.25,-123.1
2020-01,British Columbia,Finance and insurance [52],90600,A,49.25,-123.1
2020-02,British Columbia,Finance and insurance [52],89593,A,49.25,-123.1
2020-03,British Columbia,Finance and insurance [52],88217,B,49.25,-123.1
2020-04,British Columbia,Finance and insurance [52],86489,B,49.25,-123.1
2020-05,British Columbia,Finance and insurance [52],85960,A,49.25,-123.1
2020-06,British Columbia,Finance and insurance [52],85351,B,49.25,-123.1
2020-07,British Columbia,Finance and insurance [52],86619,A,49.25,-123.1
2020-08,British Columbia,Finance and insurance [52],85969,A,49.25,-123.1
2020-09,British Columbia,Finance and insurance [52],86720,A,49.25,-123.1
2020-10,British Columbia,Finance and insurance [52],87413,A,49.25,-123.1
2020-11,British Columbia,Finance and insurance [52],88140,A,49.25,-123.1
2020-12,British Columbia,Finance and insurance [52],88806,A,49.25,-123.1
2021-01,British Columbia,Finance and insurance [52],87742,A,49.25,-123.1
2021-02,British Columbia,Finance and insurance [52],88653,A,49.25,-123.1
2021-03,British Columbia,Finance and insurance [52],88893,A,49.25,-123.1
2021-04,British Columbia,Finance and insurance [52],89805,A,49.25,-123.1
2021-05,British Columbia,Finance and insurance [52],90785,A,49.25,-123.1
2021-06,British Columbia,Finance and insurance [52],91554,A,49.25,-123.1
2021-07,British Columbia,Finance and insurance [52],91921,A,49.25,-123.1
2021-08,British Columbia,Finance and insurance [52],90684,A,49.25,-123.1
2021-09,British Columbia,Finance and insurance [52],91570,A,49.25,-123.1
2021-10,British Columbia,Finance and insurance [52],92004,A,49.25,-123.1
2021-11,British Columbia,Finance and insurance [52],92098,A,49.25,-123.1
2021-12,British Columbia,Finance and insurance [52],94139,A,49.25,-123.1
2022-01,British Columbia,Finance and insurance [52],93776,A,49.25,-123.1
2022-02,British Columbia,Finance and insurance [52],93781,A,49.25,-123.1
2022-03,British Columbia,Finance and insurance [52],92961,A,49.25,-123.1
2022-04,British Columbia,Finance and insurance [52],94508,A,49.25,-123.1
2022-05,British Columbia,Finance and insurance [52],93915,A,49.25,-123.1
2022-06,British Columbia,Finance and insurance [52],95728,B,49.25,-123.1
2022-07,British Columbia,Finance and insurance [52],96410,B,49.25,-123.1
2022-08,British Columbia,Finance and insurance [52],96153,A,49.25,-123.1
2022-09,British Columbia,Finance and insurance [52],96244,A,49.25,-123.1
2022-10,British Columbia,Finance and insurance [52],95306,A,49.25,-123.1
2022-11,British Columbia,Finance and insurance [52],95617,A,49.25,-123.1
2022-12,British Columbia,Finance and insurance [52],97655,A,49.25,-123.1
2023-01,British Columbia,Finance and insurance [52],96446,A,49.25,-123.1
2023-02,British Columbia,Finance and insurance [52],96839,B,49.25,-123.1
2023-03,British Columbia,Finance and insurance [52],95748,A,49.25,-123.1
2023-04,British Columbia,Finance and insurance [52],96302,A,49.25,-123.1
2023-05,British Columbia,Finance and insurance [52],95846,A,49.25,-123.1
2023-06,British Columbia,Finance and insurance [52],96726,A,49.25,-123.1
2023-07,British Columbia,Finance and insurance [52],96871,A,49.25,-123.1
2023-08,British Columbia,Finance and insurance [52],96462,B,49.25,-123.1
2023-09,British Columbia,Finance and insurance [52],97024,A,49.25,-123.1
2023-10,British Columbia,Finance and insurance [52],97102,A,49.25,-123.1
2023-11,British Columbia,Finance and insurance [52],96678,B,49.25,-123.1
2023-12,British Columbia,Finance and insurance [52],97573,A,49.25,-123.1
2024-01,British Columbia,Finance and insurance [52],97933,A,49.25,-123.1
2024-02,British Columbia,Finance and insurance [52],97168,B,49.25,-123.1
2018-01,British Columbia,Real estate and rental and leasing [53],44269,A,49.25,-123.1
2018-02,British Columbia,Real estate and rental and leasing [53],44093,A,49.25,-123.1
2018-03,British Columbia,Real estate and rental and leasing [53],43794,A,49.25,-123.1
2018-04,British Columbia,Real estate and rental and leasing [53],43820,A,49.25,-123.1
2018-05,British Columbia,Real estate and rental and leasing [53],44720,A,49.25,-123.1
2018-06,British Columbia,Real estate and rental and leasing [53],47002,A,49.25,-123.1
2018-07,British Columbia,Real estate and rental and leasing [53],46685,A,49.25,-123.1
2018-08,British Columbia,Real estate and rental and leasing [53],46367,A,49.25,-123.1
2018-09,British Columbia,Real estate and rental and leasing [53],46219,A,49.25,-123.1
2018-10,British Columbia,Real estate and rental and leasing [53],45667,A,49.25,-123.1
2018-11,British Columbia,Real estate and rental and leasing [53],45096,A,49.25,-123.1
2018-12,British Columbia,Real estate and rental and leasing [53],47181,A,49.25,-123.1
2019-01,British Columbia,Real estate and rental and leasing [53],45026,A,49.25,-123.1
2019-02,British Columbia,Real estate and rental and leasing [53],44628,A,49.25,-123.1
2019-03,British Columbia,Real estate and rental and leasing [53],44052,A,49.25,-123.1
2019-04,British Columbia,Real estate and rental and leasing [53],44395,A,49.25,-123.1
2019-05,British Columbia,Real estate and rental and leasing [53],45221,A,49.25,-123.1
2019-06,British Columbia,Real estate and rental and leasing [53],46822,A,49.25,-123.1
2019-07,British Columbia,Real estate and rental and leasing [53],46340,A,49.25,-123.1
2019-08,British Columbia,Real estate and rental and leasing [53],45732,A,49.25,-123.1
2019-09,British Columbia,Real estate and rental and leasing [53],45920,B,49.25,-123.1
2019-10,British Columbia,Real estate and rental and leasing [53],45773,A,49.25,-123.1
2019-11,British Columbia,Real estate and rental and leasing [53],45702,B,49.25,-123.1
2019-12,British Columbia,Real estate and rental and leasing [53],46701,B,49.25,-123.1
2020-01,British Columbia,Real estate and rental and leasing [53],44552,B,49.25,-123.1
2020-02,British Columbia,Real estate and rental and leasing [53],43815,B,49.25,-123.1
2020-03,British Columbia,Real estate and rental and leasing [53],40899,B,49.25,-123.1
2020-04,British Columbia,Real estate and rental and leasing [53],36818,B,49.25,-123.1
2020-05,British Columbia,Real estate and rental and leasing [53],35813,B,49.25,-123.1
2020-06,British Columbia,Real estate and rental and leasing [53],38459,B,49.25,-123.1
2020-07,British Columbia,Real estate and rental and leasing [53],38786,B,49.25,-123.1
2020-08,British Columbia,Real estate and rental and leasing [53],39501,B,49.25,-123.1
2020-09,British Columbia,Real estate and rental and leasing [53],39891,B,49.25,-123.1
2020-10,British Columbia,Real estate and rental and leasing [53],40031,B,49.25,-123.1
2020-11,British Columbia,Real estate and rental and leasing [53],40541,A,49.25,-123.1
2020-12,British Columbia,Real estate and rental and leasing [53],42364,A,49.25,-123.1
2021-01,British Columbia,Real estate and rental and leasing [53],40917,A,49.25,-123.1
2021-02,British Columbia,Real estate and rental and leasing [53],41817,A,49.25,-123.1
2021-03,British Columbia,Real estate and rental and leasing [53],41833,A,49.25,-123.1
2021-04,British Columbia,Real estate and rental and leasing [53],41929,A,49.25,-123.1
2021-05,British Columbia,Real estate and rental and leasing [53],42271,A,49.25,-123.1
2021-06,British Columbia,Real estate and rental and leasing [53],43663,A,49.25,-123.1
2021-07,British Columbia,Real estate and rental and leasing [53],44046,A,49.25,-123.1
2021-08,British Columbia,Real estate and rental and leasing [53],43987,B,49.25,-123.1
2021-09,British Columbia,Real estate and rental and leasing [53],44543,B,49.25,-123.1
2021-10,British Columbia,Real estate and rental and leasing [53],45345,B,49.25,-123.1
2021-11,British Columbia,Real estate and rental and leasing [53],46011,A,49.25,-123.1
2021-12,British Columbia,Real estate and rental and leasing [53],49038,B,49.25,-123.1
2022-01,British Columbia,Real estate and rental and leasing [53],48639,B,49.25,-123.1
2022-02,British Columbia,Real estate and rental and leasing [53],48294,A,49.25,-123.1
2022-03,British Columbia,Real estate and rental and leasing [53],46253,A,49.25,-123.1
2022-04,British Columbia,Real estate and rental and leasing [53],47185,B,49.25,-123.1
2022-05,British Columbia,Real estate and rental and leasing [53],48000,B,49.25,-123.1
2022-06,British Columbia,Real estate and rental and leasing [53],49077,B,49.25,-123.1
2022-07,British Columbia,Real estate and rental and leasing [53],49241,B,49.25,-123.1
2022-08,British Columbia,Real estate and rental and leasing [53],49545,B,49.25,-123.1
2022-09,British Columbia,Real estate and rental and leasing [53],50331,B,49.25,-123.1
2022-10,British Columbia,Real estate and rental and leasing [53],49325,B,49.25,-123.1
2022-11,British Columbia,Real estate and rental and leasing [53],49180,B,49.25,-123.1
2022-12,British Columbia,Real estate and rental and leasing [53],50884,B,49.25,-123.1
2023-01,British Columbia,Real estate and rental and leasing [53],48763,B,49.25,-123.1
2023-02,British Columbia,Real estate and rental and leasing [53],48830,B,49.25,-123.1
2023-03,British Columbia,Real estate and rental and leasing [53],47759,B,49.25,-123.1
2023-04,British Columbia,Real estate and rental and leasing [53],48236,B,49.25,-123.1
2023-05,British Columbia,Real estate and rental and leasing [53],49216,B,49.25,-123.1
2023-06,British Columbia,Real estate and rental and leasing [53],50403,B,49.25,-123.1
2023-07,British Columbia,Real estate and rental and leasing [53],50570,B,49.25,-123.1
2023-08,British Columbia,Real estate and rental and leasing [53],49894,B,49.25,-123.1
2023-09,British Columbia,Real estate and rental and leasing [53],49757,B,49.25,-123.1
2023-10,British Columbia,Real estate and rental and leasing [53],49215,B,49.25,-123.1
2023-11,British Columbia,Real estate and rental and leasing [53],49398,B,49.25,-123.1
2023-12,British Columbia,Real estate and rental and leasing [53],50839,A,49.25,-123.1
2024-01,British Columbia,Real estate and rental and leasing [53],49453,B,49.25,-123.1
2024-02,British Columbia,Real estate and rental and leasing [53],49064,B,49.25,-123.1
2018-01,British Columbia,"Professional, scientific and technical services [54,541]",126988,A,49.25,-123.1
2018-02,British Columbia,"Professional, scientific and technical services [54,541]",127803,A,49.25,-123.1
2018-03,British Columbia,"Professional, scientific and technical services [54,541]",128293,A,49.25,-123.1
2018-04,British Columbia,"Professional, scientific and technical services [54,541]",129497,A,49.25,-123.1
2018-05,British Columbia,"Professional, scientific and technical services [54,541]",131966,A,49.25,-123.1
2018-06,British Columbia,"Professional, scientific and technical services [54,541]",131974,A,49.25,-123.1
2018-07,British Columbia,"Professional, scientific and technical services [54,541]",131675,A,49.25,-123.1
2018-08,British Columbia,"Professional, scientific and technical services [54,541]",132783,A,49.25,-123.1
2018-09,British Columbia,"Professional, scientific and technical services [54,541]",131607,A,49.25,-123.1
2018-10,British Columbia,"Professional, scientific and technical services [54,541]",131899,A,49.25,-123.1
2018-11,British Columbia,"Professional, scientific and technical services [54,541]",132119,A,49.25,-123.1
2018-12,British Columbia,"Professional, scientific and technical services [54,541]",134875,A,49.25,-123.1
2019-01,British Columbia,"Professional, scientific and technical services [54,541]",133256,A,49.25,-123.1
2019-02,British Columbia,"Professional, scientific and technical services [54,541]",133360,A,49.25,-123.1
2019-03,British Columbia,"Professional, scientific and technical services [54,541]",133945,A,49.25,-123.1
2019-04,British Columbia,"Professional, scientific and technical services [54,541]",135060,A,49.25,-123.1
2019-05,British Columbia,"Professional, scientific and technical services [54,541]",137067,A,49.25,-123.1
2019-06,British Columbia,"Professional, scientific and technical services [54,541]",137685,A,49.25,-123.1
2019-07,British Columbia,"Professional, scientific and technical services [54,541]",138139,A,49.25,-123.1
2019-08,British Columbia,"Professional, scientific and technical services [54,541]",138565,A,49.25,-123.1
2019-09,British Columbia,"Professional, scientific and technical services [54,541]",139411,B,49.25,-123.1
2019-10,British Columbia,"Professional, scientific and technical services [54,541]",139812,A,49.25,-123.1
2019-11,British Columbia,"Professional, scientific and technical services [54,541]",138407,B,49.25,-123.1
2019-12,British Columbia,"Professional, scientific and technical services [54,541]",139609,A,49.25,-123.1
2020-01,British Columbia,"Professional, scientific and technical services [54,541]",138489,B,49.25,-123.1
2020-02,British Columbia,"Professional, scientific and technical services [54,541]",138537,B,49.25,-123.1
2020-03,British Columbia,"Professional, scientific and technical services [54,541]",134888,B,49.25,-123.1
2020-04,British Columbia,"Professional, scientific and technical services [54,541]",129031,B,49.25,-123.1
2020-05,British Columbia,"Professional, scientific and technical services [54,541]",128564,B,49.25,-123.1
2020-06,British Columbia,"Professional, scientific and technical services [54,541]",131106,B,49.25,-123.1
2020-07,British Columbia,"Professional, scientific and technical services [54,541]",134058,B,49.25,-123.1
2020-08,British Columbia,"Professional, scientific and technical services [54,541]",135312,A,49.25,-123.1
2020-09,British Columbia,"Professional, scientific and technical services [54,541]",135723,A,49.25,-123.1
2020-10,British Columbia,"Professional, scientific and technical services [54,541]",137251,A,49.25,-123.1
2020-11,British Columbia,"Professional, scientific and technical services [54,541]",139719,B,49.25,-123.1
2020-12,British Columbia,"Professional, scientific and technical services [54,541]",141640,A,49.25,-123.1
2021-01,British Columbia,"Professional, scientific and technical services [54,541]",143544,A,49.25,-123.1
2021-02,British Columbia,"Professional, scientific and technical services [54,541]",144323,A,49.25,-123.1
2021-03,British Columbia,"Professional, scientific and technical services [54,541]",145338,B,49.25,-123.1
2021-04,British Columbia,"Professional, scientific and technical services [54,541]",146521,B,49.25,-123.1
2021-05,British Columbia,"Professional, scientific and technical services [54,541]",150395,A,49.25,-123.1
2021-06,British Columbia,"Professional, scientific and technical services [54,541]",153627,A,49.25,-123.1
2021-07,British Columbia,"Professional, scientific and technical services [54,541]",154819,B,49.25,-123.1
2021-08,British Columbia,"Professional, scientific and technical services [54,541]",154863,A,49.25,-123.1
2021-09,British Columbia,"Professional, scientific and technical services [54,541]",162415,A,49.25,-123.1
2021-10,British Columbia,"Professional, scientific and technical services [54,541]",162999,B,49.25,-123.1
2021-11,British Columbia,"Professional, scientific and technical services [54,541]",163357,B,49.25,-123.1
2021-12,British Columbia,"Professional, scientific and technical services [54,541]",165388,B,49.25,-123.1
2022-01,British Columbia,"Professional, scientific and technical services [54,541]",169476,A,49.25,-123.1
2022-02,British Columbia,"Professional, scientific and technical services [54,541]",170975,B,49.25,-123.1
2022-03,British Columbia,"Professional, scientific and technical services [54,541]",173545,B,49.25,-123.1
2022-04,British Columbia,"Professional, scientific and technical services [54,541]",174655,B,49.25,-123.1
2022-05,British Columbia,"Professional, scientific and technical services [54,541]",177695,B,49.25,-123.1
2022-06,British Columbia,"Professional, scientific and technical services [54,541]",178686,B,49.25,-123.1
2022-07,British Columbia,"Professional, scientific and technical services [54,541]",182140,B,49.25,-123.1
2022-08,British Columbia,"Professional, scientific and technical services [54,541]",184304,B,49.25,-123.1
2022-09,British Columbia,"Professional, scientific and technical services [54,541]",185016,B,49.25,-123.1
2022-10,British Columbia,"Professional, scientific and technical services [54,541]",186188,B,49.25,-123.1
2022-11,British Columbia,"Professional, scientific and technical services [54,541]",188170,B,49.25,-123.1
2022-12,British Columbia,"Professional, scientific and technical services [54,541]",189509,B,49.25,-123.1
2023-01,British Columbia,"Professional, scientific and technical services [54,541]",187391,A,49.25,-123.1
2023-02,British Columbia,"Professional, scientific and technical services [54,541]",187493,B,49.25,-123.1
2023-03,British Columbia,"Professional, scientific and technical services [54,541]",188629,B,49.25,-123.1
2023-04,British Columbia,"Professional, scientific and technical services [54,541]",189172,B,49.25,-123.1
2023-05,British Columbia,"Professional, scientific and technical services [54,541]",191033,B,49.25,-123.1
2023-06,British Columbia,"Professional, scientific and technical services [54,541]",193369,A,49.25,-123.1
2023-07,British Columbia,"Professional, scientific and technical services [54,541]",192645,B,49.25,-123.1
2023-08,British Columbia,"Professional, scientific and technical services [54,541]",193712,B,49.25,-123.1
2023-09,British Columbia,"Professional, scientific and technical services [54,541]",193037,B,49.25,-123.1
2023-10,British Columbia,"Professional, scientific and technical services [54,541]",191425,B,49.25,-123.1
2023-11,British Columbia,"Professional, scientific and technical services [54,541]",190710,B,49.25,-123.1
2023-12,British Columbia,"Professional, scientific and technical services [54,541]",191242,B,49.25,-123.1
2024-01,British Columbia,"Professional, scientific and technical services [54,541]",191646,B,49.25,-123.1
2024-02,British Columbia,"Professional, scientific and technical services [54,541]",190007,B,49.25,-123.1
2018-01,British Columbia,"Management of companies and enterprises [55,551,5511]",14578,A,49.25,-123.1
2018-02,British Columbia,"Management of companies and enterprises [55,551,5511]",15383,A,49.25,-123.1
2018-03,British Columbia,"Management of companies and enterprises [55,551,5511]",15230,A,49.25,-123.1
2018-04,British Columbia,"Management of companies and enterprises [55,551,5511]",16114,A,49.25,-123.1
2018-05,British Columbia,"Management of companies and enterprises [55,551,5511]",16049,A,49.25,-123.1
2018-06,British Columbia,"Management of companies and enterprises [55,551,5511]",15694,A,49.25,-123.1
2018-07,British Columbia,"Management of companies and enterprises [55,551,5511]",16380,A,49.25,-123.1
2018-08,British Columbia,"Management of companies and enterprises [55,551,5511]",15664,A,49.25,-123.1
2018-09,British Columbia,"Management of companies and enterprises [55,551,5511]",15703,A,49.25,-123.1
2018-10,British Columbia,"Management of companies and enterprises [55,551,5511]",15694,A,49.25,-123.1
2018-11,British Columbia,"Management of companies and enterprises [55,551,5511]",15374,A,49.25,-123.1
2018-12,British Columbia,"Management of companies and enterprises [55,551,5511]",16107,A,49.25,-123.1
2019-01,British Columbia,"Management of companies and enterprises [55,551,5511]",15589,A,49.25,-123.1
2019-02,British Columbia,"Management of companies and enterprises [55,551,5511]",15498,A,49.25,-123.1
2019-03,British Columbia,"Management of companies and enterprises [55,551,5511]",15792,A,49.25,-123.1
2019-04,British Columbia,"Management of companies and enterprises [55,551,5511]",15870,A,49.25,-123.1
2019-05,British Columbia,"Management of companies and enterprises [55,551,5511]",16066,A,49.25,-123.1
2019-06,British Columbia,"Management of companies and enterprises [55,551,5511]",16513,A,49.25,-123.1
2019-07,British Columbia,"Management of companies and enterprises [55,551,5511]",17213,A,49.25,-123.1
2019-08,British Columbia,"Management of companies and enterprises [55,551,5511]",16990,A,49.25,-123.1
2019-09,British Columbia,"Management of companies and enterprises [55,551,5511]",16991,B,49.25,-123.1
2019-10,British Columbia,"Management of companies and enterprises [55,551,5511]",17096,B,49.25,-123.1
2019-11,British Columbia,"Management of companies and enterprises [55,551,5511]",17132,C,49.25,-123.1
2019-12,British Columbia,"Management of companies and enterprises [55,551,5511]",17781,B,49.25,-123.1
2020-01,British Columbia,"Management of companies and enterprises [55,551,5511]",17351,A,49.25,-123.1
2020-02,British Columbia,"Management of companies and enterprises [55,551,5511]",18206,B,49.25,-123.1
2020-03,British Columbia,"Management of companies and enterprises [55,551,5511]",17685,B,49.25,-123.1
2020-04,British Columbia,"Management of companies and enterprises [55,551,5511]",16861,B,49.25,-123.1
2020-05,British Columbia,"Management of companies and enterprises [55,551,5511]",18363,B,49.25,-123.1
2020-06,British Columbia,"Management of companies and enterprises [55,551,5511]",18351,B,49.25,-123.1
2020-07,British Columbia,"Management of companies and enterprises [55,551,5511]",17781,B,49.25,-123.1
2020-08,British Columbia,"Management of companies and enterprises [55,551,5511]",18198,B,49.25,-123.1
2020-09,British Columbia,"Management of companies and enterprises [55,551,5511]",18527,A,49.25,-123.1
2020-10,British Columbia,"Management of companies and enterprises [55,551,5511]",18797,B,49.25,-123.1
2020-11,British Columbia,"Management of companies and enterprises [55,551,5511]",18528,A,49.25,-123.1
2020-12,British Columbia,"Management of companies and enterprises [55,551,5511]",18981,A,49.25,-123.1
2021-01,British Columbia,"Management of companies and enterprises [55,551,5511]",18776,B,49.25,-123.1
2021-02,British Columbia,"Management of companies and enterprises [55,551,5511]",18775,A,49.25,-123.1
2021-03,British Columbia,"Management of companies and enterprises [55,551,5511]",18721,A,49.25,-123.1
2021-04,British Columbia,"Management of companies and enterprises [55,551,5511]",18547,A,49.25,-123.1
2021-05,British Columbia,"Management of companies and enterprises [55,551,5511]",18487,B,49.25,-123.1
2021-06,British Columbia,"Management of companies and enterprises [55,551,5511]",19099,A,49.25,-123.1
2021-07,British Columbia,"Management of companies and enterprises [55,551,5511]",19374,A,49.25,-123.1
2021-08,British Columbia,"Management of companies and enterprises [55,551,5511]",19627,A,49.25,-123.1
2021-09,British Columbia,"Management of companies and enterprises [55,551,5511]",19894,A,49.25,-123.1
2021-10,British Columbia,"Management of companies and enterprises [55,551,5511]",19783,A,49.25,-123.1
2021-11,British Columbia,"Management of companies and enterprises [55,551,5511]",20027,A,49.25,-123.1
2021-12,British Columbia,"Management of companies and enterprises [55,551,5511]",19682,A,49.25,-123.1
2022-01,British Columbia,"Management of companies and enterprises [55,551,5511]",19641,B,49.25,-123.1
2022-02,British Columbia,"Management of companies and enterprises [55,551,5511]",19725,B,49.25,-123.1
2022-03,British Columbia,"Management of companies and enterprises [55,551,5511]",19906,B,49.25,-123.1
2022-04,British Columbia,"Management of companies and enterprises [55,551,5511]",20205,B,49.25,-123.1
2022-05,British Columbia,"Management of companies and enterprises [55,551,5511]",20277,A,49.25,-123.1
2022-06,British Columbia,"Management of companies and enterprises [55,551,5511]",20789,B,49.25,-123.1
2022-07,British Columbia,"Management of companies and enterprises [55,551,5511]",20836,B,49.25,-123.1
2022-08,British Columbia,"Management of companies and enterprises [55,551,5511]",20827,B,49.25,-123.1
2022-09,British Columbia,"Management of companies and enterprises [55,551,5511]",20447,C,49.25,-123.1
2022-10,British Columbia,"Management of companies and enterprises [55,551,5511]",21814,B,49.25,-123.1
2022-11,British Columbia,"Management of companies and enterprises [55,551,5511]",21802,B,49.25,-123.1
2022-12,British Columbia,"Management of companies and enterprises [55,551,5511]",22239,A,49.25,-123.1
2023-01,British Columbia,"Management of companies and enterprises [55,551,5511]",22370,C,49.25,-123.1
2023-02,British Columbia,"Management of companies and enterprises [55,551,5511]",22180,B,49.25,-123.1
2023-03,British Columbia,"Management of companies and enterprises [55,551,5511]",21378,C,49.25,-123.1
2023-04,British Columbia,"Management of companies and enterprises [55,551,5511]",22188,B,49.25,-123.1
2023-05,British Columbia,"Management of companies and enterprises [55,551,5511]",22414,B,49.25,-123.1
2023-06,British Columbia,"Management of companies and enterprises [55,551,5511]",21746,B,49.25,-123.1
2023-07,British Columbia,"Management of companies and enterprises [55,551,5511]",20750,B,49.25,-123.1
2023-08,British Columbia,"Management of companies and enterprises [55,551,5511]",20723,B,49.25,-123.1
2023-09,British Columbia,"Management of companies and enterprises [55,551,5511]",20700,B,49.25,-123.1
2023-10,British Columbia,"Management of companies and enterprises [55,551,5511]",19889,B,49.25,-123.1
2023-11,British Columbia,"Management of companies and enterprises [55,551,5511]",19485,B,49.25,-123.1
2023-12,British Columbia,"Management of companies and enterprises [55,551,5511]",20070,A,49.25,-123.1
2024-01,British Columbia,"Management of companies and enterprises [55,551,5511]",19373,B,49.25,-123.1
2024-02,British Columbia,"Management of companies and enterprises [55,551,5511]",19300,B,49.25,-123.1
2018-01,British Columbia,"Administrative and support, waste management and remediation services [56]",97576,A,49.25,-123.1
2018-02,British Columbia,"Administrative and support, waste management and remediation services [56]",97100,A,49.25,-123.1
2018-03,British Columbia,"Administrative and support, waste management and remediation services [56]",99400,A,49.25,-123.1
2018-04,British Columbia,"Administrative and support, waste management and remediation services [56]",101118,A,49.25,-123.1
2018-05,British Columbia,"Administrative and support, waste management and remediation services [56]",105200,A,49.25,-123.1
2018-06,British Columbia,"Administrative and support, waste management and remediation services [56]",107663,A,49.25,-123.1
2018-07,British Columbia,"Administrative and support, waste management and remediation services [56]",107147,A,49.25,-123.1
2018-08,British Columbia,"Administrative and support, waste management and remediation services [56]",106651,A,49.25,-123.1
2018-09,British Columbia,"Administrative and support, waste management and remediation services [56]",107100,A,49.25,-123.1
2018-10,British Columbia,"Administrative and support, waste management and remediation services [56]",107596,A,49.25,-123.1
2018-11,British Columbia,"Administrative and support, waste management and remediation services [56]",108447,A,49.25,-123.1
2018-12,British Columbia,"Administrative and support, waste management and remediation services [56]",107137,A,49.25,-123.1
2019-01,British Columbia,"Administrative and support, waste management and remediation services [56]",103414,A,49.25,-123.1
2019-02,British Columbia,"Administrative and support, waste management and remediation services [56]",103880,A,49.25,-123.1
2019-03,British Columbia,"Administrative and support, waste management and remediation services [56]",107015,A,49.25,-123.1
2019-04,British Columbia,"Administrative and support, waste management and remediation services [56]",106948,A,49.25,-123.1
2019-05,British Columbia,"Administrative and support, waste management and remediation services [56]",108392,A,49.25,-123.1
2019-06,British Columbia,"Administrative and support, waste management and remediation services [56]",111269,A,49.25,-123.1
2019-07,British Columbia,"Administrative and support, waste management and remediation services [56]",112624,A,49.25,-123.1
2019-08,British Columbia,"Administrative and support, waste management and remediation services [56]",111990,A,49.25,-123.1
2019-09,British Columbia,"Administrative and support, waste management and remediation services [56]",110600,B,49.25,-123.1
2019-10,British Columbia,"Administrative and support, waste management and remediation services [56]",109966,B,49.25,-123.1
2019-11,British Columbia,"Administrative and support, waste management and remediation services [56]",109242,B,49.25,-123.1
2019-12,British Columbia,"Administrative and support, waste management and remediation services [56]",107713,B,49.25,-123.1
2020-01,British Columbia,"Administrative and support, waste management and remediation services [56]",103479,B,49.25,-123.1
2020-02,British Columbia,"Administrative and support, waste management and remediation services [56]",102306,B,49.25,-123.1
2020-03,British Columbia,"Administrative and support, waste management and remediation services [56]",98920,B,49.25,-123.1
2020-04,British Columbia,"Administrative and support, waste management and remediation services [56]",89956,B,49.25,-123.1
2020-05,British Columbia,"Administrative and support, waste management and remediation services [56]",87933,B,49.25,-123.1
2020-06,British Columbia,"Administrative and support, waste management and remediation services [56]",90886,B,49.25,-123.1
2020-07,British Columbia,"Administrative and support, waste management and remediation services [56]",94431,B,49.25,-123.1
2020-08,British Columbia,"Administrative and support, waste management and remediation services [56]",95573,B,49.25,-123.1
2020-09,British Columbia,"Administrative and support, waste management and remediation services [56]",98957,B,49.25,-123.1
2020-10,British Columbia,"Administrative and support, waste management and remediation services [56]",99669,B,49.25,-123.1
2020-11,British Columbia,"Administrative and support, waste management and remediation services [56]",99831,B,49.25,-123.1
2020-12,British Columbia,"Administrative and support, waste management and remediation services [56]",100498,B,49.25,-123.1
2021-01,British Columbia,"Administrative and support, waste management and remediation services [56]",95932,B,49.25,-123.1
2021-02,British Columbia,"Administrative and support, waste management and remediation services [56]",94966,B,49.25,-123.1
2021-03,British Columbia,"Administrative and support, waste management and remediation services [56]",97091,B,49.25,-123.1
2021-04,British Columbia,"Administrative and support, waste management and remediation services [56]",99703,B,49.25,-123.1
2021-05,British Columbia,"Administrative and support, waste management and remediation services [56]",102262,B,49.25,-123.1
2021-06,British Columbia,"Administrative and support, waste management and remediation services [56]",103942,B,49.25,-123.1
2021-07,British Columbia,"Administrative and support, waste management and remediation services [56]",106521,B,49.25,-123.1
2021-08,British Columbia,"Administrative and support, waste management and remediation services [56]",106256,B,49.25,-123.1
2021-09,British Columbia,"Administrative and support, waste management and remediation services [56]",107174,B,49.25,-123.1
2021-10,British Columbia,"Administrative and support, waste management and remediation services [56]",107756,B,49.25,-123.1
2021-11,British Columbia,"Administrative and support, waste management and remediation services [56]",106525,B,49.25,-123.1
2021-12,British Columbia,"Administrative and support, waste management and remediation services [56]",108797,B,49.25,-123.1
2022-01,British Columbia,"Administrative and support, waste management and remediation services [56]",106752,B,49.25,-123.1
2022-02,British Columbia,"Administrative and support, waste management and remediation services [56]",106144,B,49.25,-123.1
2022-03,British Columbia,"Administrative and support, waste management and remediation services [56]",109100,B,49.25,-123.1
2022-04,British Columbia,"Administrative and support, waste management and remediation services [56]",111445,B,49.25,-123.1
2022-05,British Columbia,"Administrative and support, waste management and remediation services [56]",112770,B,49.25,-123.1
2022-06,British Columbia,"Administrative and support, waste management and remediation services [56]",116166,B,49.25,-123.1
2022-07,British Columbia,"Administrative and support, waste management and remediation services [56]",118014,C,49.25,-123.1
2022-08,British Columbia,"Administrative and support, waste management and remediation services [56]",118388,B,49.25,-123.1
2022-09,British Columbia,"Administrative and support, waste management and remediation services [56]",120053,B,49.25,-123.1
2022-10,British Columbia,"Administrative and support, waste management and remediation services [56]",118687,B,49.25,-123.1
2022-11,British Columbia,"Administrative and support, waste management and remediation services [56]",118821,B,49.25,-123.1
2022-12,British Columbia,"Administrative and support, waste management and remediation services [56]",118869,B,49.25,-123.1
2023-01,British Columbia,"Administrative and support, waste management and remediation services [56]",114016,B,49.25,-123.1
2023-02,British Columbia,"Administrative and support, waste management and remediation services [56]",115452,B,49.25,-123.1
2023-03,British Columbia,"Administrative and support, waste management and remediation services [56]",116716,B,49.25,-123.1
2023-04,British Columbia,"Administrative and support, waste management and remediation services [56]",117909,B,49.25,-123.1
2023-05,British Columbia,"Administrative and support, waste management and remediation services [56]",119709,B,49.25,-123.1
2023-06,British Columbia,"Administrative and support, waste management and remediation services [56]",121802,B,49.25,-123.1
2023-07,British Columbia,"Administrative and support, waste management and remediation services [56]",121826,B,49.25,-123.1
2023-08,British Columbia,"Administrative and support, waste management and remediation services [56]",120701,B,49.25,-123.1
2023-09,British Columbia,"Administrative and support, waste management and remediation services [56]",122062,B,49.25,-123.1
2023-10,British Columbia,"Administrative and support, waste management and remediation services [56]",121402,B,49.25,-123.1
2023-11,British Columbia,"Administrative and support, waste management and remediation services [56]",120165,B,49.25,-123.1
2023-12,British Columbia,"Administrative and support, waste management and remediation services [56]",119484,B,49.25,-123.1
2024-01,British Columbia,"Administrative and support, waste management and remediation services [56]",116977,B,49.25,-123.1
2024-02,British Columbia,"Administrative and support, waste management and remediation services [56]",116022,B,49.25,-123.1
2018-01,British Columbia,"Educational services [61,611]",165870,A,49.25,-123.1
2018-02,British Columbia,"Educational services [61,611]",178270,A,49.25,-123.1
2018-03,British Columbia,"Educational services [61,611]",179446,A,49.25,-123.1
2018-04,British Columbia,"Educational services [61,611]",175586,A,49.25,-123.1
2018-05,British Columbia,"Educational services [61,611]",173934,A,49.25,-123.1
2018-06,British Columbia,"Educational services [61,611]",172055,A,49.25,-123.1
2018-07,British Columbia,"Educational services [61,611]",116406,A,49.25,-123.1
2018-08,British Columbia,"Educational services [61,611]",105674,A,49.25,-123.1
2018-09,British Columbia,"Educational services [61,611]",172502,A,49.25,-123.1
2018-10,British Columbia,"Educational services [61,611]",178593,A,49.25,-123.1
2018-11,British Columbia,"Educational services [61,611]",180952,A,49.25,-123.1
2018-12,British Columbia,"Educational services [61,611]",181924,A,49.25,-123.1
2019-01,British Columbia,"Educational services [61,611]",176669,A,49.25,-123.1
2019-02,British Columbia,"Educational services [61,611]",182952,A,49.25,-123.1
2019-03,British Columbia,"Educational services [61,611]",183760,A,49.25,-123.1
2019-04,British Columbia,"Educational services [61,611]",183193,A,49.25,-123.1
2019-05,British Columbia,"Educational services [61,611]",178652,A,49.25,-123.1
2019-06,British Columbia,"Educational services [61,611]",178393,A,49.25,-123.1
2019-07,British Columbia,"Educational services [61,611]",129588,A,49.25,-123.1
2019-08,British Columbia,"Educational services [61,611]",116465,A,49.25,-123.1
2019-09,British Columbia,"Educational services [61,611]",181551,B,49.25,-123.1
2019-10,British Columbia,"Educational services [61,611]",192531,A,49.25,-123.1
2019-11,British Columbia,"Educational services [61,611]",191027,A,49.25,-123.1
2019-12,British Columbia,"Educational services [61,611]",194028,A,49.25,-123.1
2020-01,British Columbia,"Educational services [61,611]",188113,A,49.25,-123.1
2020-02,British Columbia,"Educational services [61,611]",196633,B,49.25,-123.1
2020-03,British Columbia,"Educational services [61,611]",193391,A,49.25,-123.1
2020-04,British Columbia,"Educational services [61,611]",174751,A,49.25,-123.1
2020-05,British Columbia,"Educational services [61,611]",169570,B,49.25,-123.1
2020-06,British Columbia,"Educational services [61,611]",167558,A,49.25,-123.1
2020-07,British Columbia,"Educational services [61,611]",124064,B,49.25,-123.1
2020-08,British Columbia,"Educational services [61,611]",104595,A,49.25,-123.1
2020-09,British Columbia,"Educational services [61,611]",176741,A,49.25,-123.1
2020-10,British Columbia,"Educational services [61,611]",186048,A,49.25,-123.1
2020-11,British Columbia,"Educational services [61,611]",185259,A,49.25,-123.1
2020-12,British Columbia,"Educational services [61,611]",183277,B,49.25,-123.1
2021-01,British Columbia,"Educational services [61,611]",176114,B,49.25,-123.1
2021-02,British Columbia,"Educational services [61,611]",182004,B,49.25,-123.1
2021-03,British Columbia,"Educational services [61,611]",185687,A,49.25,-123.1
2021-04,British Columbia,"Educational services [61,611]",182387,A,49.25,-123.1
2021-05,British Columbia,"Educational services [61,611]",175651,A,49.25,-123.1
2021-06,British Columbia,"Educational services [61,611]",178264,A,49.25,-123.1
2021-07,British Columbia,"Educational services [61,611]",126498,B,49.25,-123.1
2021-08,British Columbia,"Educational services [61,611]",106383,A,49.25,-123.1
2021-09,British Columbia,"Educational services [61,611]",174152,A,49.25,-123.1
2021-10,British Columbia,"Educational services [61,611]",187772,B,49.25,-123.1
2021-11,British Columbia,"Educational services [61,611]",189774,B,49.25,-123.1
2021-12,British Columbia,"Educational services [61,611]",192351,B,49.25,-123.1
2022-01,British Columbia,"Educational services [61,611]",184420,B,49.25,-123.1
2022-02,British Columbia,"Educational services [61,611]",190860,B,49.25,-123.1
2022-03,British Columbia,"Educational services [61,611]",191740,B,49.25,-123.1
2022-04,British Columbia,"Educational services [61,611]",189825,B,49.25,-123.1
2022-05,British Columbia,"Educational services [61,611]",183753,A,49.25,-123.1
2022-06,British Columbia,"Educational services [61,611]",187202,C,49.25,-123.1
2022-07,British Columbia,"Educational services [61,611]",134810,B,49.25,-123.1
2022-08,British Columbia,"Educational services [61,611]",111427,A,49.25,-123.1
2022-09,British Columbia,"Educational services [61,611]",182011,A,49.25,-123.1
2022-10,British Columbia,"Educational services [61,611]",184723,A,49.25,-123.1
2022-11,British Columbia,"Educational services [61,611]",193441,B,49.25,-123.1
2022-12,British Columbia,"Educational services [61,611]",198844,B,49.25,-123.1
2023-01,British Columbia,"Educational services [61,611]",190066,B,49.25,-123.1
2023-02,British Columbia,"Educational services [61,611]",199075,B,49.25,-123.1
2023-03,British Columbia,"Educational services [61,611]",199164,B,49.25,-123.1
2023-04,British Columbia,"Educational services [61,611]",194966,A,49.25,-123.1
2023-05,British Columbia,"Educational services [61,611]",190959,A,49.25,-123.1
2023-06,British Columbia,"Educational services [61,611]",192186,A,49.25,-123.1
2023-07,British Columbia,"Educational services [61,611]",133990,A,49.25,-123.1
2023-08,British Columbia,"Educational services [61,611]",114568,B,49.25,-123.1
2023-09,British Columbia,"Educational services [61,611]",187155,B,49.25,-123.1
2023-10,British Columbia,"Educational services [61,611]",197687,B,49.25,-123.1
2023-11,British Columbia,"Educational services [61,611]",200886,B,49.25,-123.1
2023-12,British Columbia,"Educational services [61,611]",202598,A,49.25,-123.1
2024-01,British Columbia,"Educational services [61,611]",194773,B,49.25,-123.1
2024-02,British Columbia,"Educational services [61,611]",201265,A,49.25,-123.1
2018-01,British Columbia,Health care and social assistance [62],267432,A,49.25,-123.1
2018-02,British Columbia,Health care and social assistance [62],264069,A,49.25,-123.1
2018-03,British Columbia,Health care and social assistance [62],267150,A,49.25,-123.1
2018-04,British Columbia,Health care and social assistance [62],267340,A,49.25,-123.1
2018-05,British Columbia,Health care and social assistance [62],267684,A,49.25,-123.1
2018-06,British Columbia,Health care and social assistance [62],270136,A,49.25,-123.1
2018-07,British Columbia,Health care and social assistance [62],271225,A,49.25,-123.1
2018-08,British Columbia,Health care and social assistance [62],273838,A,49.25,-123.1
2018-09,British Columbia,Health care and social assistance [62],274822,A,49.25,-123.1
2018-10,British Columbia,Health care and social assistance [62],275713,A,49.25,-123.1
2018-11,British Columbia,Health care and social assistance [62],278037,A,49.25,-123.1
2018-12,British Columbia,Health care and social assistance [62],280840,A,49.25,-123.1
2019-01,British Columbia,Health care and social assistance [62],276393,A,49.25,-123.1
2019-02,British Columbia,Health care and social assistance [62],277060,A,49.25,-123.1
2019-03,British Columbia,Health care and social assistance [62],278463,A,49.25,-123.1
2019-04,British Columbia,Health care and social assistance [62],278272,A,49.25,-123.1
2019-05,British Columbia,Health care and social assistance [62],279874,A,49.25,-123.1
2019-06,British Columbia,Health care and social assistance [62],282949,A,49.25,-123.1
2019-07,British Columbia,Health care and social assistance [62],285217,A,49.25,-123.1
2019-08,British Columbia,Health care and social assistance [62],285792,A,49.25,-123.1
2019-09,British Columbia,Health care and social assistance [62],287503,A,49.25,-123.1
2019-10,British Columbia,Health care and social assistance [62],287157,B,49.25,-123.1
2019-11,British Columbia,Health care and social assistance [62],289070,A,49.25,-123.1
2019-12,British Columbia,Health care and social assistance [62],292055,A,49.25,-123.1
2020-01,British Columbia,Health care and social assistance [62],288954,A,49.25,-123.1
2020-02,British Columbia,Health care and social assistance [62],286040,B,49.25,-123.1
2020-03,British Columbia,Health care and social assistance [62],280629,A,49.25,-123.1
2020-04,British Columbia,Health care and social assistance [62],252544,B,49.25,-123.1
2020-05,British Columbia,Health care and social assistance [62],250163,A,49.25,-123.1
2020-06,British Columbia,Health care and social assistance [62],264826,A,49.25,-123.1
2020-07,British Columbia,Health care and social assistance [62],282151,B,49.25,-123.1
2020-08,British Columbia,Health care and social assistance [62],285541,A,49.25,-123.1
2020-09,British Columbia,Health care and social assistance [62],289739,A,49.25,-123.1
2020-10,British Columbia,Health care and social assistance [62],295307,A,49.25,-123.1
2020-11,British Columbia,Health care and social assistance [62],298539,A,49.25,-123.1
2020-12,British Columbia,Health care and social assistance [62],303088,A,49.25,-123.1
2021-01,British Columbia,Health care and social assistance [62],293837,A,49.25,-123.1
2021-02,British Columbia,Health care and social assistance [62],291795,B,49.25,-123.1
2021-03,British Columbia,Health care and social assistance [62],295775,A,49.25,-123.1
2021-04,British Columbia,Health care and social assistance [62],298411,A,49.25,-123.1
2021-05,British Columbia,Health care and social assistance [62],300985,B,49.25,-123.1
2021-06,British Columbia,Health care and social assistance [62],303201,B,49.25,-123.1
2021-07,British Columbia,Health care and social assistance [62],305704,B,49.25,-123.1
2021-08,British Columbia,Health care and social assistance [62],305817,B,49.25,-123.1
2021-09,British Columbia,Health care and social assistance [62],305773,A,49.25,-123.1
2021-10,British Columbia,Health care and social assistance [62],307687,A,49.25,-123.1
2021-11,British Columbia,Health care and social assistance [62],308037,B,49.25,-123.1
2021-12,British Columbia,Health care and social assistance [62],311982,B,49.25,-123.1
2022-01,British Columbia,Health care and social assistance [62],306397,B,49.25,-123.1
2022-02,British Columbia,Health care and social assistance [62],306489,B,49.25,-123.1
2022-03,British Columbia,Health care and social assistance [62],308217,B,49.25,-123.1
2022-04,British Columbia,Health care and social assistance [62],308493,B,49.25,-123.1
2022-05,British Columbia,Health care and social assistance [62],310409,B,49.25,-123.1
2022-06,British Columbia,Health care and social assistance [62],313144,B,49.25,-123.1
2022-07,British Columbia,Health care and social assistance [62],315754,B,49.25,-123.1
2022-08,British Columbia,Health care and social assistance [62],315474,B,49.25,-123.1
2022-09,British Columbia,Health care and social assistance [62],317977,A,49.25,-123.1
2022-10,British Columbia,Health care and social assistance [62],319155,B,49.25,-123.1
2022-11,British Columbia,Health care and social assistance [62],321204,B,49.25,-123.1
2022-12,British Columbia,Health care and social assistance [62],325597,B,49.25,-123.1
2023-01,British Columbia,Health care and social assistance [62],321467,A,49.25,-123.1
2023-02,British Columbia,Health care and social assistance [62],320207,A,49.25,-123.1
2023-03,British Columbia,Health care and social assistance [62],322538,B,49.25,-123.1
2023-04,British Columbia,Health care and social assistance [62],325056,A,49.25,-123.1
2023-05,British Columbia,Health care and social assistance [62],328908,B,49.25,-123.1
2023-06,British Columbia,Health care and social assistance [62],334751,B,49.25,-123.1
2023-07,British Columbia,Health care and social assistance [62],334844,B,49.25,-123.1
2023-08,British Columbia,Health care and social assistance [62],335154,B,49.25,-123.1
2023-09,British Columbia,Health care and social assistance [62],338883,A,49.25,-123.1
2023-10,British Columbia,Health care and social assistance [62],340871,A,49.25,-123.1
2023-11,British Columbia,Health care and social assistance [62],343675,B,49.25,-123.1
2023-12,British Columbia,Health care and social assistance [62],346472,A,49.25,-123.1
2024-01,British Columbia,Health care and social assistance [62],335380,B,49.25,-123.1
2024-02,British Columbia,Health care and social assistance [62],338499,B,49.25,-123.1
2018-01,British Columbia,"Arts, entertainment and recreation [71]",47806,A,49.25,-123.1
2018-02,British Columbia,"Arts, entertainment and recreation [71]",48735,A,49.25,-123.1
2018-03,British Columbia,"Arts, entertainment and recreation [71]",49011,A,49.25,-123.1
2018-04,British Columbia,"Arts, entertainment and recreation [71]",48167,A,49.25,-123.1
2018-05,British Columbia,"Arts, entertainment and recreation [71]",47035,A,49.25,-123.1
2018-06,British Columbia,"Arts, entertainment and recreation [71]",48311,A,49.25,-123.1
2018-07,British Columbia,"Arts, entertainment and recreation [71]",49728,A,49.25,-123.1
2018-08,British Columbia,"Arts, entertainment and recreation [71]",51468,A,49.25,-123.1
2018-09,British Columbia,"Arts, entertainment and recreation [71]",49325,A,49.25,-123.1
2018-10,British Columbia,"Arts, entertainment and recreation [71]",45905,A,49.25,-123.1
2018-11,British Columbia,"Arts, entertainment and recreation [71]",45304,A,49.25,-123.1
2018-12,British Columbia,"Arts, entertainment and recreation [71]",49831,A,49.25,-123.1
2019-01,British Columbia,"Arts, entertainment and recreation [71]",49802,A,49.25,-123.1
2019-02,British Columbia,"Arts, entertainment and recreation [71]",50440,A,49.25,-123.1
2019-03,British Columbia,"Arts, entertainment and recreation [71]",51114,A,49.25,-123.1
2019-04,British Columbia,"Arts, entertainment and recreation [71]",52040,A,49.25,-123.1
2019-05,British Columbia,"Arts, entertainment and recreation [71]",50568,A,49.25,-123.1
2019-06,British Columbia,"Arts, entertainment and recreation [71]",51414,A,49.25,-123.1
2019-07,British Columbia,"Arts, entertainment and recreation [71]",52973,A,49.25,-123.1
2019-08,British Columbia,"Arts, entertainment and recreation [71]",53627,A,49.25,-123.1
2019-09,British Columbia,"Arts, entertainment and recreation [71]",51596,B,49.25,-123.1
2019-10,British Columbia,"Arts, entertainment and recreation [71]",47782,C,49.25,-123.1
2019-11,British Columbia,"Arts, entertainment and recreation [71]",45102,A,49.25,-123.1
2019-12,British Columbia,"Arts, entertainment and recreation [71]",49599,C,49.25,-123.1
2020-01,British Columbia,"Arts, entertainment and recreation [71]",50724,B,49.25,-123.1
2020-02,British Columbia,"Arts, entertainment and recreation [71]",50634,B,49.25,-123.1
2020-03,British Columbia,"Arts, entertainment and recreation [71]",45261,C,49.25,-123.1
2020-04,British Columbia,"Arts, entertainment and recreation [71]",23292,B,49.25,-123.1
2020-05,British Columbia,"Arts, entertainment and recreation [71]",21186,B,49.25,-123.1
2020-06,British Columbia,"Arts, entertainment and recreation [71]",25097,A,49.25,-123.1
2020-07,British Columbia,"Arts, entertainment and recreation [71]",31121,B,49.25,-123.1
2020-08,British Columbia,"Arts, entertainment and recreation [71]",32032,B,49.25,-123.1
2020-09,British Columbia,"Arts, entertainment and recreation [71]",33125,B,49.25,-123.1
2020-10,British Columbia,"Arts, entertainment and recreation [71]",31272,B,49.25,-123.1
2020-11,British Columbia,"Arts, entertainment and recreation [71]",30647,B,49.25,-123.1
2020-12,British Columbia,"Arts, entertainment and recreation [71]",33157,B,49.25,-123.1
2021-01,British Columbia,"Arts, entertainment and recreation [71]",32050,B,49.25,-123.1
2021-02,British Columbia,"Arts, entertainment and recreation [71]",32264,B,49.25,-123.1
2021-03,British Columbia,"Arts, entertainment and recreation [71]",33727,B,49.25,-123.1
2021-04,British Columbia,"Arts, entertainment and recreation [71]",35138,B,49.25,-123.1
2021-05,British Columbia,"Arts, entertainment and recreation [71]",31987,B,49.25,-123.1
2021-06,British Columbia,"Arts, entertainment and recreation [71]",34523,B,49.25,-123.1
2021-07,British Columbia,"Arts, entertainment and recreation [71]",40544,B,49.25,-123.1
2021-08,British Columbia,"Arts, entertainment and recreation [71]",41836,B,49.25,-123.1
2021-09,British Columbia,"Arts, entertainment and recreation [71]",42800,B,49.25,-123.1
2021-10,British Columbia,"Arts, entertainment and recreation [71]",41226,A,49.25,-123.1
2021-11,British Columbia,"Arts, entertainment and recreation [71]",40210,B,49.25,-123.1
2021-12,British Columbia,"Arts, entertainment and recreation [71]",43194,B,49.25,-123.1
2022-01,British Columbia,"Arts, entertainment and recreation [71]",40980,B,49.25,-123.1
2022-02,British Columbia,"Arts, entertainment and recreation [71]",42086,B,49.25,-123.1
2022-03,British Columbia,"Arts, entertainment and recreation [71]",43755,A,49.25,-123.1
2022-04,British Columbia,"Arts, entertainment and recreation [71]",46395,A,49.25,-123.1
2022-05,British Columbia,"Arts, entertainment and recreation [71]",44768,B,49.25,-123.1
2022-06,British Columbia,"Arts, entertainment and recreation [71]",47162,B,49.25,-123.1
2022-07,British Columbia,"Arts, entertainment and recreation [71]",48873,B,49.25,-123.1
2022-08,British Columbia,"Arts, entertainment and recreation [71]",48573,B,49.25,-123.1
2022-09,British Columbia,"Arts, entertainment and recreation [71]",48042,A,49.25,-123.1
2022-10,British Columbia,"Arts, entertainment and recreation [71]",45558,B,49.25,-123.1
2022-11,British Columbia,"Arts, entertainment and recreation [71]",44771,B,49.25,-123.1
2022-12,British Columbia,"Arts, entertainment and recreation [71]",49279,B,49.25,-123.1
2023-01,British Columbia,"Arts, entertainment and recreation [71]",48234,B,49.25,-123.1
2023-02,British Columbia,"Arts, entertainment and recreation [71]",48680,B,49.25,-123.1
2023-03,British Columbia,"Arts, entertainment and recreation [71]",49832,B,49.25,-123.1
2023-04,British Columbia,"Arts, entertainment and recreation [71]",51412,A,49.25,-123.1
2023-05,British Columbia,"Arts, entertainment and recreation [71]",51158,B,49.25,-123.1
2023-06,British Columbia,"Arts, entertainment and recreation [71]",52651,B,49.25,-123.1
2023-07,British Columbia,"Arts, entertainment and recreation [71]",53508,B,49.25,-123.1
2023-08,British Columbia,"Arts, entertainment and recreation [71]",52698,B,49.25,-123.1
2023-09,British Columbia,"Arts, entertainment and recreation [71]",51867,B,49.25,-123.1
2023-10,British Columbia,"Arts, entertainment and recreation [71]",48891,B,49.25,-123.1
2023-11,British Columbia,"Arts, entertainment and recreation [71]",47844,B,49.25,-123.1
2023-12,British Columbia,"Arts, entertainment and recreation [71]",50899,B,49.25,-123.1
2024-01,British Columbia,"Arts, entertainment and recreation [71]",49622,A,49.25,-123.1
2024-02,British Columbia,"Arts, entertainment and recreation [71]",48743,A,49.25,-123.1
2018-01,British Columbia,Accommodation and food services [72],227757,A,49.25,-123.1
2018-02,British Columbia,Accommodation and food services [72],229437,A,49.25,-123.1
2018-03,British Columbia,Accommodation and food services [72],232269,A,49.25,-123.1
2018-04,British Columbia,Accommodation and food services [72],234761,A,49.25,-123.1
2018-05,British Columbia,Accommodation and food services [72],239952,A,49.25,-123.1
2018-06,British Columbia,Accommodation and food services [72],247292,A,49.25,-123.1
2018-07,British Columbia,Accommodation and food services [72],246850,A,49.25,-123.1
2018-08,British Columbia,Accommodation and food services [72],246477,A,49.25,-123.1
2018-09,British Columbia,Accommodation and food services [72],242077,A,49.25,-123.1
2018-10,British Columbia,Accommodation and food services [72],237155,A,49.25,-123.1
2018-11,British Columbia,Accommodation and food services [72],236051,A,49.25,-123.1
2018-12,British Columbia,Accommodation and food services [72],237706,A,49.25,-123.1
2019-01,British Columbia,Accommodation and food services [72],230210,A,49.25,-123.1
2019-02,British Columbia,Accommodation and food services [72],229894,A,49.25,-123.1
2019-03,British Columbia,Accommodation and food services [72],231762,A,49.25,-123.1
2019-04,British Columbia,Accommodation and food services [72],233245,A,49.25,-123.1
2019-05,British Columbia,Accommodation and food services [72],237451,A,49.25,-123.1
2019-06,British Columbia,Accommodation and food services [72],243150,A,49.25,-123.1
2019-07,British Columbia,Accommodation and food services [72],248675,A,49.25,-123.1
2019-08,British Columbia,Accommodation and food services [72],247078,A,49.25,-123.1
2019-09,British Columbia,Accommodation and food services [72],244012,B,49.25,-123.1
2019-10,British Columbia,Accommodation and food services [72],237252,B,49.25,-123.1
2019-11,British Columbia,Accommodation and food services [72],232595,B,49.25,-123.1
2019-12,British Columbia,Accommodation and food services [72],233766,B,49.25,-123.1
2020-01,British Columbia,Accommodation and food services [72],226787,B,49.25,-123.1
2020-02,British Columbia,Accommodation and food services [72],225463,B,49.25,-123.1
2020-03,British Columbia,Accommodation and food services [72],184826,B,49.25,-123.1
2020-04,British Columbia,Accommodation and food services [72],114421,B,49.25,-123.1
2020-05,British Columbia,Accommodation and food services [72],104274,B,49.25,-123.1
2020-06,British Columbia,Accommodation and food services [72],143512,B,49.25,-123.1
2020-07,British Columbia,Accommodation and food services [72],167219,B,49.25,-123.1
2020-08,British Columbia,Accommodation and food services [72],176086,B,49.25,-123.1
2020-09,British Columbia,Accommodation and food services [72],179841,B,49.25,-123.1
2020-10,British Columbia,Accommodation and food services [72],178304,B,49.25,-123.1
2020-11,British Columbia,Accommodation and food services [72],173738,A,49.25,-123.1
2020-12,British Columbia,Accommodation and food services [72],171708,B,49.25,-123.1
2021-01,British Columbia,Accommodation and food services [72],165771,B,49.25,-123.1
2021-02,British Columbia,Accommodation and food services [72],166846,B,49.25,-123.1
2021-03,British Columbia,Accommodation and food services [72],171449,B,49.25,-123.1
2021-04,British Columbia,Accommodation and food services [72],166986,B,49.25,-123.1
2021-05,British Columbia,Accommodation and food services [72],162726,B,49.25,-123.1
2021-06,British Columbia,Accommodation and food services [72],180904,B,49.25,-123.1
2021-07,British Columbia,Accommodation and food services [72],195518,B,49.25,-123.1
2021-08,British Columbia,Accommodation and food services [72],201608,B,49.25,-123.1
2021-09,British Columbia,Accommodation and food services [72],203182,B,49.25,-123.1
2021-10,British Columbia,Accommodation and food services [72],202766,B,49.25,-123.1
2021-11,British Columbia,Accommodation and food services [72],200323,B,49.25,-123.1
2021-12,British Columbia,Accommodation and food services [72],202952,B,49.25,-123.1
2022-01,British Columbia,Accommodation and food services [72],195513,B,49.25,-123.1
2022-02,British Columbia,Accommodation and food services [72],198698,B,49.25,-123.1
2022-03,British Columbia,Accommodation and food services [72],204813,B,49.25,-123.1
2022-04,British Columbia,Accommodation and food services [72],213231,B,49.25,-123.1
2022-05,British Columbia,Accommodation and food services [72],216919,B,49.25,-123.1
2022-06,British Columbia,Accommodation and food services [72],224811,B,49.25,-123.1
2022-07,British Columbia,Accommodation and food services [72],228482,B,49.25,-123.1
2022-08,British Columbia,Accommodation and food services [72],228838,B,49.25,-123.1
2022-09,British Columbia,Accommodation and food services [72],227149,B,49.25,-123.1
2022-10,British Columbia,Accommodation and food services [72],220158,B,49.25,-123.1
2022-11,British Columbia,Accommodation and food services [72],216454,B,49.25,-123.1
2022-12,British Columbia,Accommodation and food services [72],218982,B,49.25,-123.1
2023-01,British Columbia,Accommodation and food services [72],214010,C,49.25,-123.1
2023-02,British Columbia,Accommodation and food services [72],216486,C,49.25,-123.1
2023-03,British Columbia,Accommodation and food services [72],219122,C,49.25,-123.1
2023-04,British Columbia,Accommodation and food services [72],220600,C,49.25,-123.1
2023-05,British Columbia,Accommodation and food services [72],225734,B,49.25,-123.1
2023-06,British Columbia,Accommodation and food services [72],232807,B,49.25,-123.1
2023-07,British Columbia,Accommodation and food services [72],235516,B,49.25,-123.1
2023-08,British Columbia,Accommodation and food services [72],234203,B,49.25,-123.1
2023-09,British Columbia,Accommodation and food services [72],232362,B,49.25,-123.1
2023-10,British Columbia,Accommodation and food services [72],225796,B,49.25,-123.1
2023-11,British Columbia,Accommodation and food services [72],220238,B,49.25,-123.1
2023-12,British Columbia,Accommodation and food services [72],221095,B,49.25,-123.1
2024-01,British Columbia,Accommodation and food services [72],214719,B,49.25,-123.1
2024-02,British Columbia,Accommodation and food services [72],211758,B,49.25,-123.1
2018-01,British Columbia,Other services (except public administration) [81],75208,A,49.25,-123.1
2018-02,British Columbia,Other services (except public administration) [81],75777,A,49.25,-123.1
2018-03,British Columbia,Other services (except public administration) [81],77203,A,49.25,-123.1
2018-04,British Columbia,Other services (except public administration) [81],78866,A,49.25,-123.1
2018-05,British Columbia,Other services (except public administration) [81],79596,A,49.25,-123.1
2018-06,British Columbia,Other services (except public administration) [81],80147,A,49.25,-123.1
2018-07,British Columbia,Other services (except public administration) [81],78101,A,49.25,-123.1
2018-08,British Columbia,Other services (except public administration) [81],78631,A,49.25,-123.1
2018-09,British Columbia,Other services (except public administration) [81],79373,A,49.25,-123.1
2018-10,British Columbia,Other services (except public administration) [81],79046,A,49.25,-123.1
2018-11,British Columbia,Other services (except public administration) [81],79639,A,49.25,-123.1
2018-12,British Columbia,Other services (except public administration) [81],79164,A,49.25,-123.1
2019-01,British Columbia,Other services (except public administration) [81],77134,A,49.25,-123.1
2019-02,British Columbia,Other services (except public administration) [81],77548,A,49.25,-123.1
2019-03,British Columbia,Other services (except public administration) [81],78440,A,49.25,-123.1
2019-04,British Columbia,Other services (except public administration) [81],79707,A,49.25,-123.1
2019-05,British Columbia,Other services (except public administration) [81],81615,A,49.25,-123.1
2019-06,British Columbia,Other services (except public administration) [81],80688,A,49.25,-123.1
2019-07,British Columbia,Other services (except public administration) [81],80846,A,49.25,-123.1
2019-08,British Columbia,Other services (except public administration) [81],80507,A,49.25,-123.1
2019-09,British Columbia,Other services (except public administration) [81],80949,C,49.25,-123.1
2019-10,British Columbia,Other services (except public administration) [81],80087,B,49.25,-123.1
2019-11,British Columbia,Other services (except public administration) [81],80252,B,49.25,-123.1
2019-12,British Columbia,Other services (except public administration) [81],79459,A,49.25,-123.1
2020-01,British Columbia,Other services (except public administration) [81],77875,B,49.25,-123.1
2020-02,British Columbia,Other services (except public administration) [81],77574,B,49.25,-123.1
2020-03,British Columbia,Other services (except public administration) [81],69577,B,49.25,-123.1
2020-04,British Columbia,Other services (except public administration) [81],54624,B,49.25,-123.1
2020-05,British Columbia,Other services (except public administration) [81],54440,B,49.25,-123.1
2020-06,British Columbia,Other services (except public administration) [81],63734,B,49.25,-123.1
2020-07,British Columbia,Other services (except public administration) [81],67492,B,49.25,-123.1
2020-08,British Columbia,Other services (except public administration) [81],68889,A,49.25,-123.1
2020-09,British Columbia,Other services (except public administration) [81],70666,A,49.25,-123.1
2020-10,British Columbia,Other services (except public administration) [81],71421,A,49.25,-123.1
2020-11,British Columbia,Other services (except public administration) [81],71543,B,49.25,-123.1
2020-12,British Columbia,Other services (except public administration) [81],72138,B,49.25,-123.1
2021-01,British Columbia,Other services (except public administration) [81],71069,A,49.25,-123.1
2021-02,British Columbia,Other services (except public administration) [81],71335,A,49.25,-123.1
2021-03,British Columbia,Other services (except public administration) [81],71977,B,49.25,-123.1
2021-04,British Columbia,Other services (except public administration) [81],72633,A,49.25,-123.1
2021-05,British Columbia,Other services (except public administration) [81],72879,A,49.25,-123.1
2021-06,British Columbia,Other services (except public administration) [81],74107,A,49.25,-123.1
2021-07,British Columbia,Other services (except public administration) [81],75046,A,49.25,-123.1
2021-08,British Columbia,Other services (except public administration) [81],74956,A,49.25,-123.1
2021-09,British Columbia,Other services (except public administration) [81],75346,A,49.25,-123.1
2021-10,British Columbia,Other services (except public administration) [81],76194,A,49.25,-123.1
2021-11,British Columbia,Other services (except public administration) [81],75959,A,49.25,-123.1
2021-12,British Columbia,Other services (except public administration) [81],76435,A,49.25,-123.1
2022-01,British Columbia,Other services (except public administration) [81],74812,A,49.25,-123.1
2022-02,British Columbia,Other services (except public administration) [81],75173,A,49.25,-123.1
2022-03,British Columbia,Other services (except public administration) [81],76294,B,49.25,-123.1
2022-04,British Columbia,Other services (except public administration) [81],77523,B,49.25,-123.1
2022-05,British Columbia,Other services (except public administration) [81],78517,B,49.25,-123.1
2022-06,British Columbia,Other services (except public administration) [81],79763,C,49.25,-123.1
2022-07,British Columbia,Other services (except public administration) [81],80114,C,49.25,-123.1
2022-08,British Columbia,Other services (except public administration) [81],79796,B,49.25,-123.1
2022-09,British Columbia,Other services (except public administration) [81],80483,B,49.25,-123.1
2022-10,British Columbia,Other services (except public administration) [81],80425,B,49.25,-123.1
2022-11,British Columbia,Other services (except public administration) [81],80465,B,49.25,-123.1
2022-12,British Columbia,Other services (except public administration) [81],81020,B,49.25,-123.1
2023-01,British Columbia,Other services (except public administration) [81],79070,B,49.25,-123.1
2023-02,British Columbia,Other services (except public administration) [81],78686,B,49.25,-123.1
2023-03,British Columbia,Other services (except public administration) [81],79779,B,49.25,-123.1
2023-04,British Columbia,Other services (except public administration) [81],80005,B,49.25,-123.1
2023-05,British Columbia,Other services (except public administration) [81],81925,B,49.25,-123.1
2023-06,British Columbia,Other services (except public administration) [81],83317,B,49.25,-123.1
2023-07,British Columbia,Other services (except public administration) [81],83040,B,49.25,-123.1
2023-08,British Columbia,Other services (except public administration) [81],82935,A,49.25,-123.1
2023-09,British Columbia,Other services (except public administration) [81],82964,A,49.25,-123.1
2023-10,British Columbia,Other services (except public administration) [81],82792,B,49.25,-123.1
2023-11,British Columbia,Other services (except public administration) [81],82675,B,49.25,-123.1
2023-12,British Columbia,Other services (except public administration) [81],83204,B,49.25,-123.1
2024-01,British Columbia,Other services (except public administration) [81],81207,A,49.25,-123.1
2024-02,British Columbia,Other services (except public administration) [81],81454,B,49.25,-123.1
2018-01,British Columbia,Public administration [91],123041,A,49.25,-123.1
2018-02,British Columbia,Public administration [91],125119,A,49.25,-123.1
2018-03,British Columbia,Public administration [91],126453,A,49.25,-123.1
2018-04,British Columbia,Public administration [91],125595,A,49.25,-123.1
2018-05,British Columbia,Public administration [91],129501,A,49.25,-123.1
2018-06,British Columbia,Public administration [91],130683,A,49.25,-123.1
2018-07,British Columbia,Public administration [91],131888,A,49.25,-123.1
2018-08,British Columbia,Public administration [91],131139,A,49.25,-123.1
2018-09,British Columbia,Public administration [91],130975,A,49.25,-123.1
2018-10,British Columbia,Public administration [91],130930,A,49.25,-123.1
2018-11,British Columbia,Public administration [91],130732,A,49.25,-123.1
2018-12,British Columbia,Public administration [91],130235,A,49.25,-123.1
2019-01,British Columbia,Public administration [91],127298,A,49.25,-123.1
2019-02,British Columbia,Public administration [91],128409,A,49.25,-123.1
2019-03,British Columbia,Public administration [91],129471,A,49.25,-123.1
2019-04,British Columbia,Public administration [91],128273,A,49.25,-123.1
2019-05,British Columbia,Public administration [91],131707,A,49.25,-123.1
2019-06,British Columbia,Public administration [91],134990,A,49.25,-123.1
2019-07,British Columbia,Public administration [91],135727,A,49.25,-123.1
2019-08,British Columbia,Public administration [91],135472,A,49.25,-123.1
2019-09,British Columbia,Public administration [91],135262,C,49.25,-123.1
2019-10,British Columbia,Public administration [91],135172,A,49.25,-123.1
2019-11,British Columbia,Public administration [91],134624,A,49.25,-123.1
2019-12,British Columbia,Public administration [91],134030,A,49.25,-123.1
2020-01,British Columbia,Public administration [91],132262,A,49.25,-123.1
2020-02,British Columbia,Public administration [91],132415,C,49.25,-123.1
2020-03,British Columbia,Public administration [91],134888,B,49.25,-123.1
2020-04,British Columbia,Public administration [91],132163,A,49.25,-123.1
2020-05,British Columbia,Public administration [91],128741,B,49.25,-123.1
2020-06,British Columbia,Public administration [91],128970,B,49.25,-123.1
2020-07,British Columbia,Public administration [91],127823,B,49.25,-123.1
2020-08,British Columbia,Public administration [91],128494,B,49.25,-123.1
2020-09,British Columbia,Public administration [91],130349,B,49.25,-123.1
2020-10,British Columbia,Public administration [91],131627,A,49.25,-123.1
2020-11,British Columbia,Public administration [91],131727,B,49.25,-123.1
2020-12,British Columbia,Public administration [91],132026,A,49.25,-123.1
2021-01,British Columbia,Public administration [91],130479,A,49.25,-123.1
2021-02,British Columbia,Public administration [91],131675,A,49.25,-123.1
2021-03,British Columbia,Public administration [91],134534,A,49.25,-123.1
2021-04,British Columbia,Public administration [91],136287,A,49.25,-123.1
2021-05,British Columbia,Public administration [91],139516,B,49.25,-123.1
2021-06,British Columbia,Public administration [91],145009,B,49.25,-123.1
2021-07,British Columbia,Public administration [91],146087,B,49.25,-123.1
2021-08,British Columbia,Public administration [91],143475,A,49.25,-123.1
2021-09,British Columbia,Public administration [91],143143,A,49.25,-123.1
2021-10,British Columbia,Public administration [91],142416,A,49.25,-123.1
2021-11,British Columbia,Public administration [91],142299,B,49.25,-123.1
2021-12,British Columbia,Public administration [91],143943,A,49.25,-123.1
2022-01,British Columbia,Public administration [91],141284,A,49.25,-123.1
2022-02,British Columbia,Public administration [91],142748,A,49.25,-123.1
2022-03,British Columbia,Public administration [91],144427,A,49.25,-123.1
2022-04,British Columbia,Public administration [91],144277,A,49.25,-123.1
2022-05,British Columbia,Public administration [91],146534,A,49.25,-123.1
2022-06,British Columbia,Public administration [91],148933,B,49.25,-123.1
2022-07,British Columbia,Public administration [91],150956,B,49.25,-123.1
2022-08,British Columbia,Public administration [91],151011,B,49.25,-123.1
2022-09,British Columbia,Public administration [91],151350,A,49.25,-123.1
2022-10,British Columbia,Public administration [91],151309,A,49.25,-123.1
2022-11,British Columbia,Public administration [91],151016,A,49.25,-123.1
2022-12,British Columbia,Public administration [91],151588,B,49.25,-123.1
2023-01,British Columbia,Public administration [91],150161,A,49.25,-123.1
2023-02,British Columbia,Public administration [91],150967,A,49.25,-123.1
2023-03,British Columbia,Public administration [91],152184,A,49.25,-123.1
2023-04,British Columbia,Public administration [91],145179,A,49.25,-123.1
2023-05,British Columbia,Public administration [91],156526,B,49.25,-123.1
2023-06,British Columbia,Public administration [91],159547,B,49.25,-123.1
2023-07,British Columbia,Public administration [91],160043,B,49.25,-123.1
2023-08,British Columbia,Public administration [91],160617,A,49.25,-123.1
2023-09,British Columbia,Public administration [91],161441,B,49.25,-123.1
2023-10,British Columbia,Public administration [91],160590,B,49.25,-123.1
2023-11,British Columbia,Public administration [91],160621,B,49.25,-123.1
2023-12,British Columbia,Public administration [91],162483,A,49.25,-123.1
2024-01,British Columbia,Public administration [91],161049,B,49.25,-123.1
2024-02,British Columbia,Public administration [91],161816,A,49.25,-123.1
2018-01,British Columbia,Unclassified businesses [00],64003,A,49.25,-123.1
2018-02,British Columbia,Unclassified businesses [00],63709,A,49.25,-123.1
2018-03,British Columbia,Unclassified businesses [00],62772,A,49.25,-123.1
2018-04,British Columbia,Unclassified businesses [00],61957,A,49.25,-123.1
2018-05,British Columbia,Unclassified businesses [00],61604,A,49.25,-123.1
2018-06,British Columbia,Unclassified businesses [00],63252,A,49.25,-123.1
2018-07,British Columbia,Unclassified businesses [00],61315,A,49.25,-123.1
2018-08,British Columbia,Unclassified businesses [00],62329,A,49.25,-123.1
2018-09,British Columbia,Unclassified businesses [00],62032,A,49.25,-123.1
2018-10,British Columbia,Unclassified businesses [00],62211,A,49.25,-123.1
2018-11,British Columbia,Unclassified businesses [00],51217,A,49.25,-123.1
2018-12,British Columbia,Unclassified businesses [00],53148,A,49.25,-123.1
2019-01,British Columbia,Unclassified businesses [00],52907,A,49.25,-123.1
2019-02,British Columbia,Unclassified businesses [00],51538,A,49.25,-123.1
2019-03,British Columbia,Unclassified businesses [00],53522,A,49.25,-123.1
2019-04,British Columbia,Unclassified businesses [00],54574,A,49.25,-123.1
2019-05,British Columbia,Unclassified businesses [00],57245,A,49.25,-123.1
2019-06,British Columbia,Unclassified businesses [00],55709,A,49.25,-123.1
2019-07,British Columbia,Unclassified businesses [00],56919,A,49.25,-123.1
2019-08,British Columbia,Unclassified businesses [00],58496,A,49.25,-123.1
2019-09,British Columbia,Unclassified businesses [00],57399,B,49.25,-123.1
2019-10,British Columbia,Unclassified businesses [00],58326,B,49.25,-123.1
2019-11,British Columbia,Unclassified businesses [00],57117,B,49.25,-123.1
2019-12,British Columbia,Unclassified businesses [00],58114,B,49.25,-123.1
2020-01,British Columbia,Unclassified businesses [00],56912,B,49.25,-123.1
2020-02,British Columbia,Unclassified businesses [00],56040,B,49.25,-123.1
2020-03,British Columbia,Unclassified businesses [00],53202,B,49.25,-123.1
2020-04,British Columbia,Unclassified businesses [00],44816,B,49.25,-123.1
2020-05,British Columbia,Unclassified businesses [00],43757,B,49.25,-123.1
2020-06,British Columbia,Unclassified businesses [00],48678,B,49.25,-123.1
2020-07,British Columbia,Unclassified businesses [00],49623,B,49.25,-123.1
2020-08,British Columbia,Unclassified businesses [00],52913,B,49.25,-123.1
2020-09,British Columbia,Unclassified businesses [00],53992,B,49.25,-123.1
2020-10,British Columbia,Unclassified businesses [00],53378,B,49.25,-123.1
2020-11,British Columbia,Unclassified businesses [00],49066,B,49.25,-123.1
2020-12,British Columbia,Unclassified businesses [00],52185,B,49.25,-123.1
2021-01,British Columbia,Unclassified businesses [00],51793,B,49.25,-123.1
2021-02,British Columbia,Unclassified businesses [00],53313,B,49.25,-123.1
2021-03,British Columbia,Unclassified businesses [00],53034,B,49.25,-123.1
2021-04,British Columbia,Unclassified businesses [00],54305,B,49.25,-123.1
2021-05,British Columbia,Unclassified businesses [00],56828,B,49.25,-123.1
2021-06,British Columbia,Unclassified businesses [00],56494,B,49.25,-123.1
2021-07,British Columbia,Unclassified businesses [00],58143,B,49.25,-123.1
2021-08,British Columbia,Unclassified businesses [00],58574,B,49.25,-123.1
2021-09,British Columbia,Unclassified businesses [00],59343,B,49.25,-123.1
2021-10,British Columbia,Unclassified businesses [00],61816,B,49.25,-123.1
2021-11,British Columbia,Unclassified businesses [00],60343,B,49.25,-123.1
2021-12,British Columbia,Unclassified businesses [00],61685,B,49.25,-123.1
2022-01,British Columbia,Unclassified businesses [00],63671,B,49.25,-123.1
2022-02,British Columbia,Unclassified businesses [00],63189,B,49.25,-123.1
2022-03,British Columbia,Unclassified businesses [00],65045,B,49.25,-123.1
2022-04,British Columbia,Unclassified businesses [00],68367,B,49.25,-123.1
2022-05,British Columbia,Unclassified businesses [00],70804,B,49.25,-123.1
2022-06,British Columbia,Unclassified businesses [00],72959,B,49.25,-123.1
2022-07,British Columbia,Unclassified businesses [00],71541,B,49.25,-123.1
2022-08,British Columbia,Unclassified businesses [00],72238,B,49.25,-123.1
2022-09,British Columbia,Unclassified businesses [00],71588,B,49.25,-123.1
2022-10,British Columbia,Unclassified businesses [00],70491,B,49.25,-123.1
2022-11,British Columbia,Unclassified businesses [00],70267,B,49.25,-123.1
2022-12,British Columbia,Unclassified businesses [00],71795,B,49.25,-123.1
2023-01,British Columbia,Unclassified businesses [00],70690,B,49.25,-123.1
2023-02,British Columbia,Unclassified businesses [00],69386,B,49.25,-123.1
2023-03,British Columbia,Unclassified businesses [00],70680,B,49.25,-123.1
2023-04,British Columbia,Unclassified businesses [00],69332,B,49.25,-123.1
2023-05,British Columbia,Unclassified businesses [00],70832,B,49.25,-123.1
2023-06,British Columbia,Unclassified businesses [00],71941,B,49.25,-123.1
2023-07,British Columbia,Unclassified businesses [00],74523,B,49.25,-123.1
2023-08,British Columbia,Unclassified businesses [00],72951,B,49.25,-123.1
2023-09,British Columbia,Unclassified businesses [00],70926,B,49.25,-123.1
2023-10,British Columbia,Unclassified businesses [00],69396,B,49.25,-123.1
2023-11,British Columbia,Unclassified businesses [00],69618,B,49.25,-123.1
2023-12,British Columbia,Unclassified businesses [00],70128,B,49.25,-123.1
2024-01,British Columbia,Unclassified businesses [00],69289,B,49.25,-123.1
2024-02,British Columbia,Unclassified businesses [00],67577,B,49.25,-123.1
2018-01,Yukon,Goods producing industries [11-33N],1834,A,60.7029,-135.0691
2018-02,Yukon,Goods producing industries [11-33N],1810,A,60.7029,-135.0691
2018-03,Yukon,Goods producing industries [11-33N],1827,A,60.7029,-135.0691
2018-04,Yukon,Goods producing industries [11-33N],1934,A,60.7029,-135.0691
2018-05,Yukon,Goods producing industries [11-33N],2248,A,60.7029,-135.0691
2018-06,Yukon,Goods producing industries [11-33N],2530,A,60.7029,-135.0691
2018-07,Yukon,Goods producing industries [11-33N],2570,A,60.7029,-135.0691
2018-08,Yukon,Goods producing industries [11-33N],2753,A,60.7029,-135.0691
2018-09,Yukon,Goods producing industries [11-33N],2772,A,60.7029,-135.0691
2018-10,Yukon,Goods producing industries [11-33N],2533,A,60.7029,-135.0691
2018-11,Yukon,Goods producing industries [11-33N],2289,A,60.7029,-135.0691
2018-12,Yukon,Goods producing industries [11-33N],2085,B,60.7029,-135.0691
2019-01,Yukon,Goods producing industries [11-33N],1701,A,60.7029,-135.0691
2019-02,Yukon,Goods producing industries [11-33N],1789,A,60.7029,-135.0691
2019-03,Yukon,Goods producing industries [11-33N],1943,A,60.7029,-135.0691
2019-04,Yukon,Goods producing industries [11-33N],2041,A,60.7029,-135.0691
2019-05,Yukon,Goods producing industries [11-33N],2413,A,60.7029,-135.0691
2019-06,Yukon,Goods producing industries [11-33N],2619,A,60.7029,-135.0691
2019-07,Yukon,Goods producing industries [11-33N],2769,A,60.7029,-135.0691
2019-08,Yukon,Goods producing industries [11-33N],2800,A,60.7029,-135.0691
2019-09,Yukon,Goods producing industries [11-33N],2707,B,60.7029,-135.0691
2019-10,Yukon,Goods producing industries [11-33N],2722,B,60.7029,-135.0691
2019-11,Yukon,Goods producing industries [11-33N],2613,B,60.7029,-135.0691
2019-12,Yukon,Goods producing industries [11-33N],2479,B,60.7029,-135.0691
2020-01,Yukon,Goods producing industries [11-33N],2220,B,60.7029,-135.0691
2020-02,Yukon,Goods producing industries [11-33N],2029,B,60.7029,-135.0691
2020-03,Yukon,Goods producing industries [11-33N],2046,B,60.7029,-135.0691
2020-04,Yukon,Goods producing industries [11-33N],2024,B,60.7029,-135.0691
2020-05,Yukon,Goods producing industries [11-33N],2272,B,60.7029,-135.0691
2020-06,Yukon,Goods producing industries [11-33N],2791,B,60.7029,-135.0691
2020-07,Yukon,Goods producing industries [11-33N],3157,B,60.7029,-135.0691
2020-08,Yukon,Goods producing industries [11-33N],3297,A,60.7029,-135.0691
2020-09,Yukon,Goods producing industries [11-33N],3426,B,60.7029,-135.0691
2020-10,Yukon,Goods producing industries [11-33N],3285,B,60.7029,-135.0691
2020-11,Yukon,Goods producing industries [11-33N],2888,B,60.7029,-135.0691
2020-12,Yukon,Goods producing industries [11-33N],2619,B,60.7029,-135.0691
2021-01,Yukon,Goods producing industries [11-33N],2321,B,60.7029,-135.0691
2021-02,Yukon,Goods producing industries [11-33N],2299,A,60.7029,-135.0691
2021-03,Yukon,Goods producing industries [11-33N],2460,B,60.7029,-135.0691
2021-04,Yukon,Goods producing industries [11-33N],2614,B,60.7029,-135.0691
2021-05,Yukon,Goods producing industries [11-33N],3179,C,60.7029,-135.0691
2021-06,Yukon,Goods producing industries [11-33N],3624,B,60.7029,-135.0691
2021-07,Yukon,Goods producing industries [11-33N],3858,B,60.7029,-135.0691
2021-08,Yukon,Goods producing industries [11-33N],3930,B,60.7029,-135.0691
2021-09,Yukon,Goods producing industries [11-33N],3845,A,60.7029,-135.0691
2021-10,Yukon,Goods producing industries [11-33N],3650,B,60.7029,-135.0691
2021-11,Yukon,Goods producing industries [11-33N],3315,B,60.7029,-135.0691
2021-12,Yukon,Goods producing industries [11-33N],3288,B,60.7029,-135.0691
2022-01,Yukon,Goods producing industries [11-33N],2753,B,60.7029,-135.0691
2022-02,Yukon,Goods producing industries [11-33N],2766,B,60.7029,-135.0691
2022-03,Yukon,Goods producing industries [11-33N],2805,B,60.7029,-135.0691
2022-04,Yukon,Goods producing industries [11-33N],2942,B,60.7029,-135.0691
2022-05,Yukon,Goods producing industries [11-33N],3241,B,60.7029,-135.0691
2022-06,Yukon,Goods producing industries [11-33N],3728,C,60.7029,-135.0691
2022-07,Yukon,Goods producing industries [11-33N],3809,C,60.7029,-135.0691
2022-08,Yukon,Goods producing industries [11-33N],4102,B,60.7029,-135.0691
2022-09,Yukon,Goods producing industries [11-33N],4001,B,60.7029,-135.0691
2022-10,Yukon,Goods producing industries [11-33N],3791,B,60.7029,-135.0691
2022-11,Yukon,Goods producing industries [11-33N],3375,B,60.7029,-135.0691
2022-12,Yukon,Goods producing industries [11-33N],3274,B,60.7029,-135.0691
2023-01,Yukon,Goods producing industries [11-33N],2926,B,60.7029,-135.0691
2023-02,Yukon,Goods producing industries [11-33N],2809,B,60.7029,-135.0691
2023-03,Yukon,Goods producing industries [11-33N],2875,B,60.7029,-135.0691
2023-04,Yukon,Goods producing industries [11-33N],3102,B,60.7029,-135.0691
2023-05,Yukon,Goods producing industries [11-33N],3660,B,60.7029,-135.0691
2023-06,Yukon,Goods producing industries [11-33N],4067,B,60.7029,-135.0691
2023-07,Yukon,Goods producing industries [11-33N],3812,B,60.7029,-135.0691
2023-08,Yukon,Goods producing industries [11-33N],3692,B,60.7029,-135.0691
2023-09,Yukon,Goods producing industries [11-33N],3736,B,60.7029,-135.0691
2023-10,Yukon,Goods producing industries [11-33N],3524,B,60.7029,-135.0691
2023-11,Yukon,Goods producing industries [11-33N],3058,B,60.7029,-135.0691
2023-12,Yukon,Goods producing industries [11-33N],3012,B,60.7029,-135.0691
2024-01,Yukon,Goods producing industries [11-33N],2594,B,60.7029,-135.0691
2024-02,Yukon,Goods producing industries [11-33N],2592,B,60.7029,-135.0691
2018-01,Yukon,"Forestry, logging and support [11N]",4,A,60.7029,-135.0691
2018-02,Yukon,"Forestry, logging and support [11N]",4,A,60.7029,-135.0691
2018-03,Yukon,"Forestry, logging and support [11N]",3,A,60.7029,-135.0691
2018-04,Yukon,"Forestry, logging and support [11N]",7,A,60.7029,-135.0691
2018-05,Yukon,"Forestry, logging and support [11N]",18,A,60.7029,-135.0691
2018-06,Yukon,"Forestry, logging and support [11N]",30,B,60.7029,-135.0691
2018-07,Yukon,"Forestry, logging and support [11N]",27,A,60.7029,-135.0691
2018-08,Yukon,"Forestry, logging and support [11N]",32,A,60.7029,-135.0691
2018-09,Yukon,"Forestry, logging and support [11N]",28,A,60.7029,-135.0691
2018-10,Yukon,"Forestry, logging and support [11N]",10,A,60.7029,-135.0691
2018-11,Yukon,"Forestry, logging and support [11N]",15,A,60.7029,-135.0691
2018-12,Yukon,"Forestry, logging and support [11N]",12,C,60.7029,-135.0691
2019-01,Yukon,"Forestry, logging and support [11N]",,x,60.7029,-135.0691
2019-02,Yukon,"Forestry, logging and support [11N]",,x,60.7029,-135.0691
2019-03,Yukon,"Forestry, logging and support [11N]",,x,60.7029,-135.0691
2019-04,Yukon,"Forestry, logging and support [11N]",,x,60.7029,-135.0691
2019-05,Yukon,"Forestry, logging and support [11N]",,x,60.7029,-135.0691
2019-06,Yukon,"Forestry, logging and support [11N]",,x,60.7029,-135.0691
2019-07,Yukon,"Forestry, logging and support [11N]",,x,60.7029,-135.0691
2019-08,Yukon,"Forestry, logging and support [11N]",,x,60.7029,-135.0691
2019-09,Yukon,"Forestry, logging and support [11N]",,x,60.7029,-135.0691
2019-10,Yukon,"Forestry, logging and support [11N]",,x,60.7029,-135.0691
2019-11,Yukon,"Forestry, logging and support [11N]",,x,60.7029,-135.0691
2019-12,Yukon,"Forestry, logging and support [11N]",,x,60.7029,-135.0691
2020-01,Yukon,"Forestry, logging and support [11N]",,x,60.7029,-135.0691
2020-02,Yukon,"Forestry, logging and support [11N]",,x,60.7029,-135.0691
2020-03,Yukon,"Forestry, logging and support [11N]",,x,60.7029,-135.0691
2020-04,Yukon,"Forestry, logging and support [11N]",,x,60.7029,-135.0691
2020-05,Yukon,"Forestry, logging and support [11N]",,x,60.7029,-135.0691
2020-06,Yukon,"Forestry, logging and support [11N]",,x,60.7029,-135.0691
2020-07,Yukon,"Forestry, logging and support [11N]",,x,60.7029,-135.0691
2020-08,Yukon,"Forestry, logging and support [11N]",,x,60.7029,-135.0691
2020-09,Yukon,"Forestry, logging and support [11N]",,x,60.7029,-135.0691
2020-10,Yukon,"Forestry, logging and support [11N]",,x,60.7029,-135.0691
2020-11,Yukon,"Forestry, logging and support [11N]",,x,60.7029,-135.0691
2020-12,Yukon,"Forestry, logging and support [11N]",,x,60.7029,-135.0691
2021-01,Yukon,"Forestry, logging and support [11N]",,x,60.7029,-135.0691
2021-02,Yukon,"Forestry, logging and support [11N]",,x,60.7029,-135.0691
2021-03,Yukon,"Forestry, logging and support [11N]",,x,60.7029,-135.0691
2021-04,Yukon,"Forestry, logging and support [11N]",,x,60.7029,-135.0691
2021-05,Yukon,"Forestry, logging and support [11N]",,x,60.7029,-135.0691
2021-06,Yukon,"Forestry, logging and support [11N]",,x,60.7029,-135.0691
2021-07,Yukon,"Forestry, logging and support [11N]",,x,60.7029,-135.0691
2021-08,Yukon,"Forestry, logging and support [11N]",,x,60.7029,-135.0691
2021-09,Yukon,"Forestry, logging and support [11N]",,x,60.7029,-135.0691
2021-10,Yukon,"Forestry, logging and support [11N]",,x,60.7029,-135.0691
2021-11,Yukon,"Forestry, logging and support [11N]",,x,60.7029,-135.0691
2021-12,Yukon,"Forestry, logging and support [11N]",,x,60.7029,-135.0691
2022-01,Yukon,"Forestry, logging and support [11N]",,x,60.7029,-135.0691
2022-02,Yukon,"Forestry, logging and support [11N]",,x,60.7029,-135.0691
2022-03,Yukon,"Forestry, logging and support [11N]",,x,60.7029,-135.0691
2022-04,Yukon,"Forestry, logging and support [11N]",,x,60.7029,-135.0691
2022-05,Yukon,"Forestry, logging and support [11N]",,x,60.7029,-135.0691
2022-06,Yukon,"Forestry, logging and support [11N]",,x,60.7029,-135.0691
2022-07,Yukon,"Forestry, logging and support [11N]",,x,60.7029,-135.0691
2022-08,Yukon,"Forestry, logging and support [11N]",,x,60.7029,-135.0691
2022-09,Yukon,"Forestry, logging and support [11N]",,x,60.7029,-135.0691
2022-10,Yukon,"Forestry, logging and support [11N]",,x,60.7029,-135.0691
2022-11,Yukon,"Forestry, logging and support [11N]",,x,60.7029,-135.0691
2022-12,Yukon,"Forestry, logging and support [11N]",,x,60.7029,-135.0691
2023-01,Yukon,"Forestry, logging and support [11N]",,x,60.7029,-135.0691
2023-02,Yukon,"Forestry, logging and support [11N]",,x,60.7029,-135.0691
2023-03,Yukon,"Forestry, logging and support [11N]",,x,60.7029,-135.0691
2023-04,Yukon,"Forestry, logging and support [11N]",,x,60.7029,-135.0691
2023-05,Yukon,"Forestry, logging and support [11N]",,x,60.7029,-135.0691
2023-06,Yukon,"Forestry, logging and support [11N]",,x,60.7029,-135.0691
2023-07,Yukon,"Forestry, logging and support [11N]",,x,60.7029,-135.0691
2023-08,Yukon,"Forestry, logging and support [11N]",,x,60.7029,-135.0691
2023-09,Yukon,"Forestry, logging and support [11N]",,x,60.7029,-135.0691
2023-10,Yukon,"Forestry, logging and support [11N]",,x,60.7029,-135.0691
2023-11,Yukon,"Forestry, logging and support [11N]",,x,60.7029,-135.0691
2023-12,Yukon,"Forestry, logging and support [11N]",,x,60.7029,-135.0691
2024-01,Yukon,"Forestry, logging and support [11N]",,x,60.7029,-135.0691
2024-02,Yukon,"Forestry, logging and support [11N]",,x,60.7029,-135.0691
2018-01,Yukon,"Mining, quarrying, and oil and gas extraction [21]",,x,60.7029,-135.0691
2018-02,Yukon,"Mining, quarrying, and oil and gas extraction [21]",,x,60.7029,-135.0691
2018-03,Yukon,"Mining, quarrying, and oil and gas extraction [21]",,x,60.7029,-135.0691
2018-04,Yukon,"Mining, quarrying, and oil and gas extraction [21]",,x,60.7029,-135.0691
2018-05,Yukon,"Mining, quarrying, and oil and gas extraction [21]",,x,60.7029,-135.0691
2018-06,Yukon,"Mining, quarrying, and oil and gas extraction [21]",,x,60.7029,-135.0691
2018-07,Yukon,"Mining, quarrying, and oil and gas extraction [21]",,x,60.7029,-135.0691
2018-08,Yukon,"Mining, quarrying, and oil and gas extraction [21]",,x,60.7029,-135.0691
2018-09,Yukon,"Mining, quarrying, and oil and gas extraction [21]",,x,60.7029,-135.0691
2018-10,Yukon,"Mining, quarrying, and oil and gas extraction [21]",,x,60.7029,-135.0691
2018-11,Yukon,"Mining, quarrying, and oil and gas extraction [21]",,x,60.7029,-135.0691
2018-12,Yukon,"Mining, quarrying, and oil and gas extraction [21]",,x,60.7029,-135.0691
2019-01,Yukon,"Mining, quarrying, and oil and gas extraction [21]",,x,60.7029,-135.0691
2019-02,Yukon,"Mining, quarrying, and oil and gas extraction [21]",,x,60.7029,-135.0691
2019-03,Yukon,"Mining, quarrying, and oil and gas extraction [21]",,x,60.7029,-135.0691
2019-04,Yukon,"Mining, quarrying, and oil and gas extraction [21]",,x,60.7029,-135.0691
2019-05,Yukon,"Mining, quarrying, and oil and gas extraction [21]",,x,60.7029,-135.0691
2019-06,Yukon,"Mining, quarrying, and oil and gas extraction [21]",,x,60.7029,-135.0691
2019-07,Yukon,"Mining, quarrying, and oil and gas extraction [21]",,x,60.7029,-135.0691
2019-08,Yukon,"Mining, quarrying, and oil and gas extraction [21]",,x,60.7029,-135.0691
2019-09,Yukon,"Mining, quarrying, and oil and gas extraction [21]",,x,60.7029,-135.0691
2019-10,Yukon,"Mining, quarrying, and oil and gas extraction [21]",,x,60.7029,-135.0691
2019-11,Yukon,"Mining, quarrying, and oil and gas extraction [21]",,x,60.7029,-135.0691
2019-12,Yukon,"Mining, quarrying, and oil and gas extraction [21]",,x,60.7029,-135.0691
2020-01,Yukon,"Mining, quarrying, and oil and gas extraction [21]",,x,60.7029,-135.0691
2020-02,Yukon,"Mining, quarrying, and oil and gas extraction [21]",,x,60.7029,-135.0691
2020-03,Yukon,"Mining, quarrying, and oil and gas extraction [21]",,x,60.7029,-135.0691
2020-04,Yukon,"Mining, quarrying, and oil and gas extraction [21]",,x,60.7029,-135.0691
2020-05,Yukon,"Mining, quarrying, and oil and gas extraction [21]",,x,60.7029,-135.0691
2020-06,Yukon,"Mining, quarrying, and oil and gas extraction [21]",,x,60.7029,-135.0691
2020-07,Yukon,"Mining, quarrying, and oil and gas extraction [21]",,x,60.7029,-135.0691
2020-08,Yukon,"Mining, quarrying, and oil and gas extraction [21]",,x,60.7029,-135.0691
2020-09,Yukon,"Mining, quarrying, and oil and gas extraction [21]",,x,60.7029,-135.0691
2020-10,Yukon,"Mining, quarrying, and oil and gas extraction [21]",,x,60.7029,-135.0691
2020-11,Yukon,"Mining, quarrying, and oil and gas extraction [21]",,x,60.7029,-135.0691
2020-12,Yukon,"Mining, quarrying, and oil and gas extraction [21]",,x,60.7029,-135.0691
2021-01,Yukon,"Mining, quarrying, and oil and gas extraction [21]",,x,60.7029,-135.0691
2021-02,Yukon,"Mining, quarrying, and oil and gas extraction [21]",,x,60.7029,-135.0691
2021-03,Yukon,"Mining, quarrying, and oil and gas extraction [21]",,x,60.7029,-135.0691
2021-04,Yukon,"Mining, quarrying, and oil and gas extraction [21]",,x,60.7029,-135.0691
2021-05,Yukon,"Mining, quarrying, and oil and gas extraction [21]",,x,60.7029,-135.0691
2021-06,Yukon,"Mining, quarrying, and oil and gas extraction [21]",,x,60.7029,-135.0691
2021-07,Yukon,"Mining, quarrying, and oil and gas extraction [21]",,x,60.7029,-135.0691
2021-08,Yukon,"Mining, quarrying, and oil and gas extraction [21]",,x,60.7029,-135.0691
2021-09,Yukon,"Mining, quarrying, and oil and gas extraction [21]",,x,60.7029,-135.0691
2021-10,Yukon,"Mining, quarrying, and oil and gas extraction [21]",,x,60.7029,-135.0691
2021-11,Yukon,"Mining, quarrying, and oil and gas extraction [21]",,x,60.7029,-135.0691
2021-12,Yukon,"Mining, quarrying, and oil and gas extraction [21]",,x,60.7029,-135.0691
2022-01,Yukon,"Mining, quarrying, and oil and gas extraction [21]",,x,60.7029,-135.0691
2022-02,Yukon,"Mining, quarrying, and oil and gas extraction [21]",,x,60.7029,-135.0691
2022-03,Yukon,"Mining, quarrying, and oil and gas extraction [21]",,x,60.7029,-135.0691
2022-04,Yukon,"Mining, quarrying, and oil and gas extraction [21]",,x,60.7029,-135.0691
2022-05,Yukon,"Mining, quarrying, and oil and gas extraction [21]",,x,60.7029,-135.0691
2022-06,Yukon,"Mining, quarrying, and oil and gas extraction [21]",,x,60.7029,-135.0691
2022-07,Yukon,"Mining, quarrying, and oil and gas extraction [21]",,x,60.7029,-135.0691
2022-08,Yukon,"Mining, quarrying, and oil and gas extraction [21]",,x,60.7029,-135.0691
2022-09,Yukon,"Mining, quarrying, and oil and gas extraction [21]",,x,60.7029,-135.0691
2022-10,Yukon,"Mining, quarrying, and oil and gas extraction [21]",,x,60.7029,-135.0691
2022-11,Yukon,"Mining, quarrying, and oil and gas extraction [21]",,x,60.7029,-135.0691
2022-12,Yukon,"Mining, quarrying, and oil and gas extraction [21]",,x,60.7029,-135.0691
2023-01,Yukon,"Mining, quarrying, and oil and gas extraction [21]",,x,60.7029,-135.0691
2023-02,Yukon,"Mining, quarrying, and oil and gas extraction [21]",,x,60.7029,-135.0691
2023-03,Yukon,"Mining, quarrying, and oil and gas extraction [21]",,x,60.7029,-135.0691
2023-04,Yukon,"Mining, quarrying, and oil and gas extraction [21]",,x,60.7029,-135.0691
2023-05,Yukon,"Mining, quarrying, and oil and gas extraction [21]",,x,60.7029,-135.0691
2023-06,Yukon,"Mining, quarrying, and oil and gas extraction [21]",,x,60.7029,-135.0691
2023-07,Yukon,"Mining, quarrying, and oil and gas extraction [21]",,x,60.7029,-135.0691
2023-08,Yukon,"Mining, quarrying, and oil and gas extraction [21]",,x,60.7029,-135.0691
2023-09,Yukon,"Mining, quarrying, and oil and gas extraction [21]",,x,60.7029,-135.0691
2023-10,Yukon,"Mining, quarrying, and oil and gas extraction [21]",,x,60.7029,-135.0691
2023-11,Yukon,"Mining, quarrying, and oil and gas extraction [21]",,x,60.7029,-135.0691
2023-12,Yukon,"Mining, quarrying, and oil and gas extraction [21]",,x,60.7029,-135.0691
2024-01,Yukon,"Mining, quarrying, and oil and gas extraction [21]",,x,60.7029,-135.0691
2024-02,Yukon,"Mining, quarrying, and oil and gas extraction [21]",,x,60.7029,-135.0691
2018-01,Yukon,"Utilities [22,221]",,x,60.7029,-135.0691
2018-02,Yukon,"Utilities [22,221]",,x,60.7029,-135.0691
2018-03,Yukon,"Utilities [22,221]",,x,60.7029,-135.0691
2018-04,Yukon,"Utilities [22,221]",,x,60.7029,-135.0691
2018-05,Yukon,"Utilities [22,221]",,x,60.7029,-135.0691
2018-06,Yukon,"Utilities [22,221]",,x,60.7029,-135.0691
2018-07,Yukon,"Utilities [22,221]",,x,60.7029,-135.0691
2018-08,Yukon,"Utilities [22,221]",,x,60.7029,-135.0691
2018-09,Yukon,"Utilities [22,221]",,x,60.7029,-135.0691
2018-10,Yukon,"Utilities [22,221]",,x,60.7029,-135.0691
2018-11,Yukon,"Utilities [22,221]",,x,60.7029,-135.0691
2018-12,Yukon,"Utilities [22,221]",,x,60.7029,-135.0691
2019-01,Yukon,"Utilities [22,221]",,x,60.7029,-135.0691
2019-02,Yukon,"Utilities [22,221]",,x,60.7029,-135.0691
2019-03,Yukon,"Utilities [22,221]",,x,60.7029,-135.0691
2019-04,Yukon,"Utilities [22,221]",,x,60.7029,-135.0691
2019-05,Yukon,"Utilities [22,221]",,x,60.7029,-135.0691
2019-06,Yukon,"Utilities [22,221]",,x,60.7029,-135.0691
2019-07,Yukon,"Utilities [22,221]",,x,60.7029,-135.0691
2019-08,Yukon,"Utilities [22,221]",,x,60.7029,-135.0691
2019-09,Yukon,"Utilities [22,221]",,x,60.7029,-135.0691
2019-10,Yukon,"Utilities [22,221]",,x,60.7029,-135.0691
2019-11,Yukon,"Utilities [22,221]",,x,60.7029,-135.0691
2019-12,Yukon,"Utilities [22,221]",,x,60.7029,-135.0691
2020-01,Yukon,"Utilities [22,221]",,x,60.7029,-135.0691
2020-02,Yukon,"Utilities [22,221]",,x,60.7029,-135.0691
2020-03,Yukon,"Utilities [22,221]",,x,60.7029,-135.0691
2020-04,Yukon,"Utilities [22,221]",,x,60.7029,-135.0691
2020-05,Yukon,"Utilities [22,221]",,x,60.7029,-135.0691
2020-06,Yukon,"Utilities [22,221]",,x,60.7029,-135.0691
2020-07,Yukon,"Utilities [22,221]",,x,60.7029,-135.0691
2020-08,Yukon,"Utilities [22,221]",,x,60.7029,-135.0691
2020-09,Yukon,"Utilities [22,221]",,x,60.7029,-135.0691
2020-10,Yukon,"Utilities [22,221]",,x,60.7029,-135.0691
2020-11,Yukon,"Utilities [22,221]",,x,60.7029,-135.0691
2020-12,Yukon,"Utilities [22,221]",,x,60.7029,-135.0691
2021-01,Yukon,"Utilities [22,221]",,x,60.7029,-135.0691
2021-02,Yukon,"Utilities [22,221]",,x,60.7029,-135.0691
2021-03,Yukon,"Utilities [22,221]",,x,60.7029,-135.0691
2021-04,Yukon,"Utilities [22,221]",,x,60.7029,-135.0691
2021-05,Yukon,"Utilities [22,221]",,x,60.7029,-135.0691
2021-06,Yukon,"Utilities [22,221]",,x,60.7029,-135.0691
2021-07,Yukon,"Utilities [22,221]",,x,60.7029,-135.0691
2021-08,Yukon,"Utilities [22,221]",,x,60.7029,-135.0691
2021-09,Yukon,"Utilities [22,221]",,x,60.7029,-135.0691
2021-10,Yukon,"Utilities [22,221]",,x,60.7029,-135.0691
2021-11,Yukon,"Utilities [22,221]",,x,60.7029,-135.0691
2021-12,Yukon,"Utilities [22,221]",,x,60.7029,-135.0691
2022-01,Yukon,"Utilities [22,221]",,x,60.7029,-135.0691
2022-02,Yukon,"Utilities [22,221]",,x,60.7029,-135.0691
2022-03,Yukon,"Utilities [22,221]",,x,60.7029,-135.0691
2022-04,Yukon,"Utilities [22,221]",,x,60.7029,-135.0691
2022-05,Yukon,"Utilities [22,221]",,x,60.7029,-135.0691
2022-06,Yukon,"Utilities [22,221]",,x,60.7029,-135.0691
2022-07,Yukon,"Utilities [22,221]",,x,60.7029,-135.0691
2022-08,Yukon,"Utilities [22,221]",,x,60.7029,-135.0691
2022-09,Yukon,"Utilities [22,221]",,x,60.7029,-135.0691
2022-10,Yukon,"Utilities [22,221]",,x,60.7029,-135.0691
2022-11,Yukon,"Utilities [22,221]",,x,60.7029,-135.0691
2022-12,Yukon,"Utilities [22,221]",,x,60.7029,-135.0691
2023-01,Yukon,"Utilities [22,221]",,x,60.7029,-135.0691
2023-02,Yukon,"Utilities [22,221]",,x,60.7029,-135.0691
2023-03,Yukon,"Utilities [22,221]",,x,60.7029,-135.0691
2023-04,Yukon,"Utilities [22,221]",,x,60.7029,-135.0691
2023-05,Yukon,"Utilities [22,221]",,x,60.7029,-135.0691
2023-06,Yukon,"Utilities [22,221]",,x,60.7029,-135.0691
2023-07,Yukon,"Utilities [22,221]",,x,60.7029,-135.0691
2023-08,Yukon,"Utilities [22,221]",,x,60.7029,-135.0691
2023-09,Yukon,"Utilities [22,221]",,x,60.7029,-135.0691
2023-10,Yukon,"Utilities [22,221]",,x,60.7029,-135.0691
2023-11,Yukon,"Utilities [22,221]",,x,60.7029,-135.0691
2023-12,Yukon,"Utilities [22,221]",,x,60.7029,-135.0691
2024-01,Yukon,"Utilities [22,221]",,x,60.7029,-135.0691
2024-02,Yukon,"Utilities [22,221]",,x,60.7029,-135.0691
2018-01,Yukon,Construction [23],1114,A,60.7029,-135.0691
2018-02,Yukon,Construction [23],1078,A,60.7029,-135.0691
2018-03,Yukon,Construction [23],1093,A,60.7029,-135.0691
2018-04,Yukon,Construction [23],1115,A,60.7029,-135.0691
2018-05,Yukon,Construction [23],1275,A,60.7029,-135.0691
2018-06,Yukon,Construction [23],1339,A,60.7029,-135.0691
2018-07,Yukon,Construction [23],1320,A,60.7029,-135.0691
2018-08,Yukon,Construction [23],1395,A,60.7029,-135.0691
2018-09,Yukon,Construction [23],1457,A,60.7029,-135.0691
2018-10,Yukon,Construction [23],1421,A,60.7029,-135.0691
2018-11,Yukon,Construction [23],1371,A,60.7029,-135.0691
2018-12,Yukon,Construction [23],1260,A,60.7029,-135.0691
2019-01,Yukon,Construction [23],1078,A,60.7029,-135.0691
2019-02,Yukon,Construction [23],1073,A,60.7029,-135.0691
2019-03,Yukon,Construction [23],1161,A,60.7029,-135.0691
2019-04,Yukon,Construction [23],1222,A,60.7029,-135.0691
2019-05,Yukon,Construction [23],1365,A,60.7029,-135.0691
2019-06,Yukon,Construction [23],1429,A,60.7029,-135.0691
2019-07,Yukon,Construction [23],1472,A,60.7029,-135.0691
2019-08,Yukon,Construction [23],1462,A,60.7029,-135.0691
2019-09,Yukon,Construction [23],1419,B,60.7029,-135.0691
2019-10,Yukon,Construction [23],1416,B,60.7029,-135.0691
2019-11,Yukon,Construction [23],1490,B,60.7029,-135.0691
2019-12,Yukon,Construction [23],1403,A,60.7029,-135.0691
2020-01,Yukon,Construction [23],1238,B,60.7029,-135.0691
2020-02,Yukon,Construction [23],1180,B,60.7029,-135.0691
2020-03,Yukon,Construction [23],1161,B,60.7029,-135.0691
2020-04,Yukon,Construction [23],1021,B,60.7029,-135.0691
2020-05,Yukon,Construction [23],1201,B,60.7029,-135.0691
2020-06,Yukon,Construction [23],1501,B,60.7029,-135.0691
2020-07,Yukon,Construction [23],1536,A,60.7029,-135.0691
2020-08,Yukon,Construction [23],1630,A,60.7029,-135.0691
2020-09,Yukon,Construction [23],1674,B,60.7029,-135.0691
2020-10,Yukon,Construction [23],1641,A,60.7029,-135.0691
2020-11,Yukon,Construction [23],1379,B,60.7029,-135.0691
2020-12,Yukon,Construction [23],1272,B,60.7029,-135.0691
2021-01,Yukon,Construction [23],1199,A,60.7029,-135.0691
2021-02,Yukon,Construction [23],1210,A,60.7029,-135.0691
2021-03,Yukon,Construction [23],1304,B,60.7029,-135.0691
2021-04,Yukon,Construction [23],1326,B,60.7029,-135.0691
2021-05,Yukon,Construction [23],1515,A,60.7029,-135.0691
2021-06,Yukon,Construction [23],1651,B,60.7029,-135.0691
2021-07,Yukon,Construction [23],1761,B,60.7029,-135.0691
2021-08,Yukon,Construction [23],1793,B,60.7029,-135.0691
2021-09,Yukon,Construction [23],1645,A,60.7029,-135.0691
2021-10,Yukon,Construction [23],1748,A,60.7029,-135.0691
2021-11,Yukon,Construction [23],1542,B,60.7029,-135.0691
2021-12,Yukon,Construction [23],1650,B,60.7029,-135.0691
2022-01,Yukon,Construction [23],1378,B,60.7029,-135.0691
2022-02,Yukon,Construction [23],1500,B,60.7029,-135.0691
2022-03,Yukon,Construction [23],1466,B,60.7029,-135.0691
2022-04,Yukon,Construction [23],1536,B,60.7029,-135.0691
2022-05,Yukon,Construction [23],1751,B,60.7029,-135.0691
2022-06,Yukon,Construction [23],2123,B,60.7029,-135.0691
2022-07,Yukon,Construction [23],2138,B,60.7029,-135.0691
2022-08,Yukon,Construction [23],2214,B,60.7029,-135.0691
2022-09,Yukon,Construction [23],2165,B,60.7029,-135.0691
2022-10,Yukon,Construction [23],2119,B,60.7029,-135.0691
2022-11,Yukon,Construction [23],1855,B,60.7029,-135.0691
2022-12,Yukon,Construction [23],1738,B,60.7029,-135.0691
2023-01,Yukon,Construction [23],1566,B,60.7029,-135.0691
2023-02,Yukon,Construction [23],1428,B,60.7029,-135.0691
2023-03,Yukon,Construction [23],1457,B,60.7029,-135.0691
2023-04,Yukon,Construction [23],1583,B,60.7029,-135.0691
2023-05,Yukon,Construction [23],1837,B,60.7029,-135.0691
2023-06,Yukon,Construction [23],1949,B,60.7029,-135.0691
2023-07,Yukon,Construction [23],2044,B,60.7029,-135.0691
2023-08,Yukon,Construction [23],2040,B,60.7029,-135.0691
2023-09,Yukon,Construction [23],2067,B,60.7029,-135.0691
2023-10,Yukon,Construction [23],1878,B,60.7029,-135.0691
2023-11,Yukon,Construction [23],1806,B,60.7029,-135.0691
2023-12,Yukon,Construction [23],1603,B,60.7029,-135.0691
2024-01,Yukon,Construction [23],1395,B,60.7029,-135.0691
2024-02,Yukon,Construction [23],1386,B,60.7029,-135.0691
2018-01,Yukon,Manufacturing [31-33],,x,60.7029,-135.0691
2018-02,Yukon,Manufacturing [31-33],,x,60.7029,-135.0691
2018-03,Yukon,Manufacturing [31-33],,x,60.7029,-135.0691
2018-04,Yukon,Manufacturing [31-33],,x,60.7029,-135.0691
2018-05,Yukon,Manufacturing [31-33],,x,60.7029,-135.0691
2018-06,Yukon,Manufacturing [31-33],,x,60.7029,-135.0691
2018-07,Yukon,Manufacturing [31-33],,x,60.7029,-135.0691
2018-08,Yukon,Manufacturing [31-33],,x,60.7029,-135.0691
2018-09,Yukon,Manufacturing [31-33],,x,60.7029,-135.0691
2018-10,Yukon,Manufacturing [31-33],,x,60.7029,-135.0691
2018-11,Yukon,Manufacturing [31-33],,x,60.7029,-135.0691
2018-12,Yukon,Manufacturing [31-33],,x,60.7029,-135.0691
2019-01,Yukon,Manufacturing [31-33],,x,60.7029,-135.0691
2019-02,Yukon,Manufacturing [31-33],,x,60.7029,-135.0691
2019-03,Yukon,Manufacturing [31-33],,x,60.7029,-135.0691
2019-04,Yukon,Manufacturing [31-33],,x,60.7029,-135.0691
2019-05,Yukon,Manufacturing [31-33],,x,60.7029,-135.0691
2019-06,Yukon,Manufacturing [31-33],,x,60.7029,-135.0691
2019-07,Yukon,Manufacturing [31-33],,x,60.7029,-135.0691
2019-08,Yukon,Manufacturing [31-33],,x,60.7029,-135.0691
2019-09,Yukon,Manufacturing [31-33],,x,60.7029,-135.0691
2019-10,Yukon,Manufacturing [31-33],,x,60.7029,-135.0691
2019-11,Yukon,Manufacturing [31-33],,x,60.7029,-135.0691
2019-12,Yukon,Manufacturing [31-33],,x,60.7029,-135.0691
2020-01,Yukon,Manufacturing [31-33],,x,60.7029,-135.0691
2020-02,Yukon,Manufacturing [31-33],,x,60.7029,-135.0691
2020-03,Yukon,Manufacturing [31-33],,x,60.7029,-135.0691
2020-04,Yukon,Manufacturing [31-33],,x,60.7029,-135.0691
2020-05,Yukon,Manufacturing [31-33],,x,60.7029,-135.0691
2020-06,Yukon,Manufacturing [31-33],,x,60.7029,-135.0691
2020-07,Yukon,Manufacturing [31-33],,x,60.7029,-135.0691
2020-08,Yukon,Manufacturing [31-33],,x,60.7029,-135.0691
2020-09,Yukon,Manufacturing [31-33],,x,60.7029,-135.0691
2020-10,Yukon,Manufacturing [31-33],,x,60.7029,-135.0691
2020-11,Yukon,Manufacturing [31-33],,x,60.7029,-135.0691
2020-12,Yukon,Manufacturing [31-33],,x,60.7029,-135.0691
2021-01,Yukon,Manufacturing [31-33],,x,60.7029,-135.0691
2021-02,Yukon,Manufacturing [31-33],,x,60.7029,-135.0691
2021-03,Yukon,Manufacturing [31-33],,x,60.7029,-135.0691
2021-04,Yukon,Manufacturing [31-33],,x,60.7029,-135.0691
2021-05,Yukon,Manufacturing [31-33],,x,60.7029,-135.0691
2021-06,Yukon,Manufacturing [31-33],,x,60.7029,-135.0691
2021-07,Yukon,Manufacturing [31-33],,x,60.7029,-135.0691
2021-08,Yukon,Manufacturing [31-33],,x,60.7029,-135.0691
2021-09,Yukon,Manufacturing [31-33],,x,60.7029,-135.0691
2021-10,Yukon,Manufacturing [31-33],,x,60.7029,-135.0691
2021-11,Yukon,Manufacturing [31-33],,x,60.7029,-135.0691
2021-12,Yukon,Manufacturing [31-33],,x,60.7029,-135.0691
2022-01,Yukon,Manufacturing [31-33],,x,60.7029,-135.0691
2022-02,Yukon,Manufacturing [31-33],,x,60.7029,-135.0691
2022-03,Yukon,Manufacturing [31-33],,x,60.7029,-135.0691
2022-04,Yukon,Manufacturing [31-33],,x,60.7029,-135.0691
2022-05,Yukon,Manufacturing [31-33],,x,60.7029,-135.0691
2022-06,Yukon,Manufacturing [31-33],,x,60.7029,-135.0691
2022-07,Yukon,Manufacturing [31-33],,x,60.7029,-135.0691
2022-08,Yukon,Manufacturing [31-33],,x,60.7029,-135.0691
2022-09,Yukon,Manufacturing [31-33],,x,60.7029,-135.0691
2022-10,Yukon,Manufacturing [31-33],,x,60.7029,-135.0691
2022-11,Yukon,Manufacturing [31-33],,x,60.7029,-135.0691
2022-12,Yukon,Manufacturing [31-33],,x,60.7029,-135.0691
2023-01,Yukon,Manufacturing [31-33],,x,60.7029,-135.0691
2023-02,Yukon,Manufacturing [31-33],,x,60.7029,-135.0691
2023-03,Yukon,Manufacturing [31-33],,x,60.7029,-135.0691
2023-04,Yukon,Manufacturing [31-33],,x,60.7029,-135.0691
2023-05,Yukon,Manufacturing [31-33],,x,60.7029,-135.0691
2023-06,Yukon,Manufacturing [31-33],,x,60.7029,-135.0691
2023-07,Yukon,Manufacturing [31-33],,x,60.7029,-135.0691
2023-08,Yukon,Manufacturing [31-33],,x,60.7029,-135.0691
2023-09,Yukon,Manufacturing [31-33],,x,60.7029,-135.0691
2023-10,Yukon,Manufacturing [31-33],,x,60.7029,-135.0691
2023-11,Yukon,Manufacturing [31-33],,x,60.7029,-135.0691
2023-12,Yukon,Manufacturing [31-33],,x,60.7029,-135.0691
2024-01,Yukon,Manufacturing [31-33],,x,60.7029,-135.0691
2024-02,Yukon,Manufacturing [31-33],,x,60.7029,-135.0691
2018-01,Yukon,Trade [41-45N],3097,A,60.7029,-135.0691
2018-02,Yukon,Trade [41-45N],3076,A,60.7029,-135.0691
2018-03,Yukon,Trade [41-45N],3070,A,60.7029,-135.0691
2018-04,Yukon,Trade [41-45N],3102,A,60.7029,-135.0691
2018-05,Yukon,Trade [41-45N],3264,A,60.7029,-135.0691
2018-06,Yukon,Trade [41-45N],3300,A,60.7029,-135.0691
2018-07,Yukon,Trade [41-45N],3288,A,60.7029,-135.0691
2018-08,Yukon,Trade [41-45N],3249,A,60.7029,-135.0691
2018-09,Yukon,Trade [41-45N],3198,A,60.7029,-135.0691
2018-10,Yukon,Trade [41-45N],3113,A,60.7029,-135.0691
2018-11,Yukon,Trade [41-45N],3332,A,60.7029,-135.0691
2018-12,Yukon,Trade [41-45N],3351,A,60.7029,-135.0691
2019-01,Yukon,Trade [41-45N],3271,A,60.7029,-135.0691
2019-02,Yukon,Trade [41-45N],3280,A,60.7029,-135.0691
2019-03,Yukon,Trade [41-45N],3259,A,60.7029,-135.0691
2019-04,Yukon,Trade [41-45N],3315,A,60.7029,-135.0691
2019-05,Yukon,Trade [41-45N],3305,A,60.7029,-135.0691
2019-06,Yukon,Trade [41-45N],3349,A,60.7029,-135.0691
2019-07,Yukon,Trade [41-45N],3377,A,60.7029,-135.0691
2019-08,Yukon,Trade [41-45N],3316,A,60.7029,-135.0691
2019-09,Yukon,Trade [41-45N],3073,B,60.7029,-135.0691
2019-10,Yukon,Trade [41-45N],3038,B,60.7029,-135.0691
2019-11,Yukon,Trade [41-45N],3058,B,60.7029,-135.0691
2019-12,Yukon,Trade [41-45N],3008,B,60.7029,-135.0691
2020-01,Yukon,Trade [41-45N],2975,A,60.7029,-135.0691
2020-02,Yukon,Trade [41-45N],2961,B,60.7029,-135.0691
2020-03,Yukon,Trade [41-45N],2849,B,60.7029,-135.0691
2020-04,Yukon,Trade [41-45N],2637,B,60.7029,-135.0691
2020-05,Yukon,Trade [41-45N],2697,A,60.7029,-135.0691
2020-06,Yukon,Trade [41-45N],2772,B,60.7029,-135.0691
2020-07,Yukon,Trade [41-45N],2842,A,60.7029,-135.0691
2020-08,Yukon,Trade [41-45N],2922,B,60.7029,-135.0691
2020-09,Yukon,Trade [41-45N],2898,A,60.7029,-135.0691
2020-10,Yukon,Trade [41-45N],3041,B,60.7029,-135.0691
2020-11,Yukon,Trade [41-45N],3073,A,60.7029,-135.0691
2020-12,Yukon,Trade [41-45N],3135,A,60.7029,-135.0691
2021-01,Yukon,Trade [41-45N],2985,B,60.7029,-135.0691
2021-02,Yukon,Trade [41-45N],3020,A,60.7029,-135.0691
2021-03,Yukon,Trade [41-45N],3050,A,60.7029,-135.0691
2021-04,Yukon,Trade [41-45N],3097,B,60.7029,-135.0691
2021-05,Yukon,Trade [41-45N],3098,A,60.7029,-135.0691
2021-06,Yukon,Trade [41-45N],3085,B,60.7029,-135.0691
2021-07,Yukon,Trade [41-45N],3108,B,60.7029,-135.0691
2021-08,Yukon,Trade [41-45N],3047,B,60.7029,-135.0691
2021-09,Yukon,Trade [41-45N],3010,B,60.7029,-135.0691
2021-10,Yukon,Trade [41-45N],3041,B,60.7029,-135.0691
2021-11,Yukon,Trade [41-45N],3058,B,60.7029,-135.0691
2021-12,Yukon,Trade [41-45N],3061,B,60.7029,-135.0691
2022-01,Yukon,Trade [41-45N],3035,A,60.7029,-135.0691
2022-02,Yukon,Trade [41-45N],2880,B,60.7029,-135.0691
2022-03,Yukon,Trade [41-45N],2882,B,60.7029,-135.0691
2022-04,Yukon,Trade [41-45N],2963,B,60.7029,-135.0691
2022-05,Yukon,Trade [41-45N],2961,B,60.7029,-135.0691
2022-06,Yukon,Trade [41-45N],2985,C,60.7029,-135.0691
2022-07,Yukon,Trade [41-45N],3026,B,60.7029,-135.0691
2022-08,Yukon,Trade [41-45N],3014,B,60.7029,-135.0691
2022-09,Yukon,Trade [41-45N],3094,B,60.7029,-135.0691
2022-10,Yukon,Trade [41-45N],3132,B,60.7029,-135.0691
2022-11,Yukon,Trade [41-45N],3152,B,60.7029,-135.0691
2022-12,Yukon,Trade [41-45N],3156,B,60.7029,-135.0691
2023-01,Yukon,Trade [41-45N],3159,B,60.7029,-135.0691
2023-02,Yukon,Trade [41-45N],3111,B,60.7029,-135.0691
2023-03,Yukon,Trade [41-45N],3189,B,60.7029,-135.0691
2023-04,Yukon,Trade [41-45N],3093,B,60.7029,-135.0691
2023-05,Yukon,Trade [41-45N],3146,B,60.7029,-135.0691
2023-06,Yukon,Trade [41-45N],3170,B,60.7029,-135.0691
2023-07,Yukon,Trade [41-45N],3338,B,60.7029,-135.0691
2023-08,Yukon,Trade [41-45N],3319,B,60.7029,-135.0691
2023-09,Yukon,Trade [41-45N],3344,B,60.7029,-135.0691
2023-10,Yukon,Trade [41-45N],3253,B,60.7029,-135.0691
2023-11,Yukon,Trade [41-45N],3298,B,60.7029,-135.0691
2023-12,Yukon,Trade [41-45N],3279,B,60.7029,-135.0691
2024-01,Yukon,Trade [41-45N],3216,B,60.7029,-135.0691
2024-02,Yukon,Trade [41-45N],3188,B,60.7029,-135.0691
2018-01,Yukon,Transportation and warehousing [48-49],1464,A,60.7029,-135.0691
2018-02,Yukon,Transportation and warehousing [48-49],1473,A,60.7029,-135.0691
2018-03,Yukon,Transportation and warehousing [48-49],1506,A,60.7029,-135.0691
2018-04,Yukon,Transportation and warehousing [48-49],1500,A,60.7029,-135.0691
2018-05,Yukon,Transportation and warehousing [48-49],1609,B,60.7029,-135.0691
2018-06,Yukon,Transportation and warehousing [48-49],1774,A,60.7029,-135.0691
2018-07,Yukon,Transportation and warehousing [48-49],1808,A,60.7029,-135.0691
2018-08,Yukon,Transportation and warehousing [48-49],1818,A,60.7029,-135.0691
2018-09,Yukon,Transportation and warehousing [48-49],1694,A,60.7029,-135.0691
2018-10,Yukon,Transportation and warehousing [48-49],1581,A,60.7029,-135.0691
2018-11,Yukon,Transportation and warehousing [48-49],1436,A,60.7029,-135.0691
2018-12,Yukon,Transportation and warehousing [48-49],1432,A,60.7029,-135.0691
2019-01,Yukon,Transportation and warehousing [48-49],1383,A,60.7029,-135.0691
2019-02,Yukon,Transportation and warehousing [48-49],1398,A,60.7029,-135.0691
2019-03,Yukon,Transportation and warehousing [48-49],1430,A,60.7029,-135.0691
2019-04,Yukon,Transportation and warehousing [48-49],1395,A,60.7029,-135.0691
2019-05,Yukon,Transportation and warehousing [48-49],1420,A,60.7029,-135.0691
2019-06,Yukon,Transportation and warehousing [48-49],1468,A,60.7029,-135.0691
2019-07,Yukon,Transportation and warehousing [48-49],1474,A,60.7029,-135.0691
2019-08,Yukon,Transportation and warehousing [48-49],1444,A,60.7029,-135.0691
2019-09,Yukon,Transportation and warehousing [48-49],1444,A,60.7029,-135.0691
2019-10,Yukon,Transportation and warehousing [48-49],1441,A,60.7029,-135.0691
2019-11,Yukon,Transportation and warehousing [48-49],1362,A,60.7029,-135.0691
2019-12,Yukon,Transportation and warehousing [48-49],1339,A,60.7029,-135.0691
2020-01,Yukon,Transportation and warehousing [48-49],1366,A,60.7029,-135.0691
2020-02,Yukon,Transportation and warehousing [48-49],1320,A,60.7029,-135.0691
2020-03,Yukon,Transportation and warehousing [48-49],1266,B,60.7029,-135.0691
2020-04,Yukon,Transportation and warehousing [48-49],1122,B,60.7029,-135.0691
2020-05,Yukon,Transportation and warehousing [48-49],1131,B,60.7029,-135.0691
2020-06,Yukon,Transportation and warehousing [48-49],1165,B,60.7029,-135.0691
2020-07,Yukon,Transportation and warehousing [48-49],1151,B,60.7029,-135.0691
2020-08,Yukon,Transportation and warehousing [48-49],1168,B,60.7029,-135.0691
2020-09,Yukon,Transportation and warehousing [48-49],1163,B,60.7029,-135.0691
2020-10,Yukon,Transportation and warehousing [48-49],1204,B,60.7029,-135.0691
2020-11,Yukon,Transportation and warehousing [48-49],1148,B,60.7029,-135.0691
2020-12,Yukon,Transportation and warehousing [48-49],1144,B,60.7029,-135.0691
2021-01,Yukon,Transportation and warehousing [48-49],1115,B,60.7029,-135.0691
2021-02,Yukon,Transportation and warehousing [48-49],1157,B,60.7029,-135.0691
2021-03,Yukon,Transportation and warehousing [48-49],1127,A,60.7029,-135.0691
2021-04,Yukon,Transportation and warehousing [48-49],1146,A,60.7029,-135.0691
2021-05,Yukon,Transportation and warehousing [48-49],1167,B,60.7029,-135.0691
2021-06,Yukon,Transportation and warehousing [48-49],1212,C,60.7029,-135.0691
2021-07,Yukon,Transportation and warehousing [48-49],1216,B,60.7029,-135.0691
2021-08,Yukon,Transportation and warehousing [48-49],1226,B,60.7029,-135.0691
2021-09,Yukon,Transportation and warehousing [48-49],1208,B,60.7029,-135.0691
2021-10,Yukon,Transportation and warehousing [48-49],1206,B,60.7029,-135.0691
2021-11,Yukon,Transportation and warehousing [48-49],1150,B,60.7029,-135.0691
2021-12,Yukon,Transportation and warehousing [48-49],1145,B,60.7029,-135.0691
2022-01,Yukon,Transportation and warehousing [48-49],1158,A,60.7029,-135.0691
2022-02,Yukon,Transportation and warehousing [48-49],1166,B,60.7029,-135.0691
2022-03,Yukon,Transportation and warehousing [48-49],1201,B,60.7029,-135.0691
2022-04,Yukon,Transportation and warehousing [48-49],1245,B,60.7029,-135.0691
2022-05,Yukon,Transportation and warehousing [48-49],1250,B,60.7029,-135.0691
2022-06,Yukon,Transportation and warehousing [48-49],1304,C,60.7029,-135.0691
2022-07,Yukon,Transportation and warehousing [48-49],1357,B,60.7029,-135.0691
2022-08,Yukon,Transportation and warehousing [48-49],1283,A,60.7029,-135.0691
2022-09,Yukon,Transportation and warehousing [48-49],1281,A,60.7029,-135.0691
2022-10,Yukon,Transportation and warehousing [48-49],1249,B,60.7029,-135.0691
2022-11,Yukon,Transportation and warehousing [48-49],1216,B,60.7029,-135.0691
2022-12,Yukon,Transportation and warehousing [48-49],1207,A,60.7029,-135.0691
2023-01,Yukon,Transportation and warehousing [48-49],1163,B,60.7029,-135.0691
2023-02,Yukon,Transportation and warehousing [48-49],1212,B,60.7029,-135.0691
2023-03,Yukon,Transportation and warehousing [48-49],1212,B,60.7029,-135.0691
2023-04,Yukon,Transportation and warehousing [48-49],1215,B,60.7029,-135.0691
2023-05,Yukon,Transportation and warehousing [48-49],1293,B,60.7029,-135.0691
2023-06,Yukon,Transportation and warehousing [48-49],1339,B,60.7029,-135.0691
2023-07,Yukon,Transportation and warehousing [48-49],1354,B,60.7029,-135.0691
2023-08,Yukon,Transportation and warehousing [48-49],1356,B,60.7029,-135.0691
2023-09,Yukon,Transportation and warehousing [48-49],1343,B,60.7029,-135.0691
2023-10,Yukon,Transportation and warehousing [48-49],1334,B,60.7029,-135.0691
2023-11,Yukon,Transportation and warehousing [48-49],1268,B,60.7029,-135.0691
2023-12,Yukon,Transportation and warehousing [48-49],1326,B,60.7029,-135.0691
2024-01,Yukon,Transportation and warehousing [48-49],1235,A,60.7029,-135.0691
2024-02,Yukon,Transportation and warehousing [48-49],1234,B,60.7029,-135.0691
2018-01,Yukon,Information and cultural industries [51],425,A,60.7029,-135.0691
2018-02,Yukon,Information and cultural industries [51],425,A,60.7029,-135.0691
2018-03,Yukon,Information and cultural industries [51],425,A,60.7029,-135.0691
2018-04,Yukon,Information and cultural industries [51],450,A,60.7029,-135.0691
2018-05,Yukon,Information and cultural industries [51],454,A,60.7029,-135.0691
2018-06,Yukon,Information and cultural industries [51],524,A,60.7029,-135.0691
2018-07,Yukon,Information and cultural industries [51],520,A,60.7029,-135.0691
2018-08,Yukon,Information and cultural industries [51],519,A,60.7029,-135.0691
2018-09,Yukon,Information and cultural industries [51],506,A,60.7029,-135.0691
2018-10,Yukon,Information and cultural industries [51],510,A,60.7029,-135.0691
2018-11,Yukon,Information and cultural industries [51],512,A,60.7029,-135.0691
2018-12,Yukon,Information and cultural industries [51],502,A,60.7029,-135.0691
2019-01,Yukon,Information and cultural industries [51],485,A,60.7029,-135.0691
2019-02,Yukon,Information and cultural industries [51],492,A,60.7029,-135.0691
2019-03,Yukon,Information and cultural industries [51],480,A,60.7029,-135.0691
2019-04,Yukon,Information and cultural industries [51],482,A,60.7029,-135.0691
2019-05,Yukon,Information and cultural industries [51],488,A,60.7029,-135.0691
2019-06,Yukon,Information and cultural industries [51],499,A,60.7029,-135.0691
2019-07,Yukon,Information and cultural industries [51],501,A,60.7029,-135.0691
2019-08,Yukon,Information and cultural industries [51],499,A,60.7029,-135.0691
2019-09,Yukon,Information and cultural industries [51],498,B,60.7029,-135.0691
2019-10,Yukon,Information and cultural industries [51],503,B,60.7029,-135.0691
2019-11,Yukon,Information and cultural industries [51],502,B,60.7029,-135.0691
2019-12,Yukon,Information and cultural industries [51],489,B,60.7029,-135.0691
2020-01,Yukon,Information and cultural industries [51],487,B,60.7029,-135.0691
2020-02,Yukon,Information and cultural industries [51],448,B,60.7029,-135.0691
2020-03,Yukon,Information and cultural industries [51],455,B,60.7029,-135.0691
2020-04,Yukon,Information and cultural industries [51],449,B,60.7029,-135.0691
2020-05,Yukon,Information and cultural industries [51],432,B,60.7029,-135.0691
2020-06,Yukon,Information and cultural industries [51],440,A,60.7029,-135.0691
2020-07,Yukon,Information and cultural industries [51],452,A,60.7029,-135.0691
2020-08,Yukon,Information and cultural industries [51],466,A,60.7029,-135.0691
2020-09,Yukon,Information and cultural industries [51],470,A,60.7029,-135.0691
2020-10,Yukon,Information and cultural industries [51],476,A,60.7029,-135.0691
2020-11,Yukon,Information and cultural industries [51],443,A,60.7029,-135.0691
2020-12,Yukon,Information and cultural industries [51],458,A,60.7029,-135.0691
2021-01,Yukon,Information and cultural industries [51],501,A,60.7029,-135.0691
2021-02,Yukon,Information and cultural industries [51],460,A,60.7029,-135.0691
2021-03,Yukon,Information and cultural industries [51],455,B,60.7029,-135.0691
2021-04,Yukon,Information and cultural industries [51],520,B,60.7029,-135.0691
2021-05,Yukon,Information and cultural industries [51],415,A,60.7029,-135.0691
2021-06,Yukon,Information and cultural industries [51],452,A,60.7029,-135.0691
2021-07,Yukon,Information and cultural industries [51],482,D,60.7029,-135.0691
2021-08,Yukon,Information and cultural industries [51],463,C,60.7029,-135.0691
2021-09,Yukon,Information and cultural industries [51],430,B,60.7029,-135.0691
2021-10,Yukon,Information and cultural industries [51],440,B,60.7029,-135.0691
2021-11,Yukon,Information and cultural industries [51],418,B,60.7029,-135.0691
2021-12,Yukon,Information and cultural industries [51],431,B,60.7029,-135.0691
2022-01,Yukon,Information and cultural industries [51],418,B,60.7029,-135.0691
2022-02,Yukon,Information and cultural industries [51],423,A,60.7029,-135.0691
2022-03,Yukon,Information and cultural industries [51],419,B,60.7029,-135.0691
2022-04,Yukon,Information and cultural industries [51],421,A,60.7029,-135.0691
2022-05,Yukon,Information and cultural industries [51],427,A,60.7029,-135.0691
2022-06,Yukon,Information and cultural industries [51],428,C,60.7029,-135.0691
2022-07,Yukon,Information and cultural industries [51],441,C,60.7029,-135.0691
2022-08,Yukon,Information and cultural industries [51],432,A,60.7029,-135.0691
2022-09,Yukon,Information and cultural industries [51],426,A,60.7029,-135.0691
2022-10,Yukon,Information and cultural industries [51],426,A,60.7029,-135.0691
2022-11,Yukon,Information and cultural industries [51],423,A,60.7029,-135.0691
2022-12,Yukon,Information and cultural industries [51],425,B,60.7029,-135.0691
2023-01,Yukon,Information and cultural industries [51],420,A,60.7029,-135.0691
2023-02,Yukon,Information and cultural industries [51],435,A,60.7029,-135.0691
2023-03,Yukon,Information and cultural industries [51],414,B,60.7029,-135.0691
2023-04,Yukon,Information and cultural industries [51],405,A,60.7029,-135.0691
2023-05,Yukon,Information and cultural industries [51],414,A,60.7029,-135.0691
2023-06,Yukon,Information and cultural industries [51],424,B,60.7029,-135.0691
2023-07,Yukon,Information and cultural industries [51],410,B,60.7029,-135.0691
2023-08,Yukon,Information and cultural industries [51],415,A,60.7029,-135.0691
2023-09,Yukon,Information and cultural industries [51],415,A,60.7029,-135.0691
2023-10,Yukon,Information and cultural industries [51],415,B,60.7029,-135.0691
2023-11,Yukon,Information and cultural industries [51],416,A,60.7029,-135.0691
2023-12,Yukon,Information and cultural industries [51],414,A,60.7029,-135.0691
2024-01,Yukon,Information and cultural industries [51],403,B,60.7029,-135.0691
2024-02,Yukon,Information and cultural industries [51],408,B,60.7029,-135.0691
2018-01,Yukon,Finance and insurance [52],317,A,60.7029,-135.0691
2018-02,Yukon,Finance and insurance [52],321,A,60.7029,-135.0691
2018-03,Yukon,Finance and insurance [52],321,A,60.7029,-135.0691
2018-04,Yukon,Finance and insurance [52],322,A,60.7029,-135.0691
2018-05,Yukon,Finance and insurance [52],356,B,60.7029,-135.0691
2018-06,Yukon,Finance and insurance [52],375,B,60.7029,-135.0691
2018-07,Yukon,Finance and insurance [52],397,A,60.7029,-135.0691
2018-08,Yukon,Finance and insurance [52],388,A,60.7029,-135.0691
2018-09,Yukon,Finance and insurance [52],369,A,60.7029,-135.0691
2018-10,Yukon,Finance and insurance [52],362,A,60.7029,-135.0691
2018-11,Yukon,Finance and insurance [52],341,A,60.7029,-135.0691
2018-12,Yukon,Finance and insurance [52],343,A,60.7029,-135.0691
2019-01,Yukon,Finance and insurance [52],336,A,60.7029,-135.0691
2019-02,Yukon,Finance and insurance [52],336,A,60.7029,-135.0691
2019-03,Yukon,Finance and insurance [52],324,A,60.7029,-135.0691
2019-04,Yukon,Finance and insurance [52],329,B,60.7029,-135.0691
2019-05,Yukon,Finance and insurance [52],320,A,60.7029,-135.0691
2019-06,Yukon,Finance and insurance [52],319,A,60.7029,-135.0691
2019-07,Yukon,Finance and insurance [52],319,A,60.7029,-135.0691
2019-08,Yukon,Finance and insurance [52],322,A,60.7029,-135.0691
2019-09,Yukon,Finance and insurance [52],334,A,60.7029,-135.0691
2019-10,Yukon,Finance and insurance [52],324,A,60.7029,-135.0691
2019-11,Yukon,Finance and insurance [52],322,A,60.7029,-135.0691
2019-12,Yukon,Finance and insurance [52],401,B,60.7029,-135.0691
2020-01,Yukon,Finance and insurance [52],388,B,60.7029,-135.0691
2020-02,Yukon,Finance and insurance [52],397,B,60.7029,-135.0691
2020-03,Yukon,Finance and insurance [52],400,A,60.7029,-135.0691
2020-04,Yukon,Finance and insurance [52],305,B,60.7029,-135.0691
2020-05,Yukon,Finance and insurance [52],304,A,60.7029,-135.0691
2020-06,Yukon,Finance and insurance [52],312,A,60.7029,-135.0691
2020-07,Yukon,Finance and insurance [52],310,A,60.7029,-135.0691
2020-08,Yukon,Finance and insurance [52],315,A,60.7029,-135.0691
2020-09,Yukon,Finance and insurance [52],317,A,60.7029,-135.0691
2020-10,Yukon,Finance and insurance [52],315,B,60.7029,-135.0691
2020-11,Yukon,Finance and insurance [52],321,A,60.7029,-135.0691
2020-12,Yukon,Finance and insurance [52],310,A,60.7029,-135.0691
2021-01,Yukon,Finance and insurance [52],321,A,60.7029,-135.0691
2021-02,Yukon,Finance and insurance [52],329,A,60.7029,-135.0691
2021-03,Yukon,Finance and insurance [52],344,A,60.7029,-135.0691
2021-04,Yukon,Finance and insurance [52],341,B,60.7029,-135.0691
2021-05,Yukon,Finance and insurance [52],348,B,60.7029,-135.0691
2021-06,Yukon,Finance and insurance [52],337,A,60.7029,-135.0691
2021-07,Yukon,Finance and insurance [52],344,A,60.7029,-135.0691
2021-08,Yukon,Finance and insurance [52],333,C,60.7029,-135.0691
2021-09,Yukon,Finance and insurance [52],348,C,60.7029,-135.0691
2021-10,Yukon,Finance and insurance [52],349,A,60.7029,-135.0691
2021-11,Yukon,Finance and insurance [52],345,A,60.7029,-135.0691
2021-12,Yukon,Finance and insurance [52],332,A,60.7029,-135.0691
2022-01,Yukon,Finance and insurance [52],332,A,60.7029,-135.0691
2022-02,Yukon,Finance and insurance [52],326,B,60.7029,-135.0691
2022-03,Yukon,Finance and insurance [52],335,A,60.7029,-135.0691
2022-04,Yukon,Finance and insurance [52],328,A,60.7029,-135.0691
2022-05,Yukon,Finance and insurance [52],333,A,60.7029,-135.0691
2022-06,Yukon,Finance and insurance [52],340,B,60.7029,-135.0691
2022-07,Yukon,Finance and insurance [52],349,B,60.7029,-135.0691
2022-08,Yukon,Finance and insurance [52],347,A,60.7029,-135.0691
2022-09,Yukon,Finance and insurance [52],350,A,60.7029,-135.0691
2022-10,Yukon,Finance and insurance [52],350,A,60.7029,-135.0691
2022-11,Yukon,Finance and insurance [52],355,A,60.7029,-135.0691
2022-12,Yukon,Finance and insurance [52],342,A,60.7029,-135.0691
2023-01,Yukon,Finance and insurance [52],332,A,60.7029,-135.0691
2023-02,Yukon,Finance and insurance [52],338,B,60.7029,-135.0691
2023-03,Yukon,Finance and insurance [52],338,C,60.7029,-135.0691
2023-04,Yukon,Finance and insurance [52],343,C,60.7029,-135.0691
2023-05,Yukon,Finance and insurance [52],334,B,60.7029,-135.0691
2023-06,Yukon,Finance and insurance [52],341,A,60.7029,-135.0691
2023-07,Yukon,Finance and insurance [52],343,A,60.7029,-135.0691
2023-08,Yukon,Finance and insurance [52],339,A,60.7029,-135.0691
2023-09,Yukon,Finance and insurance [52],363,B,60.7029,-135.0691
2023-10,Yukon,Finance and insurance [52],362,B,60.7029,-135.0691
2023-11,Yukon,Finance and insurance [52],372,B,60.7029,-135.0691
2023-12,Yukon,Finance and insurance [52],371,B,60.7029,-135.0691
2024-01,Yukon,Finance and insurance [52],363,B,60.7029,-135.0691
2024-02,Yukon,Finance and insurance [52],384,C,60.7029,-135.0691
2018-01,Yukon,Real estate and rental and leasing [53],251,A,60.7029,-135.0691
2018-02,Yukon,Real estate and rental and leasing [53],247,A,60.7029,-135.0691
2018-03,Yukon,Real estate and rental and leasing [53],252,A,60.7029,-135.0691
2018-04,Yukon,Real estate and rental and leasing [53],262,A,60.7029,-135.0691
2018-05,Yukon,Real estate and rental and leasing [53],314,A,60.7029,-135.0691
2018-06,Yukon,Real estate and rental and leasing [53],318,A,60.7029,-135.0691
2018-07,Yukon,Real estate and rental and leasing [53],345,A,60.7029,-135.0691
2018-08,Yukon,Real estate and rental and leasing [53],328,A,60.7029,-135.0691
2018-09,Yukon,Real estate and rental and leasing [53],324,A,60.7029,-135.0691
2018-10,Yukon,Real estate and rental and leasing [53],308,A,60.7029,-135.0691
2018-11,Yukon,Real estate and rental and leasing [53],306,A,60.7029,-135.0691
2018-12,Yukon,Real estate and rental and leasing [53],305,A,60.7029,-135.0691
2019-01,Yukon,Real estate and rental and leasing [53],293,A,60.7029,-135.0691
2019-02,Yukon,Real estate and rental and leasing [53],298,A,60.7029,-135.0691
2019-03,Yukon,Real estate and rental and leasing [53],296,A,60.7029,-135.0691
2019-04,Yukon,Real estate and rental and leasing [53],288,A,60.7029,-135.0691
2019-05,Yukon,Real estate and rental and leasing [53],305,A,60.7029,-135.0691
2019-06,Yukon,Real estate and rental and leasing [53],322,A,60.7029,-135.0691
2019-07,Yukon,Real estate and rental and leasing [53],303,A,60.7029,-135.0691
2019-08,Yukon,Real estate and rental and leasing [53],325,A,60.7029,-135.0691
2019-09,Yukon,Real estate and rental and leasing [53],326,B,60.7029,-135.0691
2019-10,Yukon,Real estate and rental and leasing [53],316,B,60.7029,-135.0691
2019-11,Yukon,Real estate and rental and leasing [53],304,B,60.7029,-135.0691
2019-12,Yukon,Real estate and rental and leasing [53],323,B,60.7029,-135.0691
2020-01,Yukon,Real estate and rental and leasing [53],283,B,60.7029,-135.0691
2020-02,Yukon,Real estate and rental and leasing [53],286,C,60.7029,-135.0691
2020-03,Yukon,Real estate and rental and leasing [53],283,B,60.7029,-135.0691
2020-04,Yukon,Real estate and rental and leasing [53],279,B,60.7029,-135.0691
2020-05,Yukon,Real estate and rental and leasing [53],264,B,60.7029,-135.0691
2020-06,Yukon,Real estate and rental and leasing [53],269,A,60.7029,-135.0691
2020-07,Yukon,Real estate and rental and leasing [53],261,B,60.7029,-135.0691
2020-08,Yukon,Real estate and rental and leasing [53],280,A,60.7029,-135.0691
2020-09,Yukon,Real estate and rental and leasing [53],276,A,60.7029,-135.0691
2020-10,Yukon,Real estate and rental and leasing [53],272,A,60.7029,-135.0691
2020-11,Yukon,Real estate and rental and leasing [53],260,B,60.7029,-135.0691
2020-12,Yukon,Real estate and rental and leasing [53],263,A,60.7029,-135.0691
2021-01,Yukon,Real estate and rental and leasing [53],274,C,60.7029,-135.0691
2021-02,Yukon,Real estate and rental and leasing [53],266,B,60.7029,-135.0691
2021-03,Yukon,Real estate and rental and leasing [53],276,B,60.7029,-135.0691
2021-04,Yukon,Real estate and rental and leasing [53],278,B,60.7029,-135.0691
2021-05,Yukon,Real estate and rental and leasing [53],302,B,60.7029,-135.0691
2021-06,Yukon,Real estate and rental and leasing [53],302,B,60.7029,-135.0691
2021-07,Yukon,Real estate and rental and leasing [53],299,B,60.7029,-135.0691
2021-08,Yukon,Real estate and rental and leasing [53],312,B,60.7029,-135.0691
2021-09,Yukon,Real estate and rental and leasing [53],277,A,60.7029,-135.0691
2021-10,Yukon,Real estate and rental and leasing [53],317,A,60.7029,-135.0691
2021-11,Yukon,Real estate and rental and leasing [53],301,A,60.7029,-135.0691
2021-12,Yukon,Real estate and rental and leasing [53],298,B,60.7029,-135.0691
2022-01,Yukon,Real estate and rental and leasing [53],278,B,60.7029,-135.0691
2022-02,Yukon,Real estate and rental and leasing [53],278,B,60.7029,-135.0691
2022-03,Yukon,Real estate and rental and leasing [53],307,B,60.7029,-135.0691
2022-04,Yukon,Real estate and rental and leasing [53],301,B,60.7029,-135.0691
2022-05,Yukon,Real estate and rental and leasing [53],330,B,60.7029,-135.0691
2022-06,Yukon,Real estate and rental and leasing [53],336,C,60.7029,-135.0691
2022-07,Yukon,Real estate and rental and leasing [53],377,C,60.7029,-135.0691
2022-08,Yukon,Real estate and rental and leasing [53],356,A,60.7029,-135.0691
2022-09,Yukon,Real estate and rental and leasing [53],357,A,60.7029,-135.0691
2022-10,Yukon,Real estate and rental and leasing [53],368,B,60.7029,-135.0691
2022-11,Yukon,Real estate and rental and leasing [53],353,A,60.7029,-135.0691
2022-12,Yukon,Real estate and rental and leasing [53],315,A,60.7029,-135.0691
2023-01,Yukon,Real estate and rental and leasing [53],,x,60.7029,-135.0691
2023-02,Yukon,Real estate and rental and leasing [53],,x,60.7029,-135.0691
2023-03,Yukon,Real estate and rental and leasing [53],,x,60.7029,-135.0691
2023-04,Yukon,Real estate and rental and leasing [53],,x,60.7029,-135.0691
2023-05,Yukon,Real estate and rental and leasing [53],,x,60.7029,-135.0691
2023-06,Yukon,Real estate and rental and leasing [53],,x,60.7029,-135.0691
2023-07,Yukon,Real estate and rental and leasing [53],,x,60.7029,-135.0691
2023-08,Yukon,Real estate and rental and leasing [53],,x,60.7029,-135.0691
2023-09,Yukon,Real estate and rental and leasing [53],,x,60.7029,-135.0691
2023-10,Yukon,Real estate and rental and leasing [53],,x,60.7029,-135.0691
2023-11,Yukon,Real estate and rental and leasing [53],,x,60.7029,-135.0691
2023-12,Yukon,Real estate and rental and leasing [53],,x,60.7029,-135.0691
2024-01,Yukon,Real estate and rental and leasing [53],,x,60.7029,-135.0691
2024-02,Yukon,Real estate and rental and leasing [53],,x,60.7029,-135.0691
2018-01,Yukon,"Professional, scientific and technical services [54,541]",551,A,60.7029,-135.0691
2018-02,Yukon,"Professional, scientific and technical services [54,541]",561,A,60.7029,-135.0691
2018-03,Yukon,"Professional, scientific and technical services [54,541]",576,A,60.7029,-135.0691
2018-04,Yukon,"Professional, scientific and technical services [54,541]",631,A,60.7029,-135.0691
2018-05,Yukon,"Professional, scientific and technical services [54,541]",662,A,60.7029,-135.0691
2018-06,Yukon,"Professional, scientific and technical services [54,541]",644,A,60.7029,-135.0691
2018-07,Yukon,"Professional, scientific and technical services [54,541]",664,A,60.7029,-135.0691
2018-08,Yukon,"Professional, scientific and technical services [54,541]",651,A,60.7029,-135.0691
2018-09,Yukon,"Professional, scientific and technical services [54,541]",670,A,60.7029,-135.0691
2018-10,Yukon,"Professional, scientific and technical services [54,541]",656,A,60.7029,-135.0691
2018-11,Yukon,"Professional, scientific and technical services [54,541]",619,A,60.7029,-135.0691
2018-12,Yukon,"Professional, scientific and technical services [54,541]",642,A,60.7029,-135.0691
2019-01,Yukon,"Professional, scientific and technical services [54,541]",656,A,60.7029,-135.0691
2019-02,Yukon,"Professional, scientific and technical services [54,541]",651,A,60.7029,-135.0691
2019-03,Yukon,"Professional, scientific and technical services [54,541]",671,A,60.7029,-135.0691
2019-04,Yukon,"Professional, scientific and technical services [54,541]",683,A,60.7029,-135.0691
2019-05,Yukon,"Professional, scientific and technical services [54,541]",707,A,60.7029,-135.0691
2019-06,Yukon,"Professional, scientific and technical services [54,541]",737,A,60.7029,-135.0691
2019-07,Yukon,"Professional, scientific and technical services [54,541]",730,A,60.7029,-135.0691
2019-08,Yukon,"Professional, scientific and technical services [54,541]",748,A,60.7029,-135.0691
2019-09,Yukon,"Professional, scientific and technical services [54,541]",789,B,60.7029,-135.0691
2019-10,Yukon,"Professional, scientific and technical services [54,541]",782,B,60.7029,-135.0691
2019-11,Yukon,"Professional, scientific and technical services [54,541]",729,B,60.7029,-135.0691
2019-12,Yukon,"Professional, scientific and technical services [54,541]",719,B,60.7029,-135.0691
2020-01,Yukon,"Professional, scientific and technical services [54,541]",698,B,60.7029,-135.0691
2020-02,Yukon,"Professional, scientific and technical services [54,541]",736,B,60.7029,-135.0691
2020-03,Yukon,"Professional, scientific and technical services [54,541]",782,A,60.7029,-135.0691
2020-04,Yukon,"Professional, scientific and technical services [54,541]",709,A,60.7029,-135.0691
2020-05,Yukon,"Professional, scientific and technical services [54,541]",740,B,60.7029,-135.0691
2020-06,Yukon,"Professional, scientific and technical services [54,541]",763,B,60.7029,-135.0691
2020-07,Yukon,"Professional, scientific and technical services [54,541]",752,A,60.7029,-135.0691
2020-08,Yukon,"Professional, scientific and technical services [54,541]",778,A,60.7029,-135.0691
2020-09,Yukon,"Professional, scientific and technical services [54,541]",802,A,60.7029,-135.0691
2020-10,Yukon,"Professional, scientific and technical services [54,541]",809,A,60.7029,-135.0691
2020-11,Yukon,"Professional, scientific and technical services [54,541]",781,A,60.7029,-135.0691
2020-12,Yukon,"Professional, scientific and technical services [54,541]",753,A,60.7029,-135.0691
2021-01,Yukon,"Professional, scientific and technical services [54,541]",734,A,60.7029,-135.0691
2021-02,Yukon,"Professional, scientific and technical services [54,541]",755,A,60.7029,-135.0691
2021-03,Yukon,"Professional, scientific and technical services [54,541]",763,A,60.7029,-135.0691
2021-04,Yukon,"Professional, scientific and technical services [54,541]",760,B,60.7029,-135.0691
2021-05,Yukon,"Professional, scientific and technical services [54,541]",801,B,60.7029,-135.0691
2021-06,Yukon,"Professional, scientific and technical services [54,541]",840,B,60.7029,-135.0691
2021-07,Yukon,"Professional, scientific and technical services [54,541]",831,A,60.7029,-135.0691
2021-08,Yukon,"Professional, scientific and technical services [54,541]",833,A,60.7029,-135.0691
2021-09,Yukon,"Professional, scientific and technical services [54,541]",856,A,60.7029,-135.0691
2021-10,Yukon,"Professional, scientific and technical services [54,541]",784,A,60.7029,-135.0691
2021-11,Yukon,"Professional, scientific and technical services [54,541]",767,A,60.7029,-135.0691
2021-12,Yukon,"Professional, scientific and technical services [54,541]",772,B,60.7029,-135.0691
2022-01,Yukon,"Professional, scientific and technical services [54,541]",787,B,60.7029,-135.0691
2022-02,Yukon,"Professional, scientific and technical services [54,541]",832,B,60.7029,-135.0691
2022-03,Yukon,"Professional, scientific and technical services [54,541]",805,B,60.7029,-135.0691
2022-04,Yukon,"Professional, scientific and technical services [54,541]",769,A,60.7029,-135.0691
2022-05,Yukon,"Professional, scientific and technical services [54,541]",810,A,60.7029,-135.0691
2022-06,Yukon,"Professional, scientific and technical services [54,541]",842,C,60.7029,-135.0691
2022-07,Yukon,"Professional, scientific and technical services [54,541]",872,B,60.7029,-135.0691
2022-08,Yukon,"Professional, scientific and technical services [54,541]",854,B,60.7029,-135.0691
2022-09,Yukon,"Professional, scientific and technical services [54,541]",848,B,60.7029,-135.0691
2022-10,Yukon,"Professional, scientific and technical services [54,541]",784,B,60.7029,-135.0691
2022-11,Yukon,"Professional, scientific and technical services [54,541]",763,B,60.7029,-135.0691
2022-12,Yukon,"Professional, scientific and technical services [54,541]",804,B,60.7029,-135.0691
2023-01,Yukon,"Professional, scientific and technical services [54,541]",742,C,60.7029,-135.0691
2023-02,Yukon,"Professional, scientific and technical services [54,541]",780,B,60.7029,-135.0691
2023-03,Yukon,"Professional, scientific and technical services [54,541]",787,A,60.7029,-135.0691
2023-04,Yukon,"Professional, scientific and technical services [54,541]",823,B,60.7029,-135.0691
2023-05,Yukon,"Professional, scientific and technical services [54,541]",812,B,60.7029,-135.0691
2023-06,Yukon,"Professional, scientific and technical services [54,541]",823,B,60.7029,-135.0691
2023-07,Yukon,"Professional, scientific and technical services [54,541]",817,A,60.7029,-135.0691
2023-08,Yukon,"Professional, scientific and technical services [54,541]",801,B,60.7029,-135.0691
2023-09,Yukon,"Professional, scientific and technical services [54,541]",804,A,60.7029,-135.0691
2023-10,Yukon,"Professional, scientific and technical services [54,541]",758,A,60.7029,-135.0691
2023-11,Yukon,"Professional, scientific and technical services [54,541]",735,B,60.7029,-135.0691
2023-12,Yukon,"Professional, scientific and technical services [54,541]",740,A,60.7029,-135.0691
2024-01,Yukon,"Professional, scientific and technical services [54,541]",738,A,60.7029,-135.0691
2024-02,Yukon,"Professional, scientific and technical services [54,541]",746,B,60.7029,-135.0691
2018-01,Yukon,"Management of companies and enterprises [55,551,5511]",60,B,60.7029,-135.0691
2018-02,Yukon,"Management of companies and enterprises [55,551,5511]",46,A,60.7029,-135.0691
2018-03,Yukon,"Management of companies and enterprises [55,551,5511]",50,B,60.7029,-135.0691
2018-04,Yukon,"Management of companies and enterprises [55,551,5511]",31,C,60.7029,-135.0691
2018-05,Yukon,"Management of companies and enterprises [55,551,5511]",44,C,60.7029,-135.0691
2018-06,Yukon,"Management of companies and enterprises [55,551,5511]",52,A,60.7029,-135.0691
2018-07,Yukon,"Management of companies and enterprises [55,551,5511]",53,A,60.7029,-135.0691
2018-08,Yukon,"Management of companies and enterprises [55,551,5511]",46,A,60.7029,-135.0691
2018-09,Yukon,"Management of companies and enterprises [55,551,5511]",35,A,60.7029,-135.0691
2018-10,Yukon,"Management of companies and enterprises [55,551,5511]",21,B,60.7029,-135.0691
2018-11,Yukon,"Management of companies and enterprises [55,551,5511]",27,C,60.7029,-135.0691
2018-12,Yukon,"Management of companies and enterprises [55,551,5511]",29,A,60.7029,-135.0691
2019-01,Yukon,"Management of companies and enterprises [55,551,5511]",23,A,60.7029,-135.0691
2019-02,Yukon,"Management of companies and enterprises [55,551,5511]",26,D,60.7029,-135.0691
2019-03,Yukon,"Management of companies and enterprises [55,551,5511]",26,A,60.7029,-135.0691
2019-04,Yukon,"Management of companies and enterprises [55,551,5511]",30,B,60.7029,-135.0691
2019-05,Yukon,"Management of companies and enterprises [55,551,5511]",38,B,60.7029,-135.0691
2019-06,Yukon,"Management of companies and enterprises [55,551,5511]",44,A,60.7029,-135.0691
2019-07,Yukon,"Management of companies and enterprises [55,551,5511]",43,A,60.7029,-135.0691
2019-08,Yukon,"Management of companies and enterprises [55,551,5511]",42,A,60.7029,-135.0691
2019-09,Yukon,"Management of companies and enterprises [55,551,5511]",47,B,60.7029,-135.0691
2019-10,Yukon,"Management of companies and enterprises [55,551,5511]",37,B,60.7029,-135.0691
2019-11,Yukon,"Management of companies and enterprises [55,551,5511]",34,A,60.7029,-135.0691
2019-12,Yukon,"Management of companies and enterprises [55,551,5511]",43,E,60.7029,-135.0691
2020-01,Yukon,"Management of companies and enterprises [55,551,5511]",31,C,60.7029,-135.0691
2020-02,Yukon,"Management of companies and enterprises [55,551,5511]",39,D,60.7029,-135.0691
2020-03,Yukon,"Management of companies and enterprises [55,551,5511]",34,E,60.7029,-135.0691
2020-04,Yukon,"Management of companies and enterprises [55,551,5511]",48,E,60.7029,-135.0691
2020-05,Yukon,"Management of companies and enterprises [55,551,5511]",37,A,60.7029,-135.0691
2020-06,Yukon,"Management of companies and enterprises [55,551,5511]",30,E,60.7029,-135.0691
2020-07,Yukon,"Management of companies and enterprises [55,551,5511]",43,E,60.7029,-135.0691
2020-08,Yukon,"Management of companies and enterprises [55,551,5511]",39,E,60.7029,-135.0691
2020-09,Yukon,"Management of companies and enterprises [55,551,5511]",32,E,60.7029,-135.0691
2020-10,Yukon,"Management of companies and enterprises [55,551,5511]",40,E,60.7029,-135.0691
2020-11,Yukon,"Management of companies and enterprises [55,551,5511]",28,E,60.7029,-135.0691
2020-12,Yukon,"Management of companies and enterprises [55,551,5511]",42,A,60.7029,-135.0691
2021-01,Yukon,"Management of companies and enterprises [55,551,5511]",33,B,60.7029,-135.0691
2021-02,Yukon,"Management of companies and enterprises [55,551,5511]",39,A,60.7029,-135.0691
2021-03,Yukon,"Management of companies and enterprises [55,551,5511]",31,A,60.7029,-135.0691
2021-04,Yukon,"Management of companies and enterprises [55,551,5511]",44,A,60.7029,-135.0691
2021-05,Yukon,"Management of companies and enterprises [55,551,5511]",29,B,60.7029,-135.0691
2021-06,Yukon,"Management of companies and enterprises [55,551,5511]",32,B,60.7029,-135.0691
2021-07,Yukon,"Management of companies and enterprises [55,551,5511]",30,A,60.7029,-135.0691
2021-08,Yukon,"Management of companies and enterprises [55,551,5511]",69,A,60.7029,-135.0691
2021-09,Yukon,"Management of companies and enterprises [55,551,5511]",66,D,60.7029,-135.0691
2021-10,Yukon,"Management of companies and enterprises [55,551,5511]",,F,60.7029,-135.0691
2021-11,Yukon,"Management of companies and enterprises [55,551,5511]",33,A,60.7029,-135.0691
2021-12,Yukon,"Management of companies and enterprises [55,551,5511]",37,A,60.7029,-135.0691
2022-01,Yukon,"Management of companies and enterprises [55,551,5511]",37,B,60.7029,-135.0691
2022-02,Yukon,"Management of companies and enterprises [55,551,5511]",40,C,60.7029,-135.0691
2022-03,Yukon,"Management of companies and enterprises [55,551,5511]",44,B,60.7029,-135.0691
2022-04,Yukon,"Management of companies and enterprises [55,551,5511]",36,A,60.7029,-135.0691
2022-05,Yukon,"Management of companies and enterprises [55,551,5511]",49,A,60.7029,-135.0691
2022-06,Yukon,"Management of companies and enterprises [55,551,5511]",44,C,60.7029,-135.0691
2022-07,Yukon,"Management of companies and enterprises [55,551,5511]",34,C,60.7029,-135.0691
2022-08,Yukon,"Management of companies and enterprises [55,551,5511]",42,B,60.7029,-135.0691
2022-09,Yukon,"Management of companies and enterprises [55,551,5511]",40,B,60.7029,-135.0691
2022-10,Yukon,"Management of companies and enterprises [55,551,5511]",44,B,60.7029,-135.0691
2022-11,Yukon,"Management of companies and enterprises [55,551,5511]",33,B,60.7029,-135.0691
2022-12,Yukon,"Management of companies and enterprises [55,551,5511]",46,A,60.7029,-135.0691
2023-01,Yukon,"Management of companies and enterprises [55,551,5511]",,x,60.7029,-135.0691
2023-02,Yukon,"Management of companies and enterprises [55,551,5511]",,x,60.7029,-135.0691
2023-03,Yukon,"Management of companies and enterprises [55,551,5511]",,x,60.7029,-135.0691
2023-04,Yukon,"Management of companies and enterprises [55,551,5511]",,x,60.7029,-135.0691
2023-05,Yukon,"Management of companies and enterprises [55,551,5511]",,x,60.7029,-135.0691
2023-06,Yukon,"Management of companies and enterprises [55,551,5511]",,x,60.7029,-135.0691
2023-07,Yukon,"Management of companies and enterprises [55,551,5511]",,x,60.7029,-135.0691
2023-08,Yukon,"Management of companies and enterprises [55,551,5511]",,x,60.7029,-135.0691
2023-09,Yukon,"Management of companies and enterprises [55,551,5511]",,x,60.7029,-135.0691
2023-10,Yukon,"Management of companies and enterprises [55,551,5511]",,x,60.7029,-135.0691
2023-11,Yukon,"Management of companies and enterprises [55,551,5511]",,x,60.7029,-135.0691
2023-12,Yukon,"Management of companies and enterprises [55,551,5511]",,x,60.7029,-135.0691
2024-01,Yukon,"Management of companies and enterprises [55,551,5511]",,x,60.7029,-135.0691
2024-02,Yukon,"Management of companies and enterprises [55,551,5511]",,x,60.7029,-135.0691
2018-01,Yukon,"Administrative and support, waste management and remediation services [56]",413,A,60.7029,-135.0691
2018-02,Yukon,"Administrative and support, waste management and remediation services [56]",441,A,60.7029,-135.0691
2018-03,Yukon,"Administrative and support, waste management and remediation services [56]",428,A,60.7029,-135.0691
2018-04,Yukon,"Administrative and support, waste management and remediation services [56]",461,A,60.7029,-135.0691
2018-05,Yukon,"Administrative and support, waste management and remediation services [56]",463,A,60.7029,-135.0691
2018-06,Yukon,"Administrative and support, waste management and remediation services [56]",524,A,60.7029,-135.0691
2018-07,Yukon,"Administrative and support, waste management and remediation services [56]",528,A,60.7029,-135.0691
2018-08,Yukon,"Administrative and support, waste management and remediation services [56]",558,A,60.7029,-135.0691
2018-09,Yukon,"Administrative and support, waste management and remediation services [56]",539,A,60.7029,-135.0691
2018-10,Yukon,"Administrative and support, waste management and remediation services [56]",508,A,60.7029,-135.0691
2018-11,Yukon,"Administrative and support, waste management and remediation services [56]",501,A,60.7029,-135.0691
2018-12,Yukon,"Administrative and support, waste management and remediation services [56]",483,A,60.7029,-135.0691
2019-01,Yukon,"Administrative and support, waste management and remediation services [56]",454,A,60.7029,-135.0691
2019-02,Yukon,"Administrative and support, waste management and remediation services [56]",441,A,60.7029,-135.0691
2019-03,Yukon,"Administrative and support, waste management and remediation services [56]",470,A,60.7029,-135.0691
2019-04,Yukon,"Administrative and support, waste management and remediation services [56]",469,A,60.7029,-135.0691
2019-05,Yukon,"Administrative and support, waste management and remediation services [56]",513,A,60.7029,-135.0691
2019-06,Yukon,"Administrative and support, waste management and remediation services [56]",552,A,60.7029,-135.0691
2019-07,Yukon,"Administrative and support, waste management and remediation services [56]",549,A,60.7029,-135.0691
2019-08,Yukon,"Administrative and support, waste management and remediation services [56]",582,A,60.7029,-135.0691
2019-09,Yukon,"Administrative and support, waste management and remediation services [56]",544,B,60.7029,-135.0691
2019-10,Yukon,"Administrative and support, waste management and remediation services [56]",483,B,60.7029,-135.0691
2019-11,Yukon,"Administrative and support, waste management and remediation services [56]",494,A,60.7029,-135.0691
2019-12,Yukon,"Administrative and support, waste management and remediation services [56]",492,B,60.7029,-135.0691
2020-01,Yukon,"Administrative and support, waste management and remediation services [56]",470,B,60.7029,-135.0691
2020-02,Yukon,"Administrative and support, waste management and remediation services [56]",451,A,60.7029,-135.0691
2020-03,Yukon,"Administrative and support, waste management and remediation services [56]",430,B,60.7029,-135.0691
2020-04,Yukon,"Administrative and support, waste management and remediation services [56]",360,B,60.7029,-135.0691
2020-05,Yukon,"Administrative and support, waste management and remediation services [56]",417,B,60.7029,-135.0691
2020-06,Yukon,"Administrative and support, waste management and remediation services [56]",442,B,60.7029,-135.0691
2020-07,Yukon,"Administrative and support, waste management and remediation services [56]",432,B,60.7029,-135.0691
2020-08,Yukon,"Administrative and support, waste management and remediation services [56]",470,B,60.7029,-135.0691
2020-09,Yukon,"Administrative and support, waste management and remediation services [56]",488,B,60.7029,-135.0691
2020-10,Yukon,"Administrative and support, waste management and remediation services [56]",480,B,60.7029,-135.0691
2020-11,Yukon,"Administrative and support, waste management and remediation services [56]",454,B,60.7029,-135.0691
2020-12,Yukon,"Administrative and support, waste management and remediation services [56]",441,B,60.7029,-135.0691
2021-01,Yukon,"Administrative and support, waste management and remediation services [56]",434,B,60.7029,-135.0691
2021-02,Yukon,"Administrative and support, waste management and remediation services [56]",421,B,60.7029,-135.0691
2021-03,Yukon,"Administrative and support, waste management and remediation services [56]",439,A,60.7029,-135.0691
2021-04,Yukon,"Administrative and support, waste management and remediation services [56]",442,C,60.7029,-135.0691
2021-05,Yukon,"Administrative and support, waste management and remediation services [56]",496,B,60.7029,-135.0691
2021-06,Yukon,"Administrative and support, waste management and remediation services [56]",536,B,60.7029,-135.0691
2021-07,Yukon,"Administrative and support, waste management and remediation services [56]",532,B,60.7029,-135.0691
2021-08,Yukon,"Administrative and support, waste management and remediation services [56]",501,B,60.7029,-135.0691
2021-09,Yukon,"Administrative and support, waste management and remediation services [56]",514,B,60.7029,-135.0691
2021-10,Yukon,"Administrative and support, waste management and remediation services [56]",527,B,60.7029,-135.0691
2021-11,Yukon,"Administrative and support, waste management and remediation services [56]",520,B,60.7029,-135.0691
2021-12,Yukon,"Administrative and support, waste management and remediation services [56]",542,B,60.7029,-135.0691
2022-01,Yukon,"Administrative and support, waste management and remediation services [56]",515,B,60.7029,-135.0691
2022-02,Yukon,"Administrative and support, waste management and remediation services [56]",521,B,60.7029,-135.0691
2022-03,Yukon,"Administrative and support, waste management and remediation services [56]",481,A,60.7029,-135.0691
2022-04,Yukon,"Administrative and support, waste management and remediation services [56]",444,B,60.7029,-135.0691
2022-05,Yukon,"Administrative and support, waste management and remediation services [56]",517,B,60.7029,-135.0691
2022-06,Yukon,"Administrative and support, waste management and remediation services [56]",530,B,60.7029,-135.0691
2022-07,Yukon,"Administrative and support, waste management and remediation services [56]",527,B,60.7029,-135.0691
2022-08,Yukon,"Administrative and support, waste management and remediation services [56]",468,B,60.7029,-135.0691
2022-09,Yukon,"Administrative and support, waste management and remediation services [56]",500,B,60.7029,-135.0691
2022-10,Yukon,"Administrative and support, waste management and remediation services [56]",490,B,60.7029,-135.0691
2022-11,Yukon,"Administrative and support, waste management and remediation services [56]",498,B,60.7029,-135.0691
2022-12,Yukon,"Administrative and support, waste management and remediation services [56]",490,B,60.7029,-135.0691
2023-01,Yukon,"Administrative and support, waste management and remediation services [56]",446,B,60.7029,-135.0691
2023-02,Yukon,"Administrative and support, waste management and remediation services [56]",464,B,60.7029,-135.0691
2023-03,Yukon,"Administrative and support, waste management and remediation services [56]",473,B,60.7029,-135.0691
2023-04,Yukon,"Administrative and support, waste management and remediation services [56]",474,B,60.7029,-135.0691
2023-05,Yukon,"Administrative and support, waste management and remediation services [56]",544,C,60.7029,-135.0691
2023-06,Yukon,"Administrative and support, waste management and remediation services [56]",577,B,60.7029,-135.0691
2023-07,Yukon,"Administrative and support, waste management and remediation services [56]",630,C,60.7029,-135.0691
2023-08,Yukon,"Administrative and support, waste management and remediation services [56]",607,A,60.7029,-135.0691
2023-09,Yukon,"Administrative and support, waste management and remediation services [56]",567,B,60.7029,-135.0691
2023-10,Yukon,"Administrative and support, waste management and remediation services [56]",511,B,60.7029,-135.0691
2023-11,Yukon,"Administrative and support, waste management and remediation services [56]",514,B,60.7029,-135.0691
2023-12,Yukon,"Administrative and support, waste management and remediation services [56]",521,B,60.7029,-135.0691
2024-01,Yukon,"Administrative and support, waste management and remediation services [56]",497,B,60.7029,-135.0691
2024-02,Yukon,"Administrative and support, waste management and remediation services [56]",479,B,60.7029,-135.0691
2018-01,Yukon,"Educational services [61,611]",1506,A,60.7029,-135.0691
2018-02,Yukon,"Educational services [61,611]",1540,A,60.7029,-135.0691
2018-03,Yukon,"Educational services [61,611]",1546,A,60.7029,-135.0691
2018-04,Yukon,"Educational services [61,611]",1492,A,60.7029,-135.0691
2018-05,Yukon,"Educational services [61,611]",1485,A,60.7029,-135.0691
2018-06,Yukon,"Educational services [61,611]",1498,A,60.7029,-135.0691
2018-07,Yukon,"Educational services [61,611]",578,A,60.7029,-135.0691
2018-08,Yukon,"Educational services [61,611]",1267,A,60.7029,-135.0691
2018-09,Yukon,"Educational services [61,611]",1466,A,60.7029,-135.0691
2018-10,Yukon,"Educational services [61,611]",1505,A,60.7029,-135.0691
2018-11,Yukon,"Educational services [61,611]",1522,A,60.7029,-135.0691
2018-12,Yukon,"Educational services [61,611]",1503,A,60.7029,-135.0691
2019-01,Yukon,"Educational services [61,611]",1510,A,60.7029,-135.0691
2019-02,Yukon,"Educational services [61,611]",1584,A,60.7029,-135.0691
2019-03,Yukon,"Educational services [61,611]",1617,B,60.7029,-135.0691
2019-04,Yukon,"Educational services [61,611]",1574,A,60.7029,-135.0691
2019-05,Yukon,"Educational services [61,611]",1562,A,60.7029,-135.0691
2019-06,Yukon,"Educational services [61,611]",1551,A,60.7029,-135.0691
2019-07,Yukon,"Educational services [61,611]",632,A,60.7029,-135.0691
2019-08,Yukon,"Educational services [61,611]",1408,A,60.7029,-135.0691
2019-09,Yukon,"Educational services [61,611]",1539,B,60.7029,-135.0691
2019-10,Yukon,"Educational services [61,611]",1615,B,60.7029,-135.0691
2019-11,Yukon,"Educational services [61,611]",1583,B,60.7029,-135.0691
2019-12,Yukon,"Educational services [61,611]",1589,B,60.7029,-135.0691
2020-01,Yukon,"Educational services [61,611]",1548,B,60.7029,-135.0691
2020-02,Yukon,"Educational services [61,611]",1625,B,60.7029,-135.0691
2020-03,Yukon,"Educational services [61,611]",1617,B,60.7029,-135.0691
2020-04,Yukon,"Educational services [61,611]",1556,B,60.7029,-135.0691
2020-05,Yukon,"Educational services [61,611]",1507,B,60.7029,-135.0691
2020-06,Yukon,"Educational services [61,611]",1490,B,60.7029,-135.0691
2020-07,Yukon,"Educational services [61,611]",654,A,60.7029,-135.0691
2020-08,Yukon,"Educational services [61,611]",1449,B,60.7029,-135.0691
2020-09,Yukon,"Educational services [61,611]",1591,B,60.7029,-135.0691
2020-10,Yukon,"Educational services [61,611]",1577,A,60.7029,-135.0691
2020-11,Yukon,"Educational services [61,611]",1576,A,60.7029,-135.0691
2020-12,Yukon,"Educational services [61,611]",1602,B,60.7029,-135.0691
2021-01,Yukon,"Educational services [61,611]",1634,B,60.7029,-135.0691
2021-02,Yukon,"Educational services [61,611]",1662,B,60.7029,-135.0691
2021-03,Yukon,"Educational services [61,611]",1702,B,60.7029,-135.0691
2021-04,Yukon,"Educational services [61,611]",1674,B,60.7029,-135.0691
2021-05,Yukon,"Educational services [61,611]",1643,B,60.7029,-135.0691
2021-06,Yukon,"Educational services [61,611]",1615,B,60.7029,-135.0691
2021-07,Yukon,"Educational services [61,611]",722,B,60.7029,-135.0691
2021-08,Yukon,"Educational services [61,611]",1514,B,60.7029,-135.0691
2021-09,Yukon,"Educational services [61,611]",1594,B,60.7029,-135.0691
2021-10,Yukon,"Educational services [61,611]",1637,A,60.7029,-135.0691
2021-11,Yukon,"Educational services [61,611]",1621,B,60.7029,-135.0691
2021-12,Yukon,"Educational services [61,611]",1608,A,60.7029,-135.0691
2022-01,Yukon,"Educational services [61,611]",1593,B,60.7029,-135.0691
2022-02,Yukon,"Educational services [61,611]",1607,B,60.7029,-135.0691
2022-03,Yukon,"Educational services [61,611]",1668,B,60.7029,-135.0691
2022-04,Yukon,"Educational services [61,611]",1679,B,60.7029,-135.0691
2022-05,Yukon,"Educational services [61,611]",1659,B,60.7029,-135.0691
2022-06,Yukon,"Educational services [61,611]",1609,C,60.7029,-135.0691
2022-07,Yukon,"Educational services [61,611]",738,B,60.7029,-135.0691
2022-08,Yukon,"Educational services [61,611]",1530,B,60.7029,-135.0691
2022-09,Yukon,"Educational services [61,611]",1589,B,60.7029,-135.0691
2022-10,Yukon,"Educational services [61,611]",1597,B,60.7029,-135.0691
2022-11,Yukon,"Educational services [61,611]",1659,B,60.7029,-135.0691
2022-12,Yukon,"Educational services [61,611]",1632,B,60.7029,-135.0691
2023-01,Yukon,"Educational services [61,611]",1640,C,60.7029,-135.0691
2023-02,Yukon,"Educational services [61,611]",1654,B,60.7029,-135.0691
2023-03,Yukon,"Educational services [61,611]",1705,A,60.7029,-135.0691
2023-04,Yukon,"Educational services [61,611]",1220,B,60.7029,-135.0691
2023-05,Yukon,"Educational services [61,611]",1235,B,60.7029,-135.0691
2023-06,Yukon,"Educational services [61,611]",1287,C,60.7029,-135.0691
2023-07,Yukon,"Educational services [61,611]",349,A,60.7029,-135.0691
2023-08,Yukon,"Educational services [61,611]",1153,A,60.7029,-135.0691
2023-09,Yukon,"Educational services [61,611]",1269,B,60.7029,-135.0691
2023-10,Yukon,"Educational services [61,611]",1325,C,60.7029,-135.0691
2023-11,Yukon,"Educational services [61,611]",1325,C,60.7029,-135.0691
2023-12,Yukon,"Educational services [61,611]",1322,C,60.7029,-135.0691
2024-01,Yukon,"Educational services [61,611]",1317,A,60.7029,-135.0691
2024-02,Yukon,"Educational services [61,611]",1302,B,60.7029,-135.0691
2018-01,Yukon,Health care and social assistance [62],1345,A,60.7029,-135.0691
2018-02,Yukon,Health care and social assistance [62],1347,A,60.7029,-135.0691
2018-03,Yukon,Health care and social assistance [62],1378,A,60.7029,-135.0691
2018-04,Yukon,Health care and social assistance [62],1378,A,60.7029,-135.0691
2018-05,Yukon,Health care and social assistance [62],1394,A,60.7029,-135.0691
2018-06,Yukon,Health care and social assistance [62],1379,A,60.7029,-135.0691
2018-07,Yukon,Health care and social assistance [62],1357,A,60.7029,-135.0691
2018-08,Yukon,Health care and social assistance [62],1335,A,60.7029,-135.0691
2018-09,Yukon,Health care and social assistance [62],1339,A,60.7029,-135.0691
2018-10,Yukon,Health care and social assistance [62],1376,A,60.7029,-135.0691
2018-11,Yukon,Health care and social assistance [62],1348,A,60.7029,-135.0691
2018-12,Yukon,Health care and social assistance [62],1389,A,60.7029,-135.0691
2019-01,Yukon,Health care and social assistance [62],1407,A,60.7029,-135.0691
2019-02,Yukon,Health care and social assistance [62],1369,A,60.7029,-135.0691
2019-03,Yukon,Health care and social assistance [62],905,A,60.7029,-135.0691
2019-04,Yukon,Health care and social assistance [62],1333,A,60.7029,-135.0691
2019-05,Yukon,Health care and social assistance [62],1407,A,60.7029,-135.0691
2019-06,Yukon,Health care and social assistance [62],1410,A,60.7029,-135.0691
2019-07,Yukon,Health care and social assistance [62],1405,A,60.7029,-135.0691
2019-08,Yukon,Health care and social assistance [62],1411,A,60.7029,-135.0691
2019-09,Yukon,Health care and social assistance [62],1414,B,60.7029,-135.0691
2019-10,Yukon,Health care and social assistance [62],1434,B,60.7029,-135.0691
2019-11,Yukon,Health care and social assistance [62],1454,A,60.7029,-135.0691
2019-12,Yukon,Health care and social assistance [62],1469,B,60.7029,-135.0691
2020-01,Yukon,Health care and social assistance [62],1456,B,60.7029,-135.0691
2020-02,Yukon,Health care and social assistance [62],1467,B,60.7029,-135.0691
2020-03,Yukon,Health care and social assistance [62],1400,B,60.7029,-135.0691
2020-04,Yukon,Health care and social assistance [62],1335,A,60.7029,-135.0691
2020-05,Yukon,Health care and social assistance [62],1246,A,60.7029,-135.0691
2020-06,Yukon,Health care and social assistance [62],1402,A,60.7029,-135.0691
2020-07,Yukon,Health care and social assistance [62],1470,A,60.7029,-135.0691
2020-08,Yukon,Health care and social assistance [62],1470,B,60.7029,-135.0691
2020-09,Yukon,Health care and social assistance [62],1487,A,60.7029,-135.0691
2020-10,Yukon,Health care and social assistance [62],1497,B,60.7029,-135.0691
2020-11,Yukon,Health care and social assistance [62],1489,B,60.7029,-135.0691
2020-12,Yukon,Health care and social assistance [62],1518,B,60.7029,-135.0691
2021-01,Yukon,Health care and social assistance [62],1518,A,60.7029,-135.0691
2021-02,Yukon,Health care and social assistance [62],1591,B,60.7029,-135.0691
2021-03,Yukon,Health care and social assistance [62],1543,B,60.7029,-135.0691
2021-04,Yukon,Health care and social assistance [62],1563,A,60.7029,-135.0691
2021-05,Yukon,Health care and social assistance [62],1566,B,60.7029,-135.0691
2021-06,Yukon,Health care and social assistance [62],1589,A,60.7029,-135.0691
2021-07,Yukon,Health care and social assistance [62],1583,B,60.7029,-135.0691
2021-08,Yukon,Health care and social assistance [62],1578,B,60.7029,-135.0691
2021-09,Yukon,Health care and social assistance [62],1657,B,60.7029,-135.0691
2021-10,Yukon,Health care and social assistance [62],1615,B,60.7029,-135.0691
2021-11,Yukon,Health care and social assistance [62],1667,B,60.7029,-135.0691
2021-12,Yukon,Health care and social assistance [62],1680,B,60.7029,-135.0691
2022-01,Yukon,Health care and social assistance [62],1623,B,60.7029,-135.0691
2022-02,Yukon,Health care and social assistance [62],1620,B,60.7029,-135.0691
2022-03,Yukon,Health care and social assistance [62],1658,B,60.7029,-135.0691
2022-04,Yukon,Health care and social assistance [62],1648,B,60.7029,-135.0691
2022-05,Yukon,Health care and social assistance [62],1639,B,60.7029,-135.0691
2022-06,Yukon,Health care and social assistance [62],1646,C,60.7029,-135.0691
2022-07,Yukon,Health care and social assistance [62],1570,B,60.7029,-135.0691
2022-08,Yukon,Health care and social assistance [62],1649,B,60.7029,-135.0691
2022-09,Yukon,Health care and social assistance [62],1660,B,60.7029,-135.0691
2022-10,Yukon,Health care and social assistance [62],1653,B,60.7029,-135.0691
2022-11,Yukon,Health care and social assistance [62],1646,C,60.7029,-135.0691
2022-12,Yukon,Health care and social assistance [62],1625,B,60.7029,-135.0691
2023-01,Yukon,Health care and social assistance [62],1712,B,60.7029,-135.0691
2023-02,Yukon,Health care and social assistance [62],1698,B,60.7029,-135.0691
2023-03,Yukon,Health care and social assistance [62],1710,B,60.7029,-135.0691
2023-04,Yukon,Health care and social assistance [62],1669,B,60.7029,-135.0691
2023-05,Yukon,Health care and social assistance [62],1730,B,60.7029,-135.0691
2023-06,Yukon,Health care and social assistance [62],1763,B,60.7029,-135.0691
2023-07,Yukon,Health care and social assistance [62],1777,B,60.7029,-135.0691
2023-08,Yukon,Health care and social assistance [62],1665,B,60.7029,-135.0691
2023-09,Yukon,Health care and social assistance [62],1687,B,60.7029,-135.0691
2023-10,Yukon,Health care and social assistance [62],1789,A,60.7029,-135.0691
2023-11,Yukon,Health care and social assistance [62],1773,B,60.7029,-135.0691
2023-12,Yukon,Health care and social assistance [62],1811,B,60.7029,-135.0691
2024-01,Yukon,Health care and social assistance [62],1778,B,60.7029,-135.0691
2024-02,Yukon,Health care and social assistance [62],1762,B,60.7029,-135.0691
2018-01,Yukon,"Arts, entertainment and recreation [71]",316,A,60.7029,-135.0691
2018-02,Yukon,"Arts, entertainment and recreation [71]",317,A,60.7029,-135.0691
2018-03,Yukon,"Arts, entertainment and recreation [71]",389,A,60.7029,-135.0691
2018-04,Yukon,"Arts, entertainment and recreation [71]",330,A,60.7029,-135.0691
2018-05,Yukon,"Arts, entertainment and recreation [71]",414,A,60.7029,-135.0691
2018-06,Yukon,"Arts, entertainment and recreation [71]",473,A,60.7029,-135.0691
2018-07,Yukon,"Arts, entertainment and recreation [71]",463,A,60.7029,-135.0691
2018-08,Yukon,"Arts, entertainment and recreation [71]",476,A,60.7029,-135.0691
2018-09,Yukon,"Arts, entertainment and recreation [71]",397,A,60.7029,-135.0691
2018-10,Yukon,"Arts, entertainment and recreation [71]",292,B,60.7029,-135.0691
2018-11,Yukon,"Arts, entertainment and recreation [71]",305,A,60.7029,-135.0691
2018-12,Yukon,"Arts, entertainment and recreation [71]",293,A,60.7029,-135.0691
2019-01,Yukon,"Arts, entertainment and recreation [71]",285,A,60.7029,-135.0691
2019-02,Yukon,"Arts, entertainment and recreation [71]",320,A,60.7029,-135.0691
2019-03,Yukon,"Arts, entertainment and recreation [71]",322,A,60.7029,-135.0691
2019-04,Yukon,"Arts, entertainment and recreation [71]",311,A,60.7029,-135.0691
2019-05,Yukon,"Arts, entertainment and recreation [71]",447,A,60.7029,-135.0691
2019-06,Yukon,"Arts, entertainment and recreation [71]",496,A,60.7029,-135.0691
2019-07,Yukon,"Arts, entertainment and recreation [71]",489,A,60.7029,-135.0691
2019-08,Yukon,"Arts, entertainment and recreation [71]",471,A,60.7029,-135.0691
2019-09,Yukon,"Arts, entertainment and recreation [71]",407,B,60.7029,-135.0691
2019-10,Yukon,"Arts, entertainment and recreation [71]",325,C,60.7029,-135.0691
2019-11,Yukon,"Arts, entertainment and recreation [71]",383,B,60.7029,-135.0691
2019-12,Yukon,"Arts, entertainment and recreation [71]",340,B,60.7029,-135.0691
2020-01,Yukon,"Arts, entertainment and recreation [71]",311,B,60.7029,-135.0691
2020-02,Yukon,"Arts, entertainment and recreation [71]",310,A,60.7029,-135.0691
2020-03,Yukon,"Arts, entertainment and recreation [71]",299,B,60.7029,-135.0691
2020-04,Yukon,"Arts, entertainment and recreation [71]",215,A,60.7029,-135.0691
2020-05,Yukon,"Arts, entertainment and recreation [71]",287,C,60.7029,-135.0691
2020-06,Yukon,"Arts, entertainment and recreation [71]",308,A,60.7029,-135.0691
2020-07,Yukon,"Arts, entertainment and recreation [71]",340,B,60.7029,-135.0691
2020-08,Yukon,"Arts, entertainment and recreation [71]",331,B,60.7029,-135.0691
2020-09,Yukon,"Arts, entertainment and recreation [71]",291,B,60.7029,-135.0691
2020-10,Yukon,"Arts, entertainment and recreation [71]",276,A,60.7029,-135.0691
2020-11,Yukon,"Arts, entertainment and recreation [71]",265,A,60.7029,-135.0691
2020-12,Yukon,"Arts, entertainment and recreation [71]",290,B,60.7029,-135.0691
2021-01,Yukon,"Arts, entertainment and recreation [71]",264,B,60.7029,-135.0691
2021-02,Yukon,"Arts, entertainment and recreation [71]",314,B,60.7029,-135.0691
2021-03,Yukon,"Arts, entertainment and recreation [71]",318,B,60.7029,-135.0691
2021-04,Yukon,"Arts, entertainment and recreation [71]",337,B,60.7029,-135.0691
2021-05,Yukon,"Arts, entertainment and recreation [71]",347,B,60.7029,-135.0691
2021-06,Yukon,"Arts, entertainment and recreation [71]",377,B,60.7029,-135.0691
2021-07,Yukon,"Arts, entertainment and recreation [71]",395,A,60.7029,-135.0691
2021-08,Yukon,"Arts, entertainment and recreation [71]",396,A,60.7029,-135.0691
2021-09,Yukon,"Arts, entertainment and recreation [71]",332,A,60.7029,-135.0691
2021-10,Yukon,"Arts, entertainment and recreation [71]",281,B,60.7029,-135.0691
2021-11,Yukon,"Arts, entertainment and recreation [71]",302,A,60.7029,-135.0691
2021-12,Yukon,"Arts, entertainment and recreation [71]",321,A,60.7029,-135.0691
2022-01,Yukon,"Arts, entertainment and recreation [71]",277,B,60.7029,-135.0691
2022-02,Yukon,"Arts, entertainment and recreation [71]",302,B,60.7029,-135.0691
2022-03,Yukon,"Arts, entertainment and recreation [71]",347,A,60.7029,-135.0691
2022-04,Yukon,"Arts, entertainment and recreation [71]",342,B,60.7029,-135.0691
2022-05,Yukon,"Arts, entertainment and recreation [71]",402,B,60.7029,-135.0691
2022-06,Yukon,"Arts, entertainment and recreation [71]",410,B,60.7029,-135.0691
2022-07,Yukon,"Arts, entertainment and recreation [71]",427,A,60.7029,-135.0691
2022-08,Yukon,"Arts, entertainment and recreation [71]",445,B,60.7029,-135.0691
2022-09,Yukon,"Arts, entertainment and recreation [71]",365,B,60.7029,-135.0691
2022-10,Yukon,"Arts, entertainment and recreation [71]",331,C,60.7029,-135.0691
2022-11,Yukon,"Arts, entertainment and recreation [71]",326,D,60.7029,-135.0691
2022-12,Yukon,"Arts, entertainment and recreation [71]",338,B,60.7029,-135.0691
2023-01,Yukon,"Arts, entertainment and recreation [71]",322,A,60.7029,-135.0691
2023-02,Yukon,"Arts, entertainment and recreation [71]",312,A,60.7029,-135.0691
2023-03,Yukon,"Arts, entertainment and recreation [71]",332,B,60.7029,-135.0691
2023-04,Yukon,"Arts, entertainment and recreation [71]",331,B,60.7029,-135.0691
2023-05,Yukon,"Arts, entertainment and recreation [71]",415,B,60.7029,-135.0691
2023-06,Yukon,"Arts, entertainment and recreation [71]",480,B,60.7029,-135.0691
2023-07,Yukon,"Arts, entertainment and recreation [71]",480,B,60.7029,-135.0691
2023-08,Yukon,"Arts, entertainment and recreation [71]",471,B,60.7029,-135.0691
2023-09,Yukon,"Arts, entertainment and recreation [71]",424,A,60.7029,-135.0691
2023-10,Yukon,"Arts, entertainment and recreation [71]",366,B,60.7029,-135.0691
2023-11,Yukon,"Arts, entertainment and recreation [71]",347,C,60.7029,-135.0691
2023-12,Yukon,"Arts, entertainment and recreation [71]",326,A,60.7029,-135.0691
2024-01,Yukon,"Arts, entertainment and recreation [71]",333,A,60.7029,-135.0691
2024-02,Yukon,"Arts, entertainment and recreation [71]",335,A,60.7029,-135.0691
2018-01,Yukon,Accommodation and food services [72],1632,A,60.7029,-135.0691
2018-02,Yukon,Accommodation and food services [72],1626,A,60.7029,-135.0691
2018-03,Yukon,Accommodation and food services [72],1668,A,60.7029,-135.0691
2018-04,Yukon,Accommodation and food services [72],1719,A,60.7029,-135.0691
2018-05,Yukon,Accommodation and food services [72],1954,A,60.7029,-135.0691
2018-06,Yukon,Accommodation and food services [72],2214,A,60.7029,-135.0691
2018-07,Yukon,Accommodation and food services [72],2263,A,60.7029,-135.0691
2018-08,Yukon,Accommodation and food services [72],2282,A,60.7029,-135.0691
2018-09,Yukon,Accommodation and food services [72],2172,A,60.7029,-135.0691
2018-10,Yukon,Accommodation and food services [72],1905,A,60.7029,-135.0691
2018-11,Yukon,Accommodation and food services [72],1692,A,60.7029,-135.0691
2018-12,Yukon,Accommodation and food services [72],1738,A,60.7029,-135.0691
2019-01,Yukon,Accommodation and food services [72],1634,A,60.7029,-135.0691
2019-02,Yukon,Accommodation and food services [72],1641,A,60.7029,-135.0691
2019-03,Yukon,Accommodation and food services [72],1725,A,60.7029,-135.0691
2019-04,Yukon,Accommodation and food services [72],1684,A,60.7029,-135.0691
2019-05,Yukon,Accommodation and food services [72],1899,A,60.7029,-135.0691
2019-06,Yukon,Accommodation and food services [72],2154,A,60.7029,-135.0691
2019-07,Yukon,Accommodation and food services [72],2239,A,60.7029,-135.0691
2019-08,Yukon,Accommodation and food services [72],2302,A,60.7029,-135.0691
2019-09,Yukon,Accommodation and food services [72],2274,B,60.7029,-135.0691
2019-10,Yukon,Accommodation and food services [72],1921,B,60.7029,-135.0691
2019-11,Yukon,Accommodation and food services [72],1756,B,60.7029,-135.0691
2019-12,Yukon,Accommodation and food services [72],1719,B,60.7029,-135.0691
2020-01,Yukon,Accommodation and food services [72],1674,B,60.7029,-135.0691
2020-02,Yukon,Accommodation and food services [72],1683,B,60.7029,-135.0691
2020-03,Yukon,Accommodation and food services [72],1390,B,60.7029,-135.0691
2020-04,Yukon,Accommodation and food services [72],1019,B,60.7029,-135.0691
2020-05,Yukon,Accommodation and food services [72],951,B,60.7029,-135.0691
2020-06,Yukon,Accommodation and food services [72],1251,B,60.7029,-135.0691
2020-07,Yukon,Accommodation and food services [72],1474,B,60.7029,-135.0691
2020-08,Yukon,Accommodation and food services [72],1586,A,60.7029,-135.0691
2020-09,Yukon,Accommodation and food services [72],1565,B,60.7029,-135.0691
2020-10,Yukon,Accommodation and food services [72],1523,B,60.7029,-135.0691
2020-11,Yukon,Accommodation and food services [72],1519,A,60.7029,-135.0691
2020-12,Yukon,Accommodation and food services [72],1552,A,60.7029,-135.0691
2021-01,Yukon,Accommodation and food services [72],1353,B,60.7029,-135.0691
2021-02,Yukon,Accommodation and food services [72],1349,B,60.7029,-135.0691
2021-03,Yukon,Accommodation and food services [72],1388,B,60.7029,-135.0691
2021-04,Yukon,Accommodation and food services [72],1418,B,60.7029,-135.0691
2021-05,Yukon,Accommodation and food services [72],1510,C,60.7029,-135.0691
2021-06,Yukon,Accommodation and food services [72],1662,B,60.7029,-135.0691
2021-07,Yukon,Accommodation and food services [72],1815,B,60.7029,-135.0691
2021-08,Yukon,Accommodation and food services [72],1821,B,60.7029,-135.0691
2021-09,Yukon,Accommodation and food services [72],1807,B,60.7029,-135.0691
2021-10,Yukon,Accommodation and food services [72],1804,B,60.7029,-135.0691
2021-11,Yukon,Accommodation and food services [72],1674,B,60.7029,-135.0691
2021-12,Yukon,Accommodation and food services [72],1662,B,60.7029,-135.0691
2022-01,Yukon,Accommodation and food services [72],1394,B,60.7029,-135.0691
2022-02,Yukon,Accommodation and food services [72],1413,B,60.7029,-135.0691
2022-03,Yukon,Accommodation and food services [72],1423,B,60.7029,-135.0691
2022-04,Yukon,Accommodation and food services [72],1504,B,60.7029,-135.0691
2022-05,Yukon,Accommodation and food services [72],1729,B,60.7029,-135.0691
2022-06,Yukon,Accommodation and food services [72],1831,C,60.7029,-135.0691
2022-07,Yukon,Accommodation and food services [72],2079,C,60.7029,-135.0691
2022-08,Yukon,Accommodation and food services [72],2123,B,60.7029,-135.0691
2022-09,Yukon,Accommodation and food services [72],2052,B,60.7029,-135.0691
2022-10,Yukon,Accommodation and food services [72],1818,C,60.7029,-135.0691
2022-11,Yukon,Accommodation and food services [72],1656,C,60.7029,-135.0691
2022-12,Yukon,Accommodation and food services [72],1775,B,60.7029,-135.0691
2023-01,Yukon,Accommodation and food services [72],1590,B,60.7029,-135.0691
2023-02,Yukon,Accommodation and food services [72],1527,B,60.7029,-135.0691
2023-03,Yukon,Accommodation and food services [72],1573,B,60.7029,-135.0691
2023-04,Yukon,Accommodation and food services [72],1615,B,60.7029,-135.0691
2023-05,Yukon,Accommodation and food services [72],1855,B,60.7029,-135.0691
2023-06,Yukon,Accommodation and food services [72],2083,B,60.7029,-135.0691
2023-07,Yukon,Accommodation and food services [72],2180,B,60.7029,-135.0691
2023-08,Yukon,Accommodation and food services [72],2211,C,60.7029,-135.0691
2023-09,Yukon,Accommodation and food services [72],2186,B,60.7029,-135.0691
2023-10,Yukon,Accommodation and food services [72],2009,C,60.7029,-135.0691
2023-11,Yukon,Accommodation and food services [72],1783,B,60.7029,-135.0691
2023-12,Yukon,Accommodation and food services [72],1753,B,60.7029,-135.0691
2024-01,Yukon,Accommodation and food services [72],1639,C,60.7029,-135.0691
2024-02,Yukon,Accommodation and food services [72],1555,C,60.7029,-135.0691
2018-01,Yukon,Other services (except public administration) [81],497,A,60.7029,-135.0691
2018-02,Yukon,Other services (except public administration) [81],512,A,60.7029,-135.0691
2018-03,Yukon,Other services (except public administration) [81],532,A,60.7029,-135.0691
2018-04,Yukon,Other services (except public administration) [81],549,A,60.7029,-135.0691
2018-05,Yukon,Other services (except public administration) [81],586,A,60.7029,-135.0691
2018-06,Yukon,Other services (except public administration) [81],586,A,60.7029,-135.0691
2018-07,Yukon,Other services (except public administration) [81],643,A,60.7029,-135.0691
2018-08,Yukon,Other services (except public administration) [81],600,A,60.7029,-135.0691
2018-09,Yukon,Other services (except public administration) [81],560,A,60.7029,-135.0691
2018-10,Yukon,Other services (except public administration) [81],556,A,60.7029,-135.0691
2018-11,Yukon,Other services (except public administration) [81],562,A,60.7029,-135.0691
2018-12,Yukon,Other services (except public administration) [81],564,A,60.7029,-135.0691
2019-01,Yukon,Other services (except public administration) [81],507,A,60.7029,-135.0691
2019-02,Yukon,Other services (except public administration) [81],534,A,60.7029,-135.0691
2019-03,Yukon,Other services (except public administration) [81],563,A,60.7029,-135.0691
2019-04,Yukon,Other services (except public administration) [81],565,A,60.7029,-135.0691
2019-05,Yukon,Other services (except public administration) [81],618,A,60.7029,-135.0691
2019-06,Yukon,Other services (except public administration) [81],574,A,60.7029,-135.0691
2019-07,Yukon,Other services (except public administration) [81],669,A,60.7029,-135.0691
2019-08,Yukon,Other services (except public administration) [81],605,A,60.7029,-135.0691
2019-09,Yukon,Other services (except public administration) [81],564,C,60.7029,-135.0691
2019-10,Yukon,Other services (except public administration) [81],548,A,60.7029,-135.0691
2019-11,Yukon,Other services (except public administration) [81],561,A,60.7029,-135.0691
2019-12,Yukon,Other services (except public administration) [81],578,A,60.7029,-135.0691
2020-01,Yukon,Other services (except public administration) [81],522,A,60.7029,-135.0691
2020-02,Yukon,Other services (except public administration) [81],585,B,60.7029,-135.0691
2020-03,Yukon,Other services (except public administration) [81],498,B,60.7029,-135.0691
2020-04,Yukon,Other services (except public administration) [81],470,A,60.7029,-135.0691
2020-05,Yukon,Other services (except public administration) [81],471,B,60.7029,-135.0691
2020-06,Yukon,Other services (except public administration) [81],529,B,60.7029,-135.0691
2020-07,Yukon,Other services (except public administration) [81],591,B,60.7029,-135.0691
2020-08,Yukon,Other services (except public administration) [81],569,B,60.7029,-135.0691
2020-09,Yukon,Other services (except public administration) [81],577,A,60.7029,-135.0691
2020-10,Yukon,Other services (except public administration) [81],541,B,60.7029,-135.0691
2020-11,Yukon,Other services (except public administration) [81],536,B,60.7029,-135.0691
2020-12,Yukon,Other services (except public administration) [81],564,A,60.7029,-135.0691
2021-01,Yukon,Other services (except public administration) [81],586,B,60.7029,-135.0691
2021-02,Yukon,Other services (except public administration) [81],559,B,60.7029,-135.0691
2021-03,Yukon,Other services (except public administration) [81],581,B,60.7029,-135.0691
2021-04,Yukon,Other services (except public administration) [81],559,B,60.7029,-135.0691
2021-05,Yukon,Other services (except public administration) [81],581,B,60.7029,-135.0691
2021-06,Yukon,Other services (except public administration) [81],553,B,60.7029,-135.0691
2021-07,Yukon,Other services (except public administration) [81],567,B,60.7029,-135.0691
2021-08,Yukon,Other services (except public administration) [81],542,A,60.7029,-135.0691
2021-09,Yukon,Other services (except public administration) [81],543,A,60.7029,-135.0691
2021-10,Yukon,Other services (except public administration) [81],541,A,60.7029,-135.0691
2021-11,Yukon,Other services (except public administration) [81],539,A,60.7029,-135.0691
2021-12,Yukon,Other services (except public administration) [81],562,A,60.7029,-135.0691
2022-01,Yukon,Other services (except public administration) [81],538,B,60.7029,-135.0691
2022-02,Yukon,Other services (except public administration) [81],519,B,60.7029,-135.0691
2022-03,Yukon,Other services (except public administration) [81],546,B,60.7029,-135.0691
2022-04,Yukon,Other services (except public administration) [81],546,B,60.7029,-135.0691
2022-05,Yukon,Other services (except public administration) [81],541,B,60.7029,-135.0691
2022-06,Yukon,Other services (except public administration) [81],565,C,60.7029,-135.0691
2022-07,Yukon,Other services (except public administration) [81],584,B,60.7029,-135.0691
2022-08,Yukon,Other services (except public administration) [81],548,B,60.7029,-135.0691
2022-09,Yukon,Other services (except public administration) [81],503,B,60.7029,-135.0691
2022-10,Yukon,Other services (except public administration) [81],513,B,60.7029,-135.0691
2022-11,Yukon,Other services (except public administration) [81],536,B,60.7029,-135.0691
2022-12,Yukon,Other services (except public administration) [81],595,B,60.7029,-135.0691
2023-01,Yukon,Other services (except public administration) [81],574,B,60.7029,-135.0691
2023-02,Yukon,Other services (except public administration) [81],574,B,60.7029,-135.0691
2023-03,Yukon,Other services (except public administration) [81],570,B,60.7029,-135.0691
2023-04,Yukon,Other services (except public administration) [81],561,B,60.7029,-135.0691
2023-05,Yukon,Other services (except public administration) [81],587,B,60.7029,-135.0691
2023-06,Yukon,Other services (except public administration) [81],612,A,60.7029,-135.0691
2023-07,Yukon,Other services (except public administration) [81],627,B,60.7029,-135.0691
2023-08,Yukon,Other services (except public administration) [81],613,B,60.7029,-135.0691
2023-09,Yukon,Other services (except public administration) [81],632,B,60.7029,-135.0691
2023-10,Yukon,Other services (except public administration) [81],590,B,60.7029,-135.0691
2023-11,Yukon,Other services (except public administration) [81],620,B,60.7029,-135.0691
2023-12,Yukon,Other services (except public administration) [81],614,B,60.7029,-135.0691
2024-01,Yukon,Other services (except public administration) [81],611,B,60.7029,-135.0691
2024-02,Yukon,Other services (except public administration) [81],626,B,60.7029,-135.0691
2018-01,Yukon,Public administration [91],6265,A,60.7029,-135.0691
2018-02,Yukon,Public administration [91],6473,A,60.7029,-135.0691
2018-03,Yukon,Public administration [91],6545,A,60.7029,-135.0691
2018-04,Yukon,Public administration [91],6259,A,60.7029,-135.0691
2018-05,Yukon,Public administration [91],6585,A,60.7029,-135.0691
2018-06,Yukon,Public administration [91],6941,A,60.7029,-135.0691
2018-07,Yukon,Public administration [91],7041,A,60.7029,-135.0691
2018-08,Yukon,Public administration [91],7092,A,60.7029,-135.0691
2018-09,Yukon,Public administration [91],6767,A,60.7029,-135.0691
2018-10,Yukon,Public administration [91],6672,A,60.7029,-135.0691
2018-11,Yukon,Public administration [91],6626,A,60.7029,-135.0691
2018-12,Yukon,Public administration [91],6627,A,60.7029,-135.0691
2019-01,Yukon,Public administration [91],6605,A,60.7029,-135.0691
2019-02,Yukon,Public administration [91],6585,A,60.7029,-135.0691
2019-03,Yukon,Public administration [91],6840,A,60.7029,-135.0691
2019-04,Yukon,Public administration [91],6550,A,60.7029,-135.0691
2019-05,Yukon,Public administration [91],6873,A,60.7029,-135.0691
2019-06,Yukon,Public administration [91],7088,A,60.7029,-135.0691
2019-07,Yukon,Public administration [91],7115,A,60.7029,-135.0691
2019-08,Yukon,Public administration [91],7226,A,60.7029,-135.0691
2019-09,Yukon,Public administration [91],6862,A,60.7029,-135.0691
2019-10,Yukon,Public administration [91],6853,B,60.7029,-135.0691
2019-11,Yukon,Public administration [91],6586,C,60.7029,-135.0691
2019-12,Yukon,Public administration [91],6524,B,60.7029,-135.0691
2020-01,Yukon,Public administration [91],6469,B,60.7029,-135.0691
2020-02,Yukon,Public administration [91],6805,B,60.7029,-135.0691
2020-03,Yukon,Public administration [91],6248,B,60.7029,-135.0691
2020-04,Yukon,Public administration [91],6271,B,60.7029,-135.0691
2020-05,Yukon,Public administration [91],6247,B,60.7029,-135.0691
2020-06,Yukon,Public administration [91],6384,A,60.7029,-135.0691
2020-07,Yukon,Public administration [91],6448,C,60.7029,-135.0691
2020-08,Yukon,Public administration [91],6776,A,60.7029,-135.0691
2020-09,Yukon,Public administration [91],6950,A,60.7029,-135.0691
2020-10,Yukon,Public administration [91],6648,B,60.7029,-135.0691
2020-11,Yukon,Public administration [91],6456,B,60.7029,-135.0691
2020-12,Yukon,Public administration [91],6739,B,60.7029,-135.0691
2021-01,Yukon,Public administration [91],6794,A,60.7029,-135.0691
2021-02,Yukon,Public administration [91],6806,A,60.7029,-135.0691
2021-03,Yukon,Public administration [91],6926,A,60.7029,-135.0691
2021-04,Yukon,Public administration [91],7003,E,60.7029,-135.0691
2021-05,Yukon,Public administration [91],6808,E,60.7029,-135.0691
2021-06,Yukon,Public administration [91],7139,C,60.7029,-135.0691
2021-07,Yukon,Public administration [91],7244,B,60.7029,-135.0691
2021-08,Yukon,Public administration [91],7010,B,60.7029,-135.0691
2021-09,Yukon,Public administration [91],7365,A,60.7029,-135.0691
2021-10,Yukon,Public administration [91],7330,C,60.7029,-135.0691
2021-11,Yukon,Public administration [91],7036,C,60.7029,-135.0691
2021-12,Yukon,Public administration [91],7037,A,60.7029,-135.0691
2022-01,Yukon,Public administration [91],6979,B,60.7029,-135.0691
2022-02,Yukon,Public administration [91],6989,B,60.7029,-135.0691
2022-03,Yukon,Public administration [91],7253,A,60.7029,-135.0691
2022-04,Yukon,Public administration [91],7078,B,60.7029,-135.0691
2022-05,Yukon,Public administration [91],7040,C,60.7029,-135.0691
2022-06,Yukon,Public administration [91],7596,E,60.7029,-135.0691
2022-07,Yukon,Public administration [91],7751,C,60.7029,-135.0691
2022-08,Yukon,Public administration [91],7360,E,60.7029,-135.0691
2022-09,Yukon,Public administration [91],7430,B,60.7029,-135.0691
2022-10,Yukon,Public administration [91],7504,B,60.7029,-135.0691
2022-11,Yukon,Public administration [91],7407,B,60.7029,-135.0691
2022-12,Yukon,Public administration [91],7562,C,60.7029,-135.0691
2023-01,Yukon,Public administration [91],7253,B,60.7029,-135.0691
2023-02,Yukon,Public administration [91],7316,A,60.7029,-135.0691
2023-03,Yukon,Public administration [91],7521,C,60.7029,-135.0691
2023-04,Yukon,Public administration [91],7101,B,60.7029,-135.0691
2023-05,Yukon,Public administration [91],7527,C,60.7029,-135.0691
2023-06,Yukon,Public administration [91],7822,C,60.7029,-135.0691
2023-07,Yukon,Public administration [91],7988,C,60.7029,-135.0691
2023-08,Yukon,Public administration [91],7946,C,60.7029,-135.0691
2023-09,Yukon,Public administration [91],7858,B,60.7029,-135.0691
2023-10,Yukon,Public administration [91],7637,B,60.7029,-135.0691
2023-11,Yukon,Public administration [91],7692,B,60.7029,-135.0691
2023-12,Yukon,Public administration [91],7864,A,60.7029,-135.0691
2024-01,Yukon,Public administration [91],7678,C,60.7029,-135.0691
2024-02,Yukon,Public administration [91],7800,B,60.7029,-135.0691
2018-01,Yukon,Unclassified businesses [00],318,A,60.7029,-135.0691
2018-02,Yukon,Unclassified businesses [00],322,A,60.7029,-135.0691
2018-03,Yukon,Unclassified businesses [00],351,A,60.7029,-135.0691
2018-04,Yukon,Unclassified businesses [00],336,A,60.7029,-135.0691
2018-05,Yukon,Unclassified businesses [00],401,A,60.7029,-135.0691
2018-06,Yukon,Unclassified businesses [00],437,A,60.7029,-135.0691
2018-07,Yukon,Unclassified businesses [00],394,A,60.7029,-135.0691
2018-08,Yukon,Unclassified businesses [00],471,A,60.7029,-135.0691
2018-09,Yukon,Unclassified businesses [00],409,A,60.7029,-135.0691
2018-10,Yukon,Unclassified businesses [00],426,A,60.7029,-135.0691
2018-11,Yukon,Unclassified businesses [00],346,A,60.7029,-135.0691
2018-12,Yukon,Unclassified businesses [00],337,A,60.7029,-135.0691
2019-01,Yukon,Unclassified businesses [00],340,A,60.7029,-135.0691
2019-02,Yukon,Unclassified businesses [00],337,A,60.7029,-135.0691
2019-03,Yukon,Unclassified businesses [00],362,A,60.7029,-135.0691
2019-04,Yukon,Unclassified businesses [00],318,A,60.7029,-135.0691
2019-05,Yukon,Unclassified businesses [00],443,A,60.7029,-135.0691
2019-06,Yukon,Unclassified businesses [00],491,A,60.7029,-135.0691
2019-07,Yukon,Unclassified businesses [00],649,A,60.7029,-135.0691
2019-08,Yukon,Unclassified businesses [00],524,A,60.7029,-135.0691
2019-09,Yukon,Unclassified businesses [00],334,B,60.7029,-135.0691
2019-10,Yukon,Unclassified businesses [00],329,B,60.7029,-135.0691
2019-11,Yukon,Unclassified businesses [00],298,B,60.7029,-135.0691
2019-12,Yukon,Unclassified businesses [00],240,B,60.7029,-135.0691
2020-01,Yukon,Unclassified businesses [00],230,B,60.7029,-135.0691
2020-02,Yukon,Unclassified businesses [00],223,B,60.7029,-135.0691
2020-03,Yukon,Unclassified businesses [00],459,B,60.7029,-135.0691
2020-04,Yukon,Unclassified businesses [00],332,C,60.7029,-135.0691
2020-05,Yukon,Unclassified businesses [00],338,B,60.7029,-135.0691
2020-06,Yukon,Unclassified businesses [00],399,B,60.7029,-135.0691
2020-07,Yukon,Unclassified businesses [00],455,C,60.7029,-135.0691
2020-08,Yukon,Unclassified businesses [00],430,C,60.7029,-135.0691
2020-09,Yukon,Unclassified businesses [00],210,B,60.7029,-135.0691
2020-10,Yukon,Unclassified businesses [00],224,B,60.7029,-135.0691
2020-11,Yukon,Unclassified businesses [00],219,B,60.7029,-135.0691
2020-12,Yukon,Unclassified businesses [00],242,B,60.7029,-135.0691
2021-01,Yukon,Unclassified businesses [00],307,B,60.7029,-135.0691
2021-02,Yukon,Unclassified businesses [00],282,B,60.7029,-135.0691
2021-03,Yukon,Unclassified businesses [00],353,D,60.7029,-135.0691
2021-04,Yukon,Unclassified businesses [00],318,B,60.7029,-135.0691
2021-05,Yukon,Unclassified businesses [00],436,B,60.7029,-135.0691
2021-06,Yukon,Unclassified businesses [00],362,B,60.7029,-135.0691
2021-07,Yukon,Unclassified businesses [00],410,B,60.7029,-135.0691
2021-08,Yukon,Unclassified businesses [00],457,B,60.7029,-135.0691
2021-09,Yukon,Unclassified businesses [00],512,B,60.7029,-135.0691
2021-10,Yukon,Unclassified businesses [00],427,B,60.7029,-135.0691
2021-11,Yukon,Unclassified businesses [00],421,B,60.7029,-135.0691
2021-12,Yukon,Unclassified businesses [00],443,B,60.7029,-135.0691
2022-01,Yukon,Unclassified businesses [00],573,B,60.7029,-135.0691
2022-02,Yukon,Unclassified businesses [00],569,B,60.7029,-135.0691
2022-03,Yukon,Unclassified businesses [00],632,B,60.7029,-135.0691
2022-04,Yukon,Unclassified businesses [00],604,B,60.7029,-135.0691
2022-05,Yukon,Unclassified businesses [00],555,B,60.7029,-135.0691
2022-06,Yukon,Unclassified businesses [00],613,C,60.7029,-135.0691
2022-07,Yukon,Unclassified businesses [00],696,B,60.7029,-135.0691
2022-08,Yukon,Unclassified businesses [00],736,B,60.7029,-135.0691
2022-09,Yukon,Unclassified businesses [00],692,B,60.7029,-135.0691
2022-10,Yukon,Unclassified businesses [00],539,B,60.7029,-135.0691
2022-11,Yukon,Unclassified businesses [00],549,C,60.7029,-135.0691
2022-12,Yukon,Unclassified businesses [00],464,B,60.7029,-135.0691
2023-01,Yukon,Unclassified businesses [00],476,B,60.7029,-135.0691
2023-02,Yukon,Unclassified businesses [00],484,B,60.7029,-135.0691
2023-03,Yukon,Unclassified businesses [00],501,B,60.7029,-135.0691
2023-04,Yukon,Unclassified businesses [00],517,B,60.7029,-135.0691
2023-05,Yukon,Unclassified businesses [00],564,B,60.7029,-135.0691
2023-06,Yukon,Unclassified businesses [00],664,B,60.7029,-135.0691
2023-07,Yukon,Unclassified businesses [00],697,B,60.7029,-135.0691
2023-08,Yukon,Unclassified businesses [00],733,B,60.7029,-135.0691
2023-09,Yukon,Unclassified businesses [00],679,B,60.7029,-135.0691
2023-10,Yukon,Unclassified businesses [00],688,B,60.7029,-135.0691
2023-11,Yukon,Unclassified businesses [00],669,B,60.7029,-135.0691
2023-12,Yukon,Unclassified businesses [00],654,B,60.7029,-135.0691
2024-01,Yukon,Unclassified businesses [00],511,B,60.7029,-135.0691
2024-02,Yukon,Unclassified businesses [00],472,B,60.7029,-135.0691
2018-01,Northwest Territories,Goods producing industries [11-33N],4488,A,62.4709,-114.4053
2018-02,Northwest Territories,Goods producing industries [11-33N],4582,A,62.4709,-114.4053
2018-03,Northwest Territories,Goods producing industries [11-33N],4728,A,62.4709,-114.4053
2018-04,Northwest Territories,Goods producing industries [11-33N],4567,A,62.4709,-114.4053
2018-05,Northwest Territories,Goods producing industries [11-33N],4676,A,62.4709,-114.4053
2018-06,Northwest Territories,Goods producing industries [11-33N],5056,A,62.4709,-114.4053
2018-07,Northwest Territories,Goods producing industries [11-33N],5308,A,62.4709,-114.4053
2018-08,Northwest Territories,Goods producing industries [11-33N],5496,A,62.4709,-114.4053
2018-09,Northwest Territories,Goods producing industries [11-33N],5284,A,62.4709,-114.4053
2018-10,Northwest Territories,Goods producing industries [11-33N],5058,A,62.4709,-114.4053
2018-11,Northwest Territories,Goods producing industries [11-33N],5030,A,62.4709,-114.4053
2018-12,Northwest Territories,Goods producing industries [11-33N],4812,A,62.4709,-114.4053
2019-01,Northwest Territories,Goods producing industries [11-33N],4558,A,62.4709,-114.4053
2019-02,Northwest Territories,Goods producing industries [11-33N],4642,A,62.4709,-114.4053
2019-03,Northwest Territories,Goods producing industries [11-33N],4649,A,62.4709,-114.4053
2019-04,Northwest Territories,Goods producing industries [11-33N],4639,A,62.4709,-114.4053
2019-05,Northwest Territories,Goods producing industries [11-33N],4656,A,62.4709,-114.4053
2019-06,Northwest Territories,Goods producing industries [11-33N],4751,A,62.4709,-114.4053
2019-07,Northwest Territories,Goods producing industries [11-33N],4803,B,62.4709,-114.4053
2019-08,Northwest Territories,Goods producing industries [11-33N],5106,A,62.4709,-114.4053
2019-09,Northwest Territories,Goods producing industries [11-33N],4711,B,62.4709,-114.4053
2019-10,Northwest Territories,Goods producing industries [11-33N],4465,A,62.4709,-114.4053
2019-11,Northwest Territories,Goods producing industries [11-33N],4412,A,62.4709,-114.4053
2019-12,Northwest Territories,Goods producing industries [11-33N],4289,A,62.4709,-114.4053
2020-01,Northwest Territories,Goods producing industries [11-33N],4035,E,62.4709,-114.4053
2020-02,Northwest Territories,Goods producing industries [11-33N],4165,B,62.4709,-114.4053
2020-03,Northwest Territories,Goods producing industries [11-33N],4287,B,62.4709,-114.4053
2020-04,Northwest Territories,Goods producing industries [11-33N],3863,B,62.4709,-114.4053
2020-05,Northwest Territories,Goods producing industries [11-33N],3450,B,62.4709,-114.4053
2020-06,Northwest Territories,Goods producing industries [11-33N],3616,B,62.4709,-114.4053
2020-07,Northwest Territories,Goods producing industries [11-33N],3883,B,62.4709,-114.4053
2020-08,Northwest Territories,Goods producing industries [11-33N],4034,B,62.4709,-114.4053
2020-09,Northwest Territories,Goods producing industries [11-33N],3893,B,62.4709,-114.4053
2020-10,Northwest Territories,Goods producing industries [11-33N],3908,C,62.4709,-114.4053
2020-11,Northwest Territories,Goods producing industries [11-33N],3796,C,62.4709,-114.4053
2020-12,Northwest Territories,Goods producing industries [11-33N],3714,B,62.4709,-114.4053
2021-01,Northwest Territories,Goods producing industries [11-33N],3384,B,62.4709,-114.4053
2021-02,Northwest Territories,Goods producing industries [11-33N],4256,B,62.4709,-114.4053
2021-03,Northwest Territories,Goods producing industries [11-33N],4443,B,62.4709,-114.4053
2021-04,Northwest Territories,Goods producing industries [11-33N],4432,D,62.4709,-114.4053
2021-05,Northwest Territories,Goods producing industries [11-33N],4419,B,62.4709,-114.4053
2021-06,Northwest Territories,Goods producing industries [11-33N],4771,B,62.4709,-114.4053
2021-07,Northwest Territories,Goods producing industries [11-33N],5028,A,62.4709,-114.4053
2021-08,Northwest Territories,Goods producing industries [11-33N],5000,A,62.4709,-114.4053
2021-09,Northwest Territories,Goods producing industries [11-33N],5271,A,62.4709,-114.4053
2021-10,Northwest Territories,Goods producing industries [11-33N],5193,A,62.4709,-114.4053
2021-11,Northwest Territories,Goods producing industries [11-33N],4574,B,62.4709,-114.4053
2021-12,Northwest Territories,Goods producing industries [11-33N],4748,A,62.4709,-114.4053
2022-01,Northwest Territories,Goods producing industries [11-33N],4908,A,62.4709,-114.4053
2022-02,Northwest Territories,Goods producing industries [11-33N],5041,B,62.4709,-114.4053
2022-03,Northwest Territories,Goods producing industries [11-33N],4925,B,62.4709,-114.4053
2022-04,Northwest Territories,Goods producing industries [11-33N],4995,C,62.4709,-114.4053
2022-05,Northwest Territories,Goods producing industries [11-33N],4761,B,62.4709,-114.4053
2022-06,Northwest Territories,Goods producing industries [11-33N],4756,B,62.4709,-114.4053
2022-07,Northwest Territories,Goods producing industries [11-33N],5189,B,62.4709,-114.4053
2022-08,Northwest Territories,Goods producing industries [11-33N],5193,B,62.4709,-114.4053
2022-09,Northwest Territories,Goods producing industries [11-33N],5157,A,62.4709,-114.4053
2022-10,Northwest Territories,Goods producing industries [11-33N],5151,B,62.4709,-114.4053
2022-11,Northwest Territories,Goods producing industries [11-33N],5031,C,62.4709,-114.4053
2022-12,Northwest Territories,Goods producing industries [11-33N],4868,B,62.4709,-114.4053
2023-01,Northwest Territories,Goods producing industries [11-33N],4746,B,62.4709,-114.4053
2023-02,Northwest Territories,Goods producing industries [11-33N],5024,B,62.4709,-114.4053
2023-03,Northwest Territories,Goods producing industries [11-33N],4998,B,62.4709,-114.4053
2023-04,Northwest Territories,Goods producing industries [11-33N],4739,B,62.4709,-114.4053
2023-05,Northwest Territories,Goods producing industries [11-33N],4744,B,62.4709,-114.4053
2023-06,Northwest Territories,Goods producing industries [11-33N],5035,B,62.4709,-114.4053
2023-07,Northwest Territories,Goods producing industries [11-33N],5174,B,62.4709,-114.4053
2023-08,Northwest Territories,Goods producing industries [11-33N],5194,B,62.4709,-114.4053
2023-09,Northwest Territories,Goods producing industries [11-33N],4590,B,62.4709,-114.4053
2023-10,Northwest Territories,Goods producing industries [11-33N],4598,B,62.4709,-114.4053
2023-11,Northwest Territories,Goods producing industries [11-33N],4368,B,62.4709,-114.4053
2023-12,Northwest Territories,Goods producing industries [11-33N],4237,B,62.4709,-114.4053
2024-01,Northwest Territories,Goods producing industries [11-33N],4028,B,62.4709,-114.4053
2024-02,Northwest Territories,Goods producing industries [11-33N],5060,C,62.4709,-114.4053
2018-01,Northwest Territories,"Forestry, logging and support [11N]",,x,62.4709,-114.4053
2018-02,Northwest Territories,"Forestry, logging and support [11N]",,x,62.4709,-114.4053
2018-03,Northwest Territories,"Forestry, logging and support [11N]",,x,62.4709,-114.4053
2018-04,Northwest Territories,"Forestry, logging and support [11N]",,x,62.4709,-114.4053
2018-05,Northwest Territories,"Forestry, logging and support [11N]",,x,62.4709,-114.4053
2018-06,Northwest Territories,"Forestry, logging and support [11N]",,x,62.4709,-114.4053
2018-07,Northwest Territories,"Forestry, logging and support [11N]",,x,62.4709,-114.4053
2018-08,Northwest Territories,"Forestry, logging and support [11N]",,x,62.4709,-114.4053
2018-09,Northwest Territories,"Forestry, logging and support [11N]",,x,62.4709,-114.4053
2018-10,Northwest Territories,"Forestry, logging and support [11N]",,x,62.4709,-114.4053
2018-11,Northwest Territories,"Forestry, logging and support [11N]",,x,62.4709,-114.4053
2018-12,Northwest Territories,"Forestry, logging and support [11N]",,x,62.4709,-114.4053
2019-01,Northwest Territories,"Forestry, logging and support [11N]",,x,62.4709,-114.4053
2019-02,Northwest Territories,"Forestry, logging and support [11N]",,x,62.4709,-114.4053
2019-03,Northwest Territories,"Forestry, logging and support [11N]",,x,62.4709,-114.4053
2019-04,Northwest Territories,"Forestry, logging and support [11N]",,x,62.4709,-114.4053
2019-05,Northwest Territories,"Forestry, logging and support [11N]",,x,62.4709,-114.4053
2019-06,Northwest Territories,"Forestry, logging and support [11N]",,x,62.4709,-114.4053
2019-07,Northwest Territories,"Forestry, logging and support [11N]",,x,62.4709,-114.4053
2019-08,Northwest Territories,"Forestry, logging and support [11N]",,x,62.4709,-114.4053
2019-09,Northwest Territories,"Forestry, logging and support [11N]",,x,62.4709,-114.4053
2019-10,Northwest Territories,"Forestry, logging and support [11N]",,x,62.4709,-114.4053
2019-11,Northwest Territories,"Forestry, logging and support [11N]",,x,62.4709,-114.4053
2019-12,Northwest Territories,"Forestry, logging and support [11N]",,x,62.4709,-114.4053
2020-01,Northwest Territories,"Forestry, logging and support [11N]",,x,62.4709,-114.4053
2020-02,Northwest Territories,"Forestry, logging and support [11N]",,x,62.4709,-114.4053
2020-03,Northwest Territories,"Forestry, logging and support [11N]",,x,62.4709,-114.4053
2020-04,Northwest Territories,"Forestry, logging and support [11N]",,x,62.4709,-114.4053
2020-05,Northwest Territories,"Forestry, logging and support [11N]",,x,62.4709,-114.4053
2020-06,Northwest Territories,"Forestry, logging and support [11N]",,x,62.4709,-114.4053
2020-07,Northwest Territories,"Forestry, logging and support [11N]",,x,62.4709,-114.4053
2020-08,Northwest Territories,"Forestry, logging and support [11N]",,x,62.4709,-114.4053
2020-09,Northwest Territories,"Forestry, logging and support [11N]",,x,62.4709,-114.4053
2020-10,Northwest Territories,"Forestry, logging and support [11N]",,x,62.4709,-114.4053
2020-11,Northwest Territories,"Forestry, logging and support [11N]",,x,62.4709,-114.4053
2020-12,Northwest Territories,"Forestry, logging and support [11N]",,x,62.4709,-114.4053
2021-01,Northwest Territories,"Forestry, logging and support [11N]",,x,62.4709,-114.4053
2021-02,Northwest Territories,"Forestry, logging and support [11N]",,x,62.4709,-114.4053
2021-03,Northwest Territories,"Forestry, logging and support [11N]",,x,62.4709,-114.4053
2021-04,Northwest Territories,"Forestry, logging and support [11N]",,x,62.4709,-114.4053
2021-05,Northwest Territories,"Forestry, logging and support [11N]",,x,62.4709,-114.4053
2021-06,Northwest Territories,"Forestry, logging and support [11N]",,x,62.4709,-114.4053
2021-07,Northwest Territories,"Forestry, logging and support [11N]",,x,62.4709,-114.4053
2021-08,Northwest Territories,"Forestry, logging and support [11N]",,x,62.4709,-114.4053
2021-09,Northwest Territories,"Forestry, logging and support [11N]",,x,62.4709,-114.4053
2021-10,Northwest Territories,"Forestry, logging and support [11N]",,x,62.4709,-114.4053
2021-11,Northwest Territories,"Forestry, logging and support [11N]",,x,62.4709,-114.4053
2021-12,Northwest Territories,"Forestry, logging and support [11N]",,x,62.4709,-114.4053
2022-01,Northwest Territories,"Forestry, logging and support [11N]",,x,62.4709,-114.4053
2022-02,Northwest Territories,"Forestry, logging and support [11N]",,x,62.4709,-114.4053
2022-03,Northwest Territories,"Forestry, logging and support [11N]",,x,62.4709,-114.4053
2022-04,Northwest Territories,"Forestry, logging and support [11N]",,x,62.4709,-114.4053
2022-05,Northwest Territories,"Forestry, logging and support [11N]",,x,62.4709,-114.4053
2022-06,Northwest Territories,"Forestry, logging and support [11N]",,x,62.4709,-114.4053
2022-07,Northwest Territories,"Forestry, logging and support [11N]",,x,62.4709,-114.4053
2022-08,Northwest Territories,"Forestry, logging and support [11N]",,x,62.4709,-114.4053
2022-09,Northwest Territories,"Forestry, logging and support [11N]",,x,62.4709,-114.4053
2022-10,Northwest Territories,"Forestry, logging and support [11N]",,x,62.4709,-114.4053
2022-11,Northwest Territories,"Forestry, logging and support [11N]",,x,62.4709,-114.4053
2022-12,Northwest Territories,"Forestry, logging and support [11N]",,x,62.4709,-114.4053
2023-01,Northwest Territories,"Forestry, logging and support [11N]",,x,62.4709,-114.4053
2023-02,Northwest Territories,"Forestry, logging and support [11N]",,x,62.4709,-114.4053
2023-03,Northwest Territories,"Forestry, logging and support [11N]",,x,62.4709,-114.4053
2023-04,Northwest Territories,"Forestry, logging and support [11N]",,x,62.4709,-114.4053
2023-05,Northwest Territories,"Forestry, logging and support [11N]",,x,62.4709,-114.4053
2023-06,Northwest Territories,"Forestry, logging and support [11N]",,x,62.4709,-114.4053
2023-07,Northwest Territories,"Forestry, logging and support [11N]",,x,62.4709,-114.4053
2023-08,Northwest Territories,"Forestry, logging and support [11N]",,x,62.4709,-114.4053
2023-09,Northwest Territories,"Forestry, logging and support [11N]",,x,62.4709,-114.4053
2023-10,Northwest Territories,"Forestry, logging and support [11N]",,x,62.4709,-114.4053
2023-11,Northwest Territories,"Forestry, logging and support [11N]",,x,62.4709,-114.4053
2023-12,Northwest Territories,"Forestry, logging and support [11N]",,x,62.4709,-114.4053
2024-01,Northwest Territories,"Forestry, logging and support [11N]",,x,62.4709,-114.4053
2024-02,Northwest Territories,"Forestry, logging and support [11N]",,x,62.4709,-114.4053
2018-01,Northwest Territories,"Mining, quarrying, and oil and gas extraction [21]",2590,A,62.4709,-114.4053
2018-02,Northwest Territories,"Mining, quarrying, and oil and gas extraction [21]",2626,B,62.4709,-114.4053
2018-03,Northwest Territories,"Mining, quarrying, and oil and gas extraction [21]",2717,B,62.4709,-114.4053
2018-04,Northwest Territories,"Mining, quarrying, and oil and gas extraction [21]",2603,B,62.4709,-114.4053
2018-05,Northwest Territories,"Mining, quarrying, and oil and gas extraction [21]",2584,A,62.4709,-114.4053
2018-06,Northwest Territories,"Mining, quarrying, and oil and gas extraction [21]",2649,B,62.4709,-114.4053
2018-07,Northwest Territories,"Mining, quarrying, and oil and gas extraction [21]",2636,B,62.4709,-114.4053
2018-08,Northwest Territories,"Mining, quarrying, and oil and gas extraction [21]",2627,B,62.4709,-114.4053
2018-09,Northwest Territories,"Mining, quarrying, and oil and gas extraction [21]",2584,A,62.4709,-114.4053
2018-10,Northwest Territories,"Mining, quarrying, and oil and gas extraction [21]",2564,B,62.4709,-114.4053
2018-11,Northwest Territories,"Mining, quarrying, and oil and gas extraction [21]",2516,B,62.4709,-114.4053
2018-12,Northwest Territories,"Mining, quarrying, and oil and gas extraction [21]",2513,B,62.4709,-114.4053
2019-01,Northwest Territories,"Mining, quarrying, and oil and gas extraction [21]",2535,B,62.4709,-114.4053
2019-02,Northwest Territories,"Mining, quarrying, and oil and gas extraction [21]",2539,B,62.4709,-114.4053
2019-03,Northwest Territories,"Mining, quarrying, and oil and gas extraction [21]",2541,B,62.4709,-114.4053
2019-04,Northwest Territories,"Mining, quarrying, and oil and gas extraction [21]",2629,A,62.4709,-114.4053
2019-05,Northwest Territories,"Mining, quarrying, and oil and gas extraction [21]",2617,A,62.4709,-114.4053
2019-06,Northwest Territories,"Mining, quarrying, and oil and gas extraction [21]",2534,B,62.4709,-114.4053
2019-07,Northwest Territories,"Mining, quarrying, and oil and gas extraction [21]",2482,C,62.4709,-114.4053
2019-08,Northwest Territories,"Mining, quarrying, and oil and gas extraction [21]",2569,A,62.4709,-114.4053
2019-09,Northwest Territories,"Mining, quarrying, and oil and gas extraction [21]",2325,C,62.4709,-114.4053
2019-10,Northwest Territories,"Mining, quarrying, and oil and gas extraction [21]",2247,A,62.4709,-114.4053
2019-11,Northwest Territories,"Mining, quarrying, and oil and gas extraction [21]",2352,B,62.4709,-114.4053
2019-12,Northwest Territories,"Mining, quarrying, and oil and gas extraction [21]",2301,B,62.4709,-114.4053
2020-01,Northwest Territories,"Mining, quarrying, and oil and gas extraction [21]",,F,62.4709,-114.4053
2020-02,Northwest Territories,"Mining, quarrying, and oil and gas extraction [21]",2246,B,62.4709,-114.4053
2020-03,Northwest Territories,"Mining, quarrying, and oil and gas extraction [21]",2327,C,62.4709,-114.4053
2020-04,Northwest Territories,"Mining, quarrying, and oil and gas extraction [21]",2287,B,62.4709,-114.4053
2020-05,Northwest Territories,"Mining, quarrying, and oil and gas extraction [21]",1788,B,62.4709,-114.4053
2020-06,Northwest Territories,"Mining, quarrying, and oil and gas extraction [21]",1846,A,62.4709,-114.4053
2020-07,Northwest Territories,"Mining, quarrying, and oil and gas extraction [21]",1870,B,62.4709,-114.4053
2020-08,Northwest Territories,"Mining, quarrying, and oil and gas extraction [21]",1833,B,62.4709,-114.4053
2020-09,Northwest Territories,"Mining, quarrying, and oil and gas extraction [21]",1862,C,62.4709,-114.4053
2020-10,Northwest Territories,"Mining, quarrying, and oil and gas extraction [21]",2049,D,62.4709,-114.4053
2020-11,Northwest Territories,"Mining, quarrying, and oil and gas extraction [21]",1918,D,62.4709,-114.4053
2020-12,Northwest Territories,"Mining, quarrying, and oil and gas extraction [21]",1912,B,62.4709,-114.4053
2021-01,Northwest Territories,"Mining, quarrying, and oil and gas extraction [21]",1665,C,62.4709,-114.4053
2021-02,Northwest Territories,"Mining, quarrying, and oil and gas extraction [21]",2472,C,62.4709,-114.4053
2021-03,Northwest Territories,"Mining, quarrying, and oil and gas extraction [21]",2382,C,62.4709,-114.4053
2021-04,Northwest Territories,"Mining, quarrying, and oil and gas extraction [21]",2424,E,62.4709,-114.4053
2021-05,Northwest Territories,"Mining, quarrying, and oil and gas extraction [21]",2402,B,62.4709,-114.4053
2021-06,Northwest Territories,"Mining, quarrying, and oil and gas extraction [21]",2550,B,62.4709,-114.4053
2021-07,Northwest Territories,"Mining, quarrying, and oil and gas extraction [21]",2605,B,62.4709,-114.4053
2021-08,Northwest Territories,"Mining, quarrying, and oil and gas extraction [21]",2587,A,62.4709,-114.4053
2021-09,Northwest Territories,"Mining, quarrying, and oil and gas extraction [21]",2554,B,62.4709,-114.4053
2021-10,Northwest Territories,"Mining, quarrying, and oil and gas extraction [21]",2508,A,62.4709,-114.4053
2021-11,Northwest Territories,"Mining, quarrying, and oil and gas extraction [21]",2089,C,62.4709,-114.4053
2021-12,Northwest Territories,"Mining, quarrying, and oil and gas extraction [21]",2230,A,62.4709,-114.4053
2022-01,Northwest Territories,"Mining, quarrying, and oil and gas extraction [21]",2412,A,62.4709,-114.4053
2022-02,Northwest Territories,"Mining, quarrying, and oil and gas extraction [21]",2566,C,62.4709,-114.4053
2022-03,Northwest Territories,"Mining, quarrying, and oil and gas extraction [21]",2308,A,62.4709,-114.4053
2022-04,Northwest Territories,"Mining, quarrying, and oil and gas extraction [21]",2382,D,62.4709,-114.4053
2022-05,Northwest Territories,"Mining, quarrying, and oil and gas extraction [21]",2238,A,62.4709,-114.4053
2022-06,Northwest Territories,"Mining, quarrying, and oil and gas extraction [21]",1929,C,62.4709,-114.4053
2022-07,Northwest Territories,"Mining, quarrying, and oil and gas extraction [21]",2273,A,62.4709,-114.4053
2022-08,Northwest Territories,"Mining, quarrying, and oil and gas extraction [21]",2248,B,62.4709,-114.4053
2022-09,Northwest Territories,"Mining, quarrying, and oil and gas extraction [21]",2217,A,62.4709,-114.4053
2022-10,Northwest Territories,"Mining, quarrying, and oil and gas extraction [21]",2200,A,62.4709,-114.4053
2022-11,Northwest Territories,"Mining, quarrying, and oil and gas extraction [21]",2269,C,62.4709,-114.4053
2022-12,Northwest Territories,"Mining, quarrying, and oil and gas extraction [21]",2154,A,62.4709,-114.4053
2023-01,Northwest Territories,"Mining, quarrying, and oil and gas extraction [21]",2197,A,62.4709,-114.4053
2023-02,Northwest Territories,"Mining, quarrying, and oil and gas extraction [21]",2345,A,62.4709,-114.4053
2023-03,Northwest Territories,"Mining, quarrying, and oil and gas extraction [21]",2289,C,62.4709,-114.4053
2023-04,Northwest Territories,"Mining, quarrying, and oil and gas extraction [21]",2260,A,62.4709,-114.4053
2023-05,Northwest Territories,"Mining, quarrying, and oil and gas extraction [21]",2268,A,62.4709,-114.4053
2023-06,Northwest Territories,"Mining, quarrying, and oil and gas extraction [21]",2295,B,62.4709,-114.4053
2023-07,Northwest Territories,"Mining, quarrying, and oil and gas extraction [21]",2329,B,62.4709,-114.4053
2023-08,Northwest Territories,"Mining, quarrying, and oil and gas extraction [21]",2306,B,62.4709,-114.4053
2023-09,Northwest Territories,"Mining, quarrying, and oil and gas extraction [21]",1971,B,62.4709,-114.4053
2023-10,Northwest Territories,"Mining, quarrying, and oil and gas extraction [21]",1988,B,62.4709,-114.4053
2023-11,Northwest Territories,"Mining, quarrying, and oil and gas extraction [21]",1956,B,62.4709,-114.4053
2023-12,Northwest Territories,"Mining, quarrying, and oil and gas extraction [21]",1948,B,62.4709,-114.4053
2024-01,Northwest Territories,"Mining, quarrying, and oil and gas extraction [21]",1902,B,62.4709,-114.4053
2024-02,Northwest Territories,"Mining, quarrying, and oil and gas extraction [21]",2611,D,62.4709,-114.4053
2018-01,Northwest Territories,"Utilities [22,221]",,x,62.4709,-114.4053
2018-02,Northwest Territories,"Utilities [22,221]",,x,62.4709,-114.4053
2018-03,Northwest Territories,"Utilities [22,221]",,x,62.4709,-114.4053
2018-04,Northwest Territories,"Utilities [22,221]",,x,62.4709,-114.4053
2018-05,Northwest Territories,"Utilities [22,221]",,x,62.4709,-114.4053
2018-06,Northwest Territories,"Utilities [22,221]",,x,62.4709,-114.4053
2018-07,Northwest Territories,"Utilities [22,221]",,x,62.4709,-114.4053
2018-08,Northwest Territories,"Utilities [22,221]",,x,62.4709,-114.4053
2018-09,Northwest Territories,"Utilities [22,221]",,x,62.4709,-114.4053
2018-10,Northwest Territories,"Utilities [22,221]",,x,62.4709,-114.4053
2018-11,Northwest Territories,"Utilities [22,221]",,x,62.4709,-114.4053
2018-12,Northwest Territories,"Utilities [22,221]",,x,62.4709,-114.4053
2019-01,Northwest Territories,"Utilities [22,221]",,x,62.4709,-114.4053
2019-02,Northwest Territories,"Utilities [22,221]",,x,62.4709,-114.4053
2019-03,Northwest Territories,"Utilities [22,221]",,x,62.4709,-114.4053
2019-04,Northwest Territories,"Utilities [22,221]",,x,62.4709,-114.4053
2019-05,Northwest Territories,"Utilities [22,221]",,x,62.4709,-114.4053
2019-06,Northwest Territories,"Utilities [22,221]",,x,62.4709,-114.4053
2019-07,Northwest Territories,"Utilities [22,221]",,x,62.4709,-114.4053
2019-08,Northwest Territories,"Utilities [22,221]",,x,62.4709,-114.4053
2019-09,Northwest Territories,"Utilities [22,221]",,x,62.4709,-114.4053
2019-10,Northwest Territories,"Utilities [22,221]",,x,62.4709,-114.4053
2019-11,Northwest Territories,"Utilities [22,221]",,x,62.4709,-114.4053
2019-12,Northwest Territories,"Utilities [22,221]",,x,62.4709,-114.4053
2020-01,Northwest Territories,"Utilities [22,221]",,x,62.4709,-114.4053
2020-02,Northwest Territories,"Utilities [22,221]",,x,62.4709,-114.4053
2020-03,Northwest Territories,"Utilities [22,221]",,x,62.4709,-114.4053
2020-04,Northwest Territories,"Utilities [22,221]",,x,62.4709,-114.4053
2020-05,Northwest Territories,"Utilities [22,221]",,x,62.4709,-114.4053
2020-06,Northwest Territories,"Utilities [22,221]",,x,62.4709,-114.4053
2020-07,Northwest Territories,"Utilities [22,221]",,x,62.4709,-114.4053
2020-08,Northwest Territories,"Utilities [22,221]",,x,62.4709,-114.4053
2020-09,Northwest Territories,"Utilities [22,221]",,x,62.4709,-114.4053
2020-10,Northwest Territories,"Utilities [22,221]",,x,62.4709,-114.4053
2020-11,Northwest Territories,"Utilities [22,221]",,x,62.4709,-114.4053
2020-12,Northwest Territories,"Utilities [22,221]",,x,62.4709,-114.4053
2021-01,Northwest Territories,"Utilities [22,221]",,x,62.4709,-114.4053
2021-02,Northwest Territories,"Utilities [22,221]",,x,62.4709,-114.4053
2021-03,Northwest Territories,"Utilities [22,221]",,x,62.4709,-114.4053
2021-04,Northwest Territories,"Utilities [22,221]",,x,62.4709,-114.4053
2021-05,Northwest Territories,"Utilities [22,221]",,x,62.4709,-114.4053
2021-06,Northwest Territories,"Utilities [22,221]",,x,62.4709,-114.4053
2021-07,Northwest Territories,"Utilities [22,221]",,x,62.4709,-114.4053
2021-08,Northwest Territories,"Utilities [22,221]",,x,62.4709,-114.4053
2021-09,Northwest Territories,"Utilities [22,221]",,x,62.4709,-114.4053
2021-10,Northwest Territories,"Utilities [22,221]",,x,62.4709,-114.4053
2021-11,Northwest Territories,"Utilities [22,221]",,x,62.4709,-114.4053
2021-12,Northwest Territories,"Utilities [22,221]",,x,62.4709,-114.4053
2022-01,Northwest Territories,"Utilities [22,221]",,x,62.4709,-114.4053
2022-02,Northwest Territories,"Utilities [22,221]",,x,62.4709,-114.4053
2022-03,Northwest Territories,"Utilities [22,221]",,x,62.4709,-114.4053
2022-04,Northwest Territories,"Utilities [22,221]",,x,62.4709,-114.4053
2022-05,Northwest Territories,"Utilities [22,221]",,x,62.4709,-114.4053
2022-06,Northwest Territories,"Utilities [22,221]",,x,62.4709,-114.4053
2022-07,Northwest Territories,"Utilities [22,221]",,x,62.4709,-114.4053
2022-08,Northwest Territories,"Utilities [22,221]",,x,62.4709,-114.4053
2022-09,Northwest Territories,"Utilities [22,221]",,x,62.4709,-114.4053
2022-10,Northwest Territories,"Utilities [22,221]",,x,62.4709,-114.4053
2022-11,Northwest Territories,"Utilities [22,221]",,x,62.4709,-114.4053
2022-12,Northwest Territories,"Utilities [22,221]",,x,62.4709,-114.4053
2023-01,Northwest Territories,"Utilities [22,221]",,x,62.4709,-114.4053
2023-02,Northwest Territories,"Utilities [22,221]",,x,62.4709,-114.4053
2023-03,Northwest Territories,"Utilities [22,221]",,x,62.4709,-114.4053
2023-04,Northwest Territories,"Utilities [22,221]",,x,62.4709,-114.4053
2023-05,Northwest Territories,"Utilities [22,221]",,x,62.4709,-114.4053
2023-06,Northwest Territories,"Utilities [22,221]",,x,62.4709,-114.4053
2023-07,Northwest Territories,"Utilities [22,221]",,x,62.4709,-114.4053
2023-08,Northwest Territories,"Utilities [22,221]",,x,62.4709,-114.4053
2023-09,Northwest Territories,"Utilities [22,221]",,x,62.4709,-114.4053
2023-10,Northwest Territories,"Utilities [22,221]",,x,62.4709,-114.4053
2023-11,Northwest Territories,"Utilities [22,221]",,x,62.4709,-114.4053
2023-12,Northwest Territories,"Utilities [22,221]",,x,62.4709,-114.4053
2024-01,Northwest Territories,"Utilities [22,221]",,x,62.4709,-114.4053
2024-02,Northwest Territories,"Utilities [22,221]",,x,62.4709,-114.4053
2018-01,Northwest Territories,Construction [23],1531,A,62.4709,-114.4053
2018-02,Northwest Territories,Construction [23],1571,A,62.4709,-114.4053
2018-03,Northwest Territories,Construction [23],1637,A,62.4709,-114.4053
2018-04,Northwest Territories,Construction [23],1597,A,62.4709,-114.4053
2018-05,Northwest Territories,Construction [23],1660,A,62.4709,-114.4053
2018-06,Northwest Territories,Construction [23],1938,A,62.4709,-114.4053
2018-07,Northwest Territories,Construction [23],2203,A,62.4709,-114.4053
2018-08,Northwest Territories,Construction [23],2359,A,62.4709,-114.4053
2018-09,Northwest Territories,Construction [23],2242,A,62.4709,-114.4053
2018-10,Northwest Territories,Construction [23],2107,A,62.4709,-114.4053
2018-11,Northwest Territories,Construction [23],2138,A,62.4709,-114.4053
2018-12,Northwest Territories,Construction [23],1921,A,62.4709,-114.4053
2019-01,Northwest Territories,Construction [23],1665,A,62.4709,-114.4053
2019-02,Northwest Territories,Construction [23],1756,A,62.4709,-114.4053
2019-03,Northwest Territories,Construction [23],1740,A,62.4709,-114.4053
2019-04,Northwest Territories,Construction [23],1664,A,62.4709,-114.4053
2019-05,Northwest Territories,Construction [23],1635,A,62.4709,-114.4053
2019-06,Northwest Territories,Construction [23],1773,A,62.4709,-114.4053
2019-07,Northwest Territories,Construction [23],1838,A,62.4709,-114.4053
2019-08,Northwest Territories,Construction [23],1972,A,62.4709,-114.4053
2019-09,Northwest Territories,Construction [23],1975,B,62.4709,-114.4053
2019-10,Northwest Territories,Construction [23],1813,A,62.4709,-114.4053
2019-11,Northwest Territories,Construction [23],1714,A,62.4709,-114.4053
2019-12,Northwest Territories,Construction [23],1637,A,62.4709,-114.4053
2020-01,Northwest Territories,Construction [23],1463,A,62.4709,-114.4053
2020-02,Northwest Territories,Construction [23],1571,B,62.4709,-114.4053
2020-03,Northwest Territories,Construction [23],1600,B,62.4709,-114.4053
2020-04,Northwest Territories,Construction [23],1241,B,62.4709,-114.4053
2020-05,Northwest Territories,Construction [23],1260,B,62.4709,-114.4053
2020-06,Northwest Territories,Construction [23],1386,B,62.4709,-114.4053
2020-07,Northwest Territories,Construction [23],1608,B,62.4709,-114.4053
2020-08,Northwest Territories,Construction [23],1733,A,62.4709,-114.4053
2020-09,Northwest Territories,Construction [23],1588,A,62.4709,-114.4053
2020-10,Northwest Territories,Construction [23],1504,B,62.4709,-114.4053
2020-11,Northwest Territories,Construction [23],1500,B,62.4709,-114.4053
2020-12,Northwest Territories,Construction [23],1434,B,62.4709,-114.4053
2021-01,Northwest Territories,Construction [23],1353,A,62.4709,-114.4053
2021-02,Northwest Territories,Construction [23],1442,B,62.4709,-114.4053
2021-03,Northwest Territories,Construction [23],1694,B,62.4709,-114.4053
2021-04,Northwest Territories,Construction [23],1643,B,62.4709,-114.4053
2021-05,Northwest Territories,Construction [23],1625,B,62.4709,-114.4053
2021-06,Northwest Territories,Construction [23],1819,A,62.4709,-114.4053
2021-07,Northwest Territories,Construction [23],2022,A,62.4709,-114.4053
2021-08,Northwest Territories,Construction [23],1999,A,62.4709,-114.4053
2021-09,Northwest Territories,Construction [23],2366,A,62.4709,-114.4053
2021-10,Northwest Territories,Construction [23],2334,A,62.4709,-114.4053
2021-11,Northwest Territories,Construction [23],2129,A,62.4709,-114.4053
2021-12,Northwest Territories,Construction [23],2156,A,62.4709,-114.4053
2022-01,Northwest Territories,Construction [23],2144,B,62.4709,-114.4053
2022-02,Northwest Territories,Construction [23],2130,A,62.4709,-114.4053
2022-03,Northwest Territories,Construction [23],2261,B,62.4709,-114.4053
2022-04,Northwest Territories,Construction [23],2248,B,62.4709,-114.4053
2022-05,Northwest Territories,Construction [23],2108,B,62.4709,-114.4053
2022-06,Northwest Territories,Construction [23],2370,B,62.4709,-114.4053
2022-07,Northwest Territories,Construction [23],2459,B,62.4709,-114.4053
2022-08,Northwest Territories,Construction [23],2506,B,62.4709,-114.4053
2022-09,Northwest Territories,Construction [23],2509,A,62.4709,-114.4053
2022-10,Northwest Territories,Construction [23],2576,B,62.4709,-114.4053
2022-11,Northwest Territories,Construction [23],2380,B,62.4709,-114.4053
2022-12,Northwest Territories,Construction [23],2324,B,62.4709,-114.4053
2023-01,Northwest Territories,Construction [23],2165,B,62.4709,-114.4053
2023-02,Northwest Territories,Construction [23],2291,B,62.4709,-114.4053
2023-03,Northwest Territories,Construction [23],2314,B,62.4709,-114.4053
2023-04,Northwest Territories,Construction [23],2097,B,62.4709,-114.4053
2023-05,Northwest Territories,Construction [23],2057,B,62.4709,-114.4053
2023-06,Northwest Territories,Construction [23],2298,B,62.4709,-114.4053
2023-07,Northwest Territories,Construction [23],2417,B,62.4709,-114.4053
2023-08,Northwest Territories,Construction [23],2475,B,62.4709,-114.4053
2023-09,Northwest Territories,Construction [23],2225,B,62.4709,-114.4053
2023-10,Northwest Territories,Construction [23],2268,B,62.4709,-114.4053
2023-11,Northwest Territories,Construction [23],2051,C,62.4709,-114.4053
2023-12,Northwest Territories,Construction [23],1908,B,62.4709,-114.4053
2024-01,Northwest Territories,Construction [23],1758,A,62.4709,-114.4053
2024-02,Northwest Territories,Construction [23],2077,B,62.4709,-114.4053
2018-01,Northwest Territories,Manufacturing [31-33],,x,62.4709,-114.4053
2018-02,Northwest Territories,Manufacturing [31-33],,x,62.4709,-114.4053
2018-03,Northwest Territories,Manufacturing [31-33],,x,62.4709,-114.4053
2018-04,Northwest Territories,Manufacturing [31-33],,x,62.4709,-114.4053
2018-05,Northwest Territories,Manufacturing [31-33],,x,62.4709,-114.4053
2018-06,Northwest Territories,Manufacturing [31-33],,x,62.4709,-114.4053
2018-07,Northwest Territories,Manufacturing [31-33],,x,62.4709,-114.4053
2018-08,Northwest Territories,Manufacturing [31-33],,x,62.4709,-114.4053
2018-09,Northwest Territories,Manufacturing [31-33],,x,62.4709,-114.4053
2018-10,Northwest Territories,Manufacturing [31-33],,x,62.4709,-114.4053
2018-11,Northwest Territories,Manufacturing [31-33],,x,62.4709,-114.4053
2018-12,Northwest Territories,Manufacturing [31-33],,x,62.4709,-114.4053
2019-01,Northwest Territories,Manufacturing [31-33],,x,62.4709,-114.4053
2019-02,Northwest Territories,Manufacturing [31-33],,x,62.4709,-114.4053
2019-03,Northwest Territories,Manufacturing [31-33],,x,62.4709,-114.4053
2019-04,Northwest Territories,Manufacturing [31-33],,x,62.4709,-114.4053
2019-05,Northwest Territories,Manufacturing [31-33],,x,62.4709,-114.4053
2019-06,Northwest Territories,Manufacturing [31-33],,x,62.4709,-114.4053
2019-07,Northwest Territories,Manufacturing [31-33],,x,62.4709,-114.4053
2019-08,Northwest Territories,Manufacturing [31-33],,x,62.4709,-114.4053
2019-09,Northwest Territories,Manufacturing [31-33],,x,62.4709,-114.4053
2019-10,Northwest Territories,Manufacturing [31-33],,x,62.4709,-114.4053
2019-11,Northwest Territories,Manufacturing [31-33],,x,62.4709,-114.4053
2019-12,Northwest Territories,Manufacturing [31-33],,x,62.4709,-114.4053
2020-01,Northwest Territories,Manufacturing [31-33],,x,62.4709,-114.4053
2020-02,Northwest Territories,Manufacturing [31-33],,x,62.4709,-114.4053
2020-03,Northwest Territories,Manufacturing [31-33],,x,62.4709,-114.4053
2020-04,Northwest Territories,Manufacturing [31-33],,x,62.4709,-114.4053
2020-05,Northwest Territories,Manufacturing [31-33],,x,62.4709,-114.4053
2020-06,Northwest Territories,Manufacturing [31-33],,x,62.4709,-114.4053
2020-07,Northwest Territories,Manufacturing [31-33],,x,62.4709,-114.4053
2020-08,Northwest Territories,Manufacturing [31-33],,x,62.4709,-114.4053
2020-09,Northwest Territories,Manufacturing [31-33],,x,62.4709,-114.4053
2020-10,Northwest Territories,Manufacturing [31-33],,x,62.4709,-114.4053
2020-11,Northwest Territories,Manufacturing [31-33],,x,62.4709,-114.4053
2020-12,Northwest Territories,Manufacturing [31-33],,x,62.4709,-114.4053
2021-01,Northwest Territories,Manufacturing [31-33],,x,62.4709,-114.4053
2021-02,Northwest Territories,Manufacturing [31-33],,x,62.4709,-114.4053
2021-03,Northwest Territories,Manufacturing [31-33],,x,62.4709,-114.4053
2021-04,Northwest Territories,Manufacturing [31-33],,x,62.4709,-114.4053
2021-05,Northwest Territories,Manufacturing [31-33],,x,62.4709,-114.4053
2021-06,Northwest Territories,Manufacturing [31-33],,x,62.4709,-114.4053
2021-07,Northwest Territories,Manufacturing [31-33],,x,62.4709,-114.4053
2021-08,Northwest Territories,Manufacturing [31-33],,x,62.4709,-114.4053
2021-09,Northwest Territories,Manufacturing [31-33],,x,62.4709,-114.4053
2021-10,Northwest Territories,Manufacturing [31-33],,x,62.4709,-114.4053
2021-11,Northwest Territories,Manufacturing [31-33],,x,62.4709,-114.4053
2021-12,Northwest Territories,Manufacturing [31-33],,x,62.4709,-114.4053
2022-01,Northwest Territories,Manufacturing [31-33],,x,62.4709,-114.4053
2022-02,Northwest Territories,Manufacturing [31-33],,x,62.4709,-114.4053
2022-03,Northwest Territories,Manufacturing [31-33],,x,62.4709,-114.4053
2022-04,Northwest Territories,Manufacturing [31-33],,x,62.4709,-114.4053
2022-05,Northwest Territories,Manufacturing [31-33],,x,62.4709,-114.4053
2022-06,Northwest Territories,Manufacturing [31-33],,x,62.4709,-114.4053
2022-07,Northwest Territories,Manufacturing [31-33],,x,62.4709,-114.4053
2022-08,Northwest Territories,Manufacturing [31-33],,x,62.4709,-114.4053
2022-09,Northwest Territories,Manufacturing [31-33],,x,62.4709,-114.4053
2022-10,Northwest Territories,Manufacturing [31-33],,x,62.4709,-114.4053
2022-11,Northwest Territories,Manufacturing [31-33],,x,62.4709,-114.4053
2022-12,Northwest Territories,Manufacturing [31-33],,x,62.4709,-114.4053
2023-01,Northwest Territories,Manufacturing [31-33],,x,62.4709,-114.4053
2023-02,Northwest Territories,Manufacturing [31-33],,x,62.4709,-114.4053
2023-03,Northwest Territories,Manufacturing [31-33],,x,62.4709,-114.4053
2023-04,Northwest Territories,Manufacturing [31-33],,x,62.4709,-114.4053
2023-05,Northwest Territories,Manufacturing [31-33],,x,62.4709,-114.4053
2023-06,Northwest Territories,Manufacturing [31-33],,x,62.4709,-114.4053
2023-07,Northwest Territories,Manufacturing [31-33],,x,62.4709,-114.4053
2023-08,Northwest Territories,Manufacturing [31-33],,x,62.4709,-114.4053
2023-09,Northwest Territories,Manufacturing [31-33],,x,62.4709,-114.4053
2023-10,Northwest Territories,Manufacturing [31-33],,x,62.4709,-114.4053
2023-11,Northwest Territories,Manufacturing [31-33],,x,62.4709,-114.4053
2023-12,Northwest Territories,Manufacturing [31-33],,x,62.4709,-114.4053
2024-01,Northwest Territories,Manufacturing [31-33],,x,62.4709,-114.4053
2024-02,Northwest Territories,Manufacturing [31-33],,x,62.4709,-114.4053
2018-01,Northwest Territories,Trade [41-45N],3350,A,62.4709,-114.4053
2018-02,Northwest Territories,Trade [41-45N],3357,A,62.4709,-114.4053
2018-03,Northwest Territories,Trade [41-45N],3341,A,62.4709,-114.4053
2018-04,Northwest Territories,Trade [41-45N],3313,A,62.4709,-114.4053
2018-05,Northwest Territories,Trade [41-45N],3430,A,62.4709,-114.4053
2018-06,Northwest Territories,Trade [41-45N],3429,A,62.4709,-114.4053
2018-07,Northwest Territories,Trade [41-45N],3456,A,62.4709,-114.4053
2018-08,Northwest Territories,Trade [41-45N],3437,A,62.4709,-114.4053
2018-09,Northwest Territories,Trade [41-45N],3506,A,62.4709,-114.4053
2018-10,Northwest Territories,Trade [41-45N],3446,A,62.4709,-114.4053
2018-11,Northwest Territories,Trade [41-45N],3491,A,62.4709,-114.4053
2018-12,Northwest Territories,Trade [41-45N],3349,A,62.4709,-114.4053
2019-01,Northwest Territories,Trade [41-45N],3301,A,62.4709,-114.4053
2019-02,Northwest Territories,Trade [41-45N],3386,A,62.4709,-114.4053
2019-03,Northwest Territories,Trade [41-45N],3306,A,62.4709,-114.4053
2019-04,Northwest Territories,Trade [41-45N],3220,A,62.4709,-114.4053
2019-05,Northwest Territories,Trade [41-45N],3291,A,62.4709,-114.4053
2019-06,Northwest Territories,Trade [41-45N],3334,A,62.4709,-114.4053
2019-07,Northwest Territories,Trade [41-45N],3256,A,62.4709,-114.4053
2019-08,Northwest Territories,Trade [41-45N],3257,A,62.4709,-114.4053
2019-09,Northwest Territories,Trade [41-45N],3229,B,62.4709,-114.4053
2019-10,Northwest Territories,Trade [41-45N],3181,B,62.4709,-114.4053
2019-11,Northwest Territories,Trade [41-45N],3177,B,62.4709,-114.4053
2019-12,Northwest Territories,Trade [41-45N],3058,B,62.4709,-114.4053
2020-01,Northwest Territories,Trade [41-45N],3046,B,62.4709,-114.4053
2020-02,Northwest Territories,Trade [41-45N],3043,B,62.4709,-114.4053
2020-03,Northwest Territories,Trade [41-45N],2919,B,62.4709,-114.4053
2020-04,Northwest Territories,Trade [41-45N],2663,B,62.4709,-114.4053
2020-05,Northwest Territories,Trade [41-45N],2745,B,62.4709,-114.4053
2020-06,Northwest Territories,Trade [41-45N],2776,B,62.4709,-114.4053
2020-07,Northwest Territories,Trade [41-45N],2959,B,62.4709,-114.4053
2020-08,Northwest Territories,Trade [41-45N],2993,B,62.4709,-114.4053
2020-09,Northwest Territories,Trade [41-45N],2965,B,62.4709,-114.4053
2020-10,Northwest Territories,Trade [41-45N],2952,B,62.4709,-114.4053
2020-11,Northwest Territories,Trade [41-45N],2953,B,62.4709,-114.4053
2020-12,Northwest Territories,Trade [41-45N],3057,B,62.4709,-114.4053
2021-01,Northwest Territories,Trade [41-45N],3133,B,62.4709,-114.4053
2021-02,Northwest Territories,Trade [41-45N],3073,B,62.4709,-114.4053
2021-03,Northwest Territories,Trade [41-45N],3106,B,62.4709,-114.4053
2021-04,Northwest Territories,Trade [41-45N],3113,B,62.4709,-114.4053
2021-05,Northwest Territories,Trade [41-45N],2974,B,62.4709,-114.4053
2021-06,Northwest Territories,Trade [41-45N],3091,B,62.4709,-114.4053
2021-07,Northwest Territories,Trade [41-45N],3101,A,62.4709,-114.4053
2021-08,Northwest Territories,Trade [41-45N],3027,B,62.4709,-114.4053
2021-09,Northwest Territories,Trade [41-45N],3026,A,62.4709,-114.4053
2021-10,Northwest Territories,Trade [41-45N],2962,A,62.4709,-114.4053
2021-11,Northwest Territories,Trade [41-45N],2972,B,62.4709,-114.4053
2021-12,Northwest Territories,Trade [41-45N],3015,A,62.4709,-114.4053
2022-01,Northwest Territories,Trade [41-45N],2969,B,62.4709,-114.4053
2022-02,Northwest Territories,Trade [41-45N],3088,A,62.4709,-114.4053
2022-03,Northwest Territories,Trade [41-45N],3215,B,62.4709,-114.4053
2022-04,Northwest Territories,Trade [41-45N],2997,B,62.4709,-114.4053
2022-05,Northwest Territories,Trade [41-45N],2883,B,62.4709,-114.4053
2022-06,Northwest Territories,Trade [41-45N],2973,B,62.4709,-114.4053
2022-07,Northwest Territories,Trade [41-45N],2959,B,62.4709,-114.4053
2022-08,Northwest Territories,Trade [41-45N],2935,A,62.4709,-114.4053
2022-09,Northwest Territories,Trade [41-45N],2820,B,62.4709,-114.4053
2022-10,Northwest Territories,Trade [41-45N],2893,B,62.4709,-114.4053
2022-11,Northwest Territories,Trade [41-45N],2876,B,62.4709,-114.4053
2022-12,Northwest Territories,Trade [41-45N],2930,B,62.4709,-114.4053
2023-01,Northwest Territories,Trade [41-45N],2692,B,62.4709,-114.4053
2023-02,Northwest Territories,Trade [41-45N],2782,B,62.4709,-114.4053
2023-03,Northwest Territories,Trade [41-45N],2751,B,62.4709,-114.4053
2023-04,Northwest Territories,Trade [41-45N],2798,B,62.4709,-114.4053
2023-05,Northwest Territories,Trade [41-45N],2747,C,62.4709,-114.4053
2023-06,Northwest Territories,Trade [41-45N],2796,B,62.4709,-114.4053
2023-07,Northwest Territories,Trade [41-45N],2749,C,62.4709,-114.4053
2023-08,Northwest Territories,Trade [41-45N],2728,B,62.4709,-114.4053
2023-09,Northwest Territories,Trade [41-45N],2583,B,62.4709,-114.4053
2023-10,Northwest Territories,Trade [41-45N],2781,B,62.4709,-114.4053
2023-11,Northwest Territories,Trade [41-45N],2797,B,62.4709,-114.4053
2023-12,Northwest Territories,Trade [41-45N],2838,B,62.4709,-114.4053
2024-01,Northwest Territories,Trade [41-45N],2758,B,62.4709,-114.4053
2024-02,Northwest Territories,Trade [41-45N],2746,B,62.4709,-114.4053
2018-01,Northwest Territories,Transportation and warehousing [48-49],1735,A,62.4709,-114.4053
2018-02,Northwest Territories,Transportation and warehousing [48-49],1812,A,62.4709,-114.4053
2018-03,Northwest Territories,Transportation and warehousing [48-49],1826,A,62.4709,-114.4053
2018-04,Northwest Territories,Transportation and warehousing [48-49],1860,A,62.4709,-114.4053
2018-05,Northwest Territories,Transportation and warehousing [48-49],1848,A,62.4709,-114.4053
2018-06,Northwest Territories,Transportation and warehousing [48-49],1833,A,62.4709,-114.4053
2018-07,Northwest Territories,Transportation and warehousing [48-49],1970,A,62.4709,-114.4053
2018-08,Northwest Territories,Transportation and warehousing [48-49],1886,A,62.4709,-114.4053
2018-09,Northwest Territories,Transportation and warehousing [48-49],1867,A,62.4709,-114.4053
2018-10,Northwest Territories,Transportation and warehousing [48-49],1724,A,62.4709,-114.4053
2018-11,Northwest Territories,Transportation and warehousing [48-49],1654,A,62.4709,-114.4053
2018-12,Northwest Territories,Transportation and warehousing [48-49],1457,A,62.4709,-114.4053
2019-01,Northwest Territories,Transportation and warehousing [48-49],1501,A,62.4709,-114.4053
2019-02,Northwest Territories,Transportation and warehousing [48-49],1607,A,62.4709,-114.4053
2019-03,Northwest Territories,Transportation and warehousing [48-49],1619,A,62.4709,-114.4053
2019-04,Northwest Territories,Transportation and warehousing [48-49],1518,A,62.4709,-114.4053
2019-05,Northwest Territories,Transportation and warehousing [48-49],1379,A,62.4709,-114.4053
2019-06,Northwest Territories,Transportation and warehousing [48-49],1473,A,62.4709,-114.4053
2019-07,Northwest Territories,Transportation and warehousing [48-49],1509,A,62.4709,-114.4053
2019-08,Northwest Territories,Transportation and warehousing [48-49],1518,A,62.4709,-114.4053
2019-09,Northwest Territories,Transportation and warehousing [48-49],1517,A,62.4709,-114.4053
2019-10,Northwest Territories,Transportation and warehousing [48-49],1505,A,62.4709,-114.4053
2019-11,Northwest Territories,Transportation and warehousing [48-49],1360,B,62.4709,-114.4053
2019-12,Northwest Territories,Transportation and warehousing [48-49],1455,B,62.4709,-114.4053
2020-01,Northwest Territories,Transportation and warehousing [48-49],1396,B,62.4709,-114.4053
2020-02,Northwest Territories,Transportation and warehousing [48-49],1410,B,62.4709,-114.4053
2020-03,Northwest Territories,Transportation and warehousing [48-49],1421,B,62.4709,-114.4053
2020-04,Northwest Territories,Transportation and warehousing [48-49],1240,B,62.4709,-114.4053
2020-05,Northwest Territories,Transportation and warehousing [48-49],1215,B,62.4709,-114.4053
2020-06,Northwest Territories,Transportation and warehousing [48-49],1233,A,62.4709,-114.4053
2020-07,Northwest Territories,Transportation and warehousing [48-49],1169,B,62.4709,-114.4053
2020-08,Northwest Territories,Transportation and warehousing [48-49],1206,A,62.4709,-114.4053
2020-09,Northwest Territories,Transportation and warehousing [48-49],1198,A,62.4709,-114.4053
2020-10,Northwest Territories,Transportation and warehousing [48-49],1189,A,62.4709,-114.4053
2020-11,Northwest Territories,Transportation and warehousing [48-49],1178,A,62.4709,-114.4053
2020-12,Northwest Territories,Transportation and warehousing [48-49],1207,A,62.4709,-114.4053
2021-01,Northwest Territories,Transportation and warehousing [48-49],1180,A,62.4709,-114.4053
2021-02,Northwest Territories,Transportation and warehousing [48-49],1230,A,62.4709,-114.4053
2021-03,Northwest Territories,Transportation and warehousing [48-49],1231,A,62.4709,-114.4053
2021-04,Northwest Territories,Transportation and warehousing [48-49],1230,A,62.4709,-114.4053
2021-05,Northwest Territories,Transportation and warehousing [48-49],1240,A,62.4709,-114.4053
2021-06,Northwest Territories,Transportation and warehousing [48-49],1267,B,62.4709,-114.4053
2021-07,Northwest Territories,Transportation and warehousing [48-49],1305,B,62.4709,-114.4053
2021-08,Northwest Territories,Transportation and warehousing [48-49],1296,B,62.4709,-114.4053
2021-09,Northwest Territories,Transportation and warehousing [48-49],1328,B,62.4709,-114.4053
2021-10,Northwest Territories,Transportation and warehousing [48-49],1319,A,62.4709,-114.4053
2021-11,Northwest Territories,Transportation and warehousing [48-49],1219,B,62.4709,-114.4053
2021-12,Northwest Territories,Transportation and warehousing [48-49],1259,A,62.4709,-114.4053
2022-01,Northwest Territories,Transportation and warehousing [48-49],1206,B,62.4709,-114.4053
2022-02,Northwest Territories,Transportation and warehousing [48-49],1251,B,62.4709,-114.4053
2022-03,Northwest Territories,Transportation and warehousing [48-49],1281,A,62.4709,-114.4053
2022-04,Northwest Territories,Transportation and warehousing [48-49],1294,B,62.4709,-114.4053
2022-05,Northwest Territories,Transportation and warehousing [48-49],1317,B,62.4709,-114.4053
2022-06,Northwest Territories,Transportation and warehousing [48-49],1551,C,62.4709,-114.4053
2022-07,Northwest Territories,Transportation and warehousing [48-49],1562,C,62.4709,-114.4053
2022-08,Northwest Territories,Transportation and warehousing [48-49],1600,B,62.4709,-114.4053
2022-09,Northwest Territories,Transportation and warehousing [48-49],1551,B,62.4709,-114.4053
2022-10,Northwest Territories,Transportation and warehousing [48-49],1546,B,62.4709,-114.4053
2022-11,Northwest Territories,Transportation and warehousing [48-49],1501,B,62.4709,-114.4053
2022-12,Northwest Territories,Transportation and warehousing [48-49],1544,B,62.4709,-114.4053
2023-01,Northwest Territories,Transportation and warehousing [48-49],1486,B,62.4709,-114.4053
2023-02,Northwest Territories,Transportation and warehousing [48-49],1518,A,62.4709,-114.4053
2023-03,Northwest Territories,Transportation and warehousing [48-49],1527,B,62.4709,-114.4053
2023-04,Northwest Territories,Transportation and warehousing [48-49],1527,A,62.4709,-114.4053
2023-05,Northwest Territories,Transportation and warehousing [48-49],1532,B,62.4709,-114.4053
2023-06,Northwest Territories,Transportation and warehousing [48-49],1600,A,62.4709,-114.4053
2023-07,Northwest Territories,Transportation and warehousing [48-49],1639,B,62.4709,-114.4053
2023-08,Northwest Territories,Transportation and warehousing [48-49],1624,A,62.4709,-114.4053
2023-09,Northwest Territories,Transportation and warehousing [48-49],1632,B,62.4709,-114.4053
2023-10,Northwest Territories,Transportation and warehousing [48-49],1597,B,62.4709,-114.4053
2023-11,Northwest Territories,Transportation and warehousing [48-49],1592,A,62.4709,-114.4053
2023-12,Northwest Territories,Transportation and warehousing [48-49],1578,A,62.4709,-114.4053
2024-01,Northwest Territories,Transportation and warehousing [48-49],1561,B,62.4709,-114.4053
2024-02,Northwest Territories,Transportation and warehousing [48-49],1526,B,62.4709,-114.4053
2018-01,Northwest Territories,Information and cultural industries [51],344,A,62.4709,-114.4053
2018-02,Northwest Territories,Information and cultural industries [51],307,A,62.4709,-114.4053
2018-03,Northwest Territories,Information and cultural industries [51],296,A,62.4709,-114.4053
2018-04,Northwest Territories,Information and cultural industries [51],299,A,62.4709,-114.4053
2018-05,Northwest Territories,Information and cultural industries [51],302,A,62.4709,-114.4053
2018-06,Northwest Territories,Information and cultural industries [51],319,A,62.4709,-114.4053
2018-07,Northwest Territories,Information and cultural industries [51],322,A,62.4709,-114.4053
2018-08,Northwest Territories,Information and cultural industries [51],319,B,62.4709,-114.4053
2018-09,Northwest Territories,Information and cultural industries [51],317,A,62.4709,-114.4053
2018-10,Northwest Territories,Information and cultural industries [51],314,A,62.4709,-114.4053
2018-11,Northwest Territories,Information and cultural industries [51],323,A,62.4709,-114.4053
2018-12,Northwest Territories,Information and cultural industries [51],312,A,62.4709,-114.4053
2019-01,Northwest Territories,Information and cultural industries [51],318,A,62.4709,-114.4053
2019-02,Northwest Territories,Information and cultural industries [51],357,A,62.4709,-114.4053
2019-03,Northwest Territories,Information and cultural industries [51],356,A,62.4709,-114.4053
2019-04,Northwest Territories,Information and cultural industries [51],357,A,62.4709,-114.4053
2019-05,Northwest Territories,Information and cultural industries [51],361,A,62.4709,-114.4053
2019-06,Northwest Territories,Information and cultural industries [51],317,A,62.4709,-114.4053
2019-07,Northwest Territories,Information and cultural industries [51],305,A,62.4709,-114.4053
2019-08,Northwest Territories,Information and cultural industries [51],312,A,62.4709,-114.4053
2019-09,Northwest Territories,Information and cultural industries [51],307,A,62.4709,-114.4053
2019-10,Northwest Territories,Information and cultural industries [51],317,B,62.4709,-114.4053
2019-11,Northwest Territories,Information and cultural industries [51],322,B,62.4709,-114.4053
2019-12,Northwest Territories,Information and cultural industries [51],319,A,62.4709,-114.4053
2020-01,Northwest Territories,Information and cultural industries [51],309,B,62.4709,-114.4053
2020-02,Northwest Territories,Information and cultural industries [51],353,B,62.4709,-114.4053
2020-03,Northwest Territories,Information and cultural industries [51],370,B,62.4709,-114.4053
2020-04,Northwest Territories,Information and cultural industries [51],362,B,62.4709,-114.4053
2020-05,Northwest Territories,Information and cultural industries [51],358,A,62.4709,-114.4053
2020-06,Northwest Territories,Information and cultural industries [51],354,C,62.4709,-114.4053
2020-07,Northwest Territories,Information and cultural industries [51],373,C,62.4709,-114.4053
2020-08,Northwest Territories,Information and cultural industries [51],362,A,62.4709,-114.4053
2020-09,Northwest Territories,Information and cultural industries [51],364,A,62.4709,-114.4053
2020-10,Northwest Territories,Information and cultural industries [51],405,A,62.4709,-114.4053
2020-11,Northwest Territories,Information and cultural industries [51],347,A,62.4709,-114.4053
2020-12,Northwest Territories,Information and cultural industries [51],360,A,62.4709,-114.4053
2021-01,Northwest Territories,Information and cultural industries [51],387,A,62.4709,-114.4053
2021-02,Northwest Territories,Information and cultural industries [51],371,A,62.4709,-114.4053
2021-03,Northwest Territories,Information and cultural industries [51],391,A,62.4709,-114.4053
2021-04,Northwest Territories,Information and cultural industries [51],423,A,62.4709,-114.4053
2021-05,Northwest Territories,Information and cultural industries [51],351,A,62.4709,-114.4053
2021-06,Northwest Territories,Information and cultural industries [51],367,A,62.4709,-114.4053
2021-07,Northwest Territories,Information and cultural industries [51],379,B,62.4709,-114.4053
2021-08,Northwest Territories,Information and cultural industries [51],381,A,62.4709,-114.4053
2021-09,Northwest Territories,Information and cultural industries [51],360,B,62.4709,-114.4053
2021-10,Northwest Territories,Information and cultural industries [51],359,B,62.4709,-114.4053
2021-11,Northwest Territories,Information and cultural industries [51],351,B,62.4709,-114.4053
2021-12,Northwest Territories,Information and cultural industries [51],353,B,62.4709,-114.4053
2022-01,Northwest Territories,Information and cultural industries [51],,x,62.4709,-114.4053
2022-02,Northwest Territories,Information and cultural industries [51],,x,62.4709,-114.4053
2022-03,Northwest Territories,Information and cultural industries [51],,x,62.4709,-114.4053
2022-04,Northwest Territories,Information and cultural industries [51],,x,62.4709,-114.4053
2022-05,Northwest Territories,Information and cultural industries [51],,x,62.4709,-114.4053
2022-06,Northwest Territories,Information and cultural industries [51],,x,62.4709,-114.4053
2022-07,Northwest Territories,Information and cultural industries [51],,x,62.4709,-114.4053
2022-08,Northwest Territories,Information and cultural industries [51],,x,62.4709,-114.4053
2022-09,Northwest Territories,Information and cultural industries [51],,x,62.4709,-114.4053
2022-10,Northwest Territories,Information and cultural industries [51],,x,62.4709,-114.4053
2022-11,Northwest Territories,Information and cultural industries [51],,x,62.4709,-114.4053
2022-12,Northwest Territories,Information and cultural industries [51],,x,62.4709,-114.4053
2023-01,Northwest Territories,Information and cultural industries [51],307,A,62.4709,-114.4053
2023-02,Northwest Territories,Information and cultural industries [51],301,B,62.4709,-114.4053
2023-03,Northwest Territories,Information and cultural industries [51],297,B,62.4709,-114.4053
2023-04,Northwest Territories,Information and cultural industries [51],299,A,62.4709,-114.4053
2023-05,Northwest Territories,Information and cultural industries [51],303,A,62.4709,-114.4053
2023-06,Northwest Territories,Information and cultural industries [51],300,A,62.4709,-114.4053
2023-07,Northwest Territories,Information and cultural industries [51],303,A,62.4709,-114.4053
2023-08,Northwest Territories,Information and cultural industries [51],303,A,62.4709,-114.4053
2023-09,Northwest Territories,Information and cultural industries [51],300,A,62.4709,-114.4053
2023-10,Northwest Territories,Information and cultural industries [51],301,A,62.4709,-114.4053
2023-11,Northwest Territories,Information and cultural industries [51],300,B,62.4709,-114.4053
2023-12,Northwest Territories,Information and cultural industries [51],295,B,62.4709,-114.4053
2024-01,Northwest Territories,Information and cultural industries [51],289,A,62.4709,-114.4053
2024-02,Northwest Territories,Information and cultural industries [51],289,B,62.4709,-114.4053
2018-01,Northwest Territories,Finance and insurance [52],475,A,62.4709,-114.4053
2018-02,Northwest Territories,Finance and insurance [52],476,A,62.4709,-114.4053
2018-03,Northwest Territories,Finance and insurance [52],485,A,62.4709,-114.4053
2018-04,Northwest Territories,Finance and insurance [52],459,A,62.4709,-114.4053
2018-05,Northwest Territories,Finance and insurance [52],468,A,62.4709,-114.4053
2018-06,Northwest Territories,Finance and insurance [52],479,A,62.4709,-114.4053
2018-07,Northwest Territories,Finance and insurance [52],495,A,62.4709,-114.4053
2018-08,Northwest Territories,Finance and insurance [52],507,A,62.4709,-114.4053
2018-09,Northwest Territories,Finance and insurance [52],479,A,62.4709,-114.4053
2018-10,Northwest Territories,Finance and insurance [52],469,A,62.4709,-114.4053
2018-11,Northwest Territories,Finance and insurance [52],458,A,62.4709,-114.4053
2018-12,Northwest Territories,Finance and insurance [52],475,B,62.4709,-114.4053
2019-01,Northwest Territories,Finance and insurance [52],448,A,62.4709,-114.4053
2019-02,Northwest Territories,Finance and insurance [52],455,A,62.4709,-114.4053
2019-03,Northwest Territories,Finance and insurance [52],450,A,62.4709,-114.4053
2019-04,Northwest Territories,Finance and insurance [52],436,A,62.4709,-114.4053
2019-05,Northwest Territories,Finance and insurance [52],473,A,62.4709,-114.4053
2019-06,Northwest Territories,Finance and insurance [52],444,B,62.4709,-114.4053
2019-07,Northwest Territories,Finance and insurance [52],455,A,62.4709,-114.4053
2019-08,Northwest Territories,Finance and insurance [52],529,D,62.4709,-114.4053
2019-09,Northwest Territories,Finance and insurance [52],442,A,62.4709,-114.4053
2019-10,Northwest Territories,Finance and insurance [52],442,A,62.4709,-114.4053
2019-11,Northwest Territories,Finance and insurance [52],440,A,62.4709,-114.4053
2019-12,Northwest Territories,Finance and insurance [52],441,A,62.4709,-114.4053
2020-01,Northwest Territories,Finance and insurance [52],435,C,62.4709,-114.4053
2020-02,Northwest Territories,Finance and insurance [52],426,A,62.4709,-114.4053
2020-03,Northwest Territories,Finance and insurance [52],428,A,62.4709,-114.4053
2020-04,Northwest Territories,Finance and insurance [52],423,B,62.4709,-114.4053
2020-05,Northwest Territories,Finance and insurance [52],429,A,62.4709,-114.4053
2020-06,Northwest Territories,Finance and insurance [52],428,A,62.4709,-114.4053
2020-07,Northwest Territories,Finance and insurance [52],425,A,62.4709,-114.4053
2020-08,Northwest Territories,Finance and insurance [52],419,A,62.4709,-114.4053
2020-09,Northwest Territories,Finance and insurance [52],425,A,62.4709,-114.4053
2020-10,Northwest Territories,Finance and insurance [52],440,A,62.4709,-114.4053
2020-11,Northwest Territories,Finance and insurance [52],430,B,62.4709,-114.4053
2020-12,Northwest Territories,Finance and insurance [52],448,A,62.4709,-114.4053
2021-01,Northwest Territories,Finance and insurance [52],414,B,62.4709,-114.4053
2021-02,Northwest Territories,Finance and insurance [52],421,A,62.4709,-114.4053
2021-03,Northwest Territories,Finance and insurance [52],437,A,62.4709,-114.4053
2021-04,Northwest Territories,Finance and insurance [52],444,A,62.4709,-114.4053
2021-05,Northwest Territories,Finance and insurance [52],437,A,62.4709,-114.4053
2021-06,Northwest Territories,Finance and insurance [52],437,A,62.4709,-114.4053
2021-07,Northwest Territories,Finance and insurance [52],446,B,62.4709,-114.4053
2021-08,Northwest Territories,Finance and insurance [52],463,C,62.4709,-114.4053
2021-09,Northwest Territories,Finance and insurance [52],453,A,62.4709,-114.4053
2021-10,Northwest Territories,Finance and insurance [52],465,A,62.4709,-114.4053
2021-11,Northwest Territories,Finance and insurance [52],456,A,62.4709,-114.4053
2021-12,Northwest Territories,Finance and insurance [52],501,A,62.4709,-114.4053
2022-01,Northwest Territories,Finance and insurance [52],455,C,62.4709,-114.4053
2022-02,Northwest Territories,Finance and insurance [52],457,A,62.4709,-114.4053
2022-03,Northwest Territories,Finance and insurance [52],463,A,62.4709,-114.4053
2022-04,Northwest Territories,Finance and insurance [52],487,A,62.4709,-114.4053
2022-05,Northwest Territories,Finance and insurance [52],487,A,62.4709,-114.4053
2022-06,Northwest Territories,Finance and insurance [52],499,B,62.4709,-114.4053
2022-07,Northwest Territories,Finance and insurance [52],498,B,62.4709,-114.4053
2022-08,Northwest Territories,Finance and insurance [52],501,A,62.4709,-114.4053
2022-09,Northwest Territories,Finance and insurance [52],500,A,62.4709,-114.4053
2022-10,Northwest Territories,Finance and insurance [52],511,A,62.4709,-114.4053
2022-11,Northwest Territories,Finance and insurance [52],512,C,62.4709,-114.4053
2022-12,Northwest Territories,Finance and insurance [52],519,B,62.4709,-114.4053
2023-01,Northwest Territories,Finance and insurance [52],496,B,62.4709,-114.4053
2023-02,Northwest Territories,Finance and insurance [52],477,A,62.4709,-114.4053
2023-03,Northwest Territories,Finance and insurance [52],477,A,62.4709,-114.4053
2023-04,Northwest Territories,Finance and insurance [52],474,A,62.4709,-114.4053
2023-05,Northwest Territories,Finance and insurance [52],491,A,62.4709,-114.4053
2023-06,Northwest Territories,Finance and insurance [52],501,B,62.4709,-114.4053
2023-07,Northwest Territories,Finance and insurance [52],501,B,62.4709,-114.4053
2023-08,Northwest Territories,Finance and insurance [52],496,B,62.4709,-114.4053
2023-09,Northwest Territories,Finance and insurance [52],478,A,62.4709,-114.4053
2023-10,Northwest Territories,Finance and insurance [52],502,A,62.4709,-114.4053
2023-11,Northwest Territories,Finance and insurance [52],503,A,62.4709,-114.4053
2023-12,Northwest Territories,Finance and insurance [52],553,A,62.4709,-114.4053
2024-01,Northwest Territories,Finance and insurance [52],475,C,62.4709,-114.4053
2024-02,Northwest Territories,Finance and insurance [52],457,A,62.4709,-114.4053
2018-01,Northwest Territories,Real estate and rental and leasing [53],493,B,62.4709,-114.4053
2018-02,Northwest Territories,Real estate and rental and leasing [53],477,A,62.4709,-114.4053
2018-03,Northwest Territories,Real estate and rental and leasing [53],427,B,62.4709,-114.4053
2018-04,Northwest Territories,Real estate and rental and leasing [53],401,A,62.4709,-114.4053
2018-05,Northwest Territories,Real estate and rental and leasing [53],435,B,62.4709,-114.4053
2018-06,Northwest Territories,Real estate and rental and leasing [53],470,A,62.4709,-114.4053
2018-07,Northwest Territories,Real estate and rental and leasing [53],467,A,62.4709,-114.4053
2018-08,Northwest Territories,Real estate and rental and leasing [53],486,A,62.4709,-114.4053
2018-09,Northwest Territories,Real estate and rental and leasing [53],469,A,62.4709,-114.4053
2018-10,Northwest Territories,Real estate and rental and leasing [53],440,B,62.4709,-114.4053
2018-11,Northwest Territories,Real estate and rental and leasing [53],515,A,62.4709,-114.4053
2018-12,Northwest Territories,Real estate and rental and leasing [53],503,A,62.4709,-114.4053
2019-01,Northwest Territories,Real estate and rental and leasing [53],479,A,62.4709,-114.4053
2019-02,Northwest Territories,Real estate and rental and leasing [53],474,A,62.4709,-114.4053
2019-03,Northwest Territories,Real estate and rental and leasing [53],466,A,62.4709,-114.4053
2019-04,Northwest Territories,Real estate and rental and leasing [53],480,A,62.4709,-114.4053
2019-05,Northwest Territories,Real estate and rental and leasing [53],475,A,62.4709,-114.4053
2019-06,Northwest Territories,Real estate and rental and leasing [53],482,A,62.4709,-114.4053
2019-07,Northwest Territories,Real estate and rental and leasing [53],572,A,62.4709,-114.4053
2019-08,Northwest Territories,Real estate and rental and leasing [53],572,A,62.4709,-114.4053
2019-09,Northwest Territories,Real estate and rental and leasing [53],548,B,62.4709,-114.4053
2019-10,Northwest Territories,Real estate and rental and leasing [53],519,A,62.4709,-114.4053
2019-11,Northwest Territories,Real estate and rental and leasing [53],506,A,62.4709,-114.4053
2019-12,Northwest Territories,Real estate and rental and leasing [53],512,A,62.4709,-114.4053
2020-01,Northwest Territories,Real estate and rental and leasing [53],468,A,62.4709,-114.4053
2020-02,Northwest Territories,Real estate and rental and leasing [53],509,B,62.4709,-114.4053
2020-03,Northwest Territories,Real estate and rental and leasing [53],488,B,62.4709,-114.4053
2020-04,Northwest Territories,Real estate and rental and leasing [53],376,D,62.4709,-114.4053
2020-05,Northwest Territories,Real estate and rental and leasing [53],367,B,62.4709,-114.4053
2020-06,Northwest Territories,Real estate and rental and leasing [53],415,B,62.4709,-114.4053
2020-07,Northwest Territories,Real estate and rental and leasing [53],446,A,62.4709,-114.4053
2020-08,Northwest Territories,Real estate and rental and leasing [53],437,A,62.4709,-114.4053
2020-09,Northwest Territories,Real estate and rental and leasing [53],448,A,62.4709,-114.4053
2020-10,Northwest Territories,Real estate and rental and leasing [53],515,A,62.4709,-114.4053
2020-11,Northwest Territories,Real estate and rental and leasing [53],509,B,62.4709,-114.4053
2020-12,Northwest Territories,Real estate and rental and leasing [53],484,B,62.4709,-114.4053
2021-01,Northwest Territories,Real estate and rental and leasing [53],490,A,62.4709,-114.4053
2021-02,Northwest Territories,Real estate and rental and leasing [53],498,B,62.4709,-114.4053
2021-03,Northwest Territories,Real estate and rental and leasing [53],500,B,62.4709,-114.4053
2021-04,Northwest Territories,Real estate and rental and leasing [53],485,A,62.4709,-114.4053
2021-05,Northwest Territories,Real estate and rental and leasing [53],503,B,62.4709,-114.4053
2021-06,Northwest Territories,Real estate and rental and leasing [53],518,B,62.4709,-114.4053
2021-07,Northwest Territories,Real estate and rental and leasing [53],523,A,62.4709,-114.4053
2021-08,Northwest Territories,Real estate and rental and leasing [53],495,B,62.4709,-114.4053
2021-09,Northwest Territories,Real estate and rental and leasing [53],483,B,62.4709,-114.4053
2021-10,Northwest Territories,Real estate and rental and leasing [53],466,B,62.4709,-114.4053
2021-11,Northwest Territories,Real estate and rental and leasing [53],469,A,62.4709,-114.4053
2021-12,Northwest Territories,Real estate and rental and leasing [53],470,B,62.4709,-114.4053
2022-01,Northwest Territories,Real estate and rental and leasing [53],429,B,62.4709,-114.4053
2022-02,Northwest Territories,Real estate and rental and leasing [53],413,A,62.4709,-114.4053
2022-03,Northwest Territories,Real estate and rental and leasing [53],441,A,62.4709,-114.4053
2022-04,Northwest Territories,Real estate and rental and leasing [53],417,B,62.4709,-114.4053
2022-05,Northwest Territories,Real estate and rental and leasing [53],463,B,62.4709,-114.4053
2022-06,Northwest Territories,Real estate and rental and leasing [53],482,C,62.4709,-114.4053
2022-07,Northwest Territories,Real estate and rental and leasing [53],503,A,62.4709,-114.4053
2022-08,Northwest Territories,Real estate and rental and leasing [53],463,A,62.4709,-114.4053
2022-09,Northwest Territories,Real estate and rental and leasing [53],,F,62.4709,-114.4053
2022-10,Northwest Territories,Real estate and rental and leasing [53],506,B,62.4709,-114.4053
2022-11,Northwest Territories,Real estate and rental and leasing [53],507,B,62.4709,-114.4053
2022-12,Northwest Territories,Real estate and rental and leasing [53],505,B,62.4709,-114.4053
2023-01,Northwest Territories,Real estate and rental and leasing [53],479,B,62.4709,-114.4053
2023-02,Northwest Territories,Real estate and rental and leasing [53],485,B,62.4709,-114.4053
2023-03,Northwest Territories,Real estate and rental and leasing [53],477,C,62.4709,-114.4053
2023-04,Northwest Territories,Real estate and rental and leasing [53],501,C,62.4709,-114.4053
2023-05,Northwest Territories,Real estate and rental and leasing [53],489,B,62.4709,-114.4053
2023-06,Northwest Territories,Real estate and rental and leasing [53],536,B,62.4709,-114.4053
2023-07,Northwest Territories,Real estate and rental and leasing [53],545,B,62.4709,-114.4053
2023-08,Northwest Territories,Real estate and rental and leasing [53],508,C,62.4709,-114.4053
2023-09,Northwest Territories,Real estate and rental and leasing [53],489,D,62.4709,-114.4053
2023-10,Northwest Territories,Real estate and rental and leasing [53],511,D,62.4709,-114.4053
2023-11,Northwest Territories,Real estate and rental and leasing [53],510,B,62.4709,-114.4053
2023-12,Northwest Territories,Real estate and rental and leasing [53],460,B,62.4709,-114.4053
2024-01,Northwest Territories,Real estate and rental and leasing [53],498,B,62.4709,-114.4053
2024-02,Northwest Territories,Real estate and rental and leasing [53],490,B,62.4709,-114.4053
2018-01,Northwest Territories,"Professional, scientific and technical services [54,541]",899,A,62.4709,-114.4053
2018-02,Northwest Territories,"Professional, scientific and technical services [54,541]",923,A,62.4709,-114.4053
2018-03,Northwest Territories,"Professional, scientific and technical services [54,541]",955,A,62.4709,-114.4053
2018-04,Northwest Territories,"Professional, scientific and technical services [54,541]",965,A,62.4709,-114.4053
2018-05,Northwest Territories,"Professional, scientific and technical services [54,541]",969,A,62.4709,-114.4053
2018-06,Northwest Territories,"Professional, scientific and technical services [54,541]",980,A,62.4709,-114.4053
2018-07,Northwest Territories,"Professional, scientific and technical services [54,541]",984,A,62.4709,-114.4053
2018-08,Northwest Territories,"Professional, scientific and technical services [54,541]",966,A,62.4709,-114.4053
2018-09,Northwest Territories,"Professional, scientific and technical services [54,541]",967,A,62.4709,-114.4053
2018-10,Northwest Territories,"Professional, scientific and technical services [54,541]",968,A,62.4709,-114.4053
2018-11,Northwest Territories,"Professional, scientific and technical services [54,541]",955,A,62.4709,-114.4053
2018-12,Northwest Territories,"Professional, scientific and technical services [54,541]",935,A,62.4709,-114.4053
2019-01,Northwest Territories,"Professional, scientific and technical services [54,541]",933,A,62.4709,-114.4053
2019-02,Northwest Territories,"Professional, scientific and technical services [54,541]",939,A,62.4709,-114.4053
2019-03,Northwest Territories,"Professional, scientific and technical services [54,541]",935,A,62.4709,-114.4053
2019-04,Northwest Territories,"Professional, scientific and technical services [54,541]",959,A,62.4709,-114.4053
2019-05,Northwest Territories,"Professional, scientific and technical services [54,541]",1074,A,62.4709,-114.4053
2019-06,Northwest Territories,"Professional, scientific and technical services [54,541]",1130,A,62.4709,-114.4053
2019-07,Northwest Territories,"Professional, scientific and technical services [54,541]",1018,A,62.4709,-114.4053
2019-08,Northwest Territories,"Professional, scientific and technical services [54,541]",997,A,62.4709,-114.4053
2019-09,Northwest Territories,"Professional, scientific and technical services [54,541]",979,B,62.4709,-114.4053
2019-10,Northwest Territories,"Professional, scientific and technical services [54,541]",955,A,62.4709,-114.4053
2019-11,Northwest Territories,"Professional, scientific and technical services [54,541]",955,A,62.4709,-114.4053
2019-12,Northwest Territories,"Professional, scientific and technical services [54,541]",933,A,62.4709,-114.4053
2020-01,Northwest Territories,"Professional, scientific and technical services [54,541]",937,A,62.4709,-114.4053
2020-02,Northwest Territories,"Professional, scientific and technical services [54,541]",1006,B,62.4709,-114.4053
2020-03,Northwest Territories,"Professional, scientific and technical services [54,541]",984,B,62.4709,-114.4053
2020-04,Northwest Territories,"Professional, scientific and technical services [54,541]",946,B,62.4709,-114.4053
2020-05,Northwest Territories,"Professional, scientific and technical services [54,541]",897,B,62.4709,-114.4053
2020-06,Northwest Territories,"Professional, scientific and technical services [54,541]",923,B,62.4709,-114.4053
2020-07,Northwest Territories,"Professional, scientific and technical services [54,541]",927,B,62.4709,-114.4053
2020-08,Northwest Territories,"Professional, scientific and technical services [54,541]",894,B,62.4709,-114.4053
2020-09,Northwest Territories,"Professional, scientific and technical services [54,541]",931,B,62.4709,-114.4053
2020-10,Northwest Territories,"Professional, scientific and technical services [54,541]",932,B,62.4709,-114.4053
2020-11,Northwest Territories,"Professional, scientific and technical services [54,541]",922,B,62.4709,-114.4053
2020-12,Northwest Territories,"Professional, scientific and technical services [54,541]",925,A,62.4709,-114.4053
2021-01,Northwest Territories,"Professional, scientific and technical services [54,541]",933,A,62.4709,-114.4053
2021-02,Northwest Territories,"Professional, scientific and technical services [54,541]",931,A,62.4709,-114.4053
2021-03,Northwest Territories,"Professional, scientific and technical services [54,541]",939,B,62.4709,-114.4053
2021-04,Northwest Territories,"Professional, scientific and technical services [54,541]",957,A,62.4709,-114.4053
2021-05,Northwest Territories,"Professional, scientific and technical services [54,541]",955,A,62.4709,-114.4053
2021-06,Northwest Territories,"Professional, scientific and technical services [54,541]",1004,A,62.4709,-114.4053
2021-07,Northwest Territories,"Professional, scientific and technical services [54,541]",1025,A,62.4709,-114.4053
2021-08,Northwest Territories,"Professional, scientific and technical services [54,541]",1006,A,62.4709,-114.4053
2021-09,Northwest Territories,"Professional, scientific and technical services [54,541]",1007,A,62.4709,-114.4053
2021-10,Northwest Territories,"Professional, scientific and technical services [54,541]",1041,A,62.4709,-114.4053
2021-11,Northwest Territories,"Professional, scientific and technical services [54,541]",1012,A,62.4709,-114.4053
2021-12,Northwest Territories,"Professional, scientific and technical services [54,541]",990,A,62.4709,-114.4053
2022-01,Northwest Territories,"Professional, scientific and technical services [54,541]",959,B,62.4709,-114.4053
2022-02,Northwest Territories,"Professional, scientific and technical services [54,541]",960,B,62.4709,-114.4053
2022-03,Northwest Territories,"Professional, scientific and technical services [54,541]",944,B,62.4709,-114.4053
2022-04,Northwest Territories,"Professional, scientific and technical services [54,541]",710,B,62.4709,-114.4053
2022-05,Northwest Territories,"Professional, scientific and technical services [54,541]",715,B,62.4709,-114.4053
2022-06,Northwest Territories,"Professional, scientific and technical services [54,541]",698,B,62.4709,-114.4053
2022-07,Northwest Territories,"Professional, scientific and technical services [54,541]",705,B,62.4709,-114.4053
2022-08,Northwest Territories,"Professional, scientific and technical services [54,541]",698,B,62.4709,-114.4053
2022-09,Northwest Territories,"Professional, scientific and technical services [54,541]",706,B,62.4709,-114.4053
2022-10,Northwest Territories,"Professional, scientific and technical services [54,541]",710,A,62.4709,-114.4053
2022-11,Northwest Territories,"Professional, scientific and technical services [54,541]",694,B,62.4709,-114.4053
2022-12,Northwest Territories,"Professional, scientific and technical services [54,541]",720,B,62.4709,-114.4053
2023-01,Northwest Territories,"Professional, scientific and technical services [54,541]",727,A,62.4709,-114.4053
2023-02,Northwest Territories,"Professional, scientific and technical services [54,541]",740,B,62.4709,-114.4053
2023-03,Northwest Territories,"Professional, scientific and technical services [54,541]",706,B,62.4709,-114.4053
2023-04,Northwest Territories,"Professional, scientific and technical services [54,541]",727,A,62.4709,-114.4053
2023-05,Northwest Territories,"Professional, scientific and technical services [54,541]",728,B,62.4709,-114.4053
2023-06,Northwest Territories,"Professional, scientific and technical services [54,541]",694,A,62.4709,-114.4053
2023-07,Northwest Territories,"Professional, scientific and technical services [54,541]",726,B,62.4709,-114.4053
2023-08,Northwest Territories,"Professional, scientific and technical services [54,541]",685,B,62.4709,-114.4053
2023-09,Northwest Territories,"Professional, scientific and technical services [54,541]",684,A,62.4709,-114.4053
2023-10,Northwest Territories,"Professional, scientific and technical services [54,541]",690,A,62.4709,-114.4053
2023-11,Northwest Territories,"Professional, scientific and technical services [54,541]",687,A,62.4709,-114.4053
2023-12,Northwest Territories,"Professional, scientific and technical services [54,541]",685,B,62.4709,-114.4053
2024-01,Northwest Territories,"Professional, scientific and technical services [54,541]",733,B,62.4709,-114.4053
2024-02,Northwest Territories,"Professional, scientific and technical services [54,541]",740,B,62.4709,-114.4053
2018-01,Northwest Territories,"Management of companies and enterprises [55,551,5511]",70,A,62.4709,-114.4053
2018-02,Northwest Territories,"Management of companies and enterprises [55,551,5511]",53,A,62.4709,-114.4053
2018-03,Northwest Territories,"Management of companies and enterprises [55,551,5511]",53,A,62.4709,-114.4053
2018-04,Northwest Territories,"Management of companies and enterprises [55,551,5511]",65,A,62.4709,-114.4053
2018-05,Northwest Territories,"Management of companies and enterprises [55,551,5511]",56,A,62.4709,-114.4053
2018-06,Northwest Territories,"Management of companies and enterprises [55,551,5511]",65,A,62.4709,-114.4053
2018-07,Northwest Territories,"Management of companies and enterprises [55,551,5511]",70,A,62.4709,-114.4053
2018-08,Northwest Territories,"Management of companies and enterprises [55,551,5511]",67,B,62.4709,-114.4053
2018-09,Northwest Territories,"Management of companies and enterprises [55,551,5511]",66,A,62.4709,-114.4053
2018-10,Northwest Territories,"Management of companies and enterprises [55,551,5511]",79,A,62.4709,-114.4053
2018-11,Northwest Territories,"Management of companies and enterprises [55,551,5511]",79,A,62.4709,-114.4053
2018-12,Northwest Territories,"Management of companies and enterprises [55,551,5511]",88,A,62.4709,-114.4053
2019-01,Northwest Territories,"Management of companies and enterprises [55,551,5511]",75,B,62.4709,-114.4053
2019-02,Northwest Territories,"Management of companies and enterprises [55,551,5511]",85,A,62.4709,-114.4053
2019-03,Northwest Territories,"Management of companies and enterprises [55,551,5511]",72,A,62.4709,-114.4053
2019-04,Northwest Territories,"Management of companies and enterprises [55,551,5511]",44,B,62.4709,-114.4053
2019-05,Northwest Territories,"Management of companies and enterprises [55,551,5511]",49,A,62.4709,-114.4053
2019-06,Northwest Territories,"Management of companies and enterprises [55,551,5511]",69,C,62.4709,-114.4053
2019-07,Northwest Territories,"Management of companies and enterprises [55,551,5511]",103,B,62.4709,-114.4053
2019-08,Northwest Territories,"Management of companies and enterprises [55,551,5511]",69,D,62.4709,-114.4053
2019-09,Northwest Territories,"Management of companies and enterprises [55,551,5511]",38,C,62.4709,-114.4053
2019-10,Northwest Territories,"Management of companies and enterprises [55,551,5511]",50,C,62.4709,-114.4053
2019-11,Northwest Territories,"Management of companies and enterprises [55,551,5511]",32,B,62.4709,-114.4053
2019-12,Northwest Territories,"Management of companies and enterprises [55,551,5511]",41,B,62.4709,-114.4053
2020-01,Northwest Territories,"Management of companies and enterprises [55,551,5511]",39,A,62.4709,-114.4053
2020-02,Northwest Territories,"Management of companies and enterprises [55,551,5511]",30,B,62.4709,-114.4053
2020-03,Northwest Territories,"Management of companies and enterprises [55,551,5511]",28,B,62.4709,-114.4053
2020-04,Northwest Territories,"Management of companies and enterprises [55,551,5511]",39,E,62.4709,-114.4053
2020-05,Northwest Territories,"Management of companies and enterprises [55,551,5511]",30,A,62.4709,-114.4053
2020-06,Northwest Territories,"Management of companies and enterprises [55,551,5511]",33,B,62.4709,-114.4053
2020-07,Northwest Territories,"Management of companies and enterprises [55,551,5511]",34,B,62.4709,-114.4053
2020-08,Northwest Territories,"Management of companies and enterprises [55,551,5511]",31,A,62.4709,-114.4053
2020-09,Northwest Territories,"Management of companies and enterprises [55,551,5511]",34,C,62.4709,-114.4053
2020-10,Northwest Territories,"Management of companies and enterprises [55,551,5511]",24,B,62.4709,-114.4053
2020-11,Northwest Territories,"Management of companies and enterprises [55,551,5511]",24,A,62.4709,-114.4053
2020-12,Northwest Territories,"Management of companies and enterprises [55,551,5511]",26,B,62.4709,-114.4053
2021-01,Northwest Territories,"Management of companies and enterprises [55,551,5511]",29,A,62.4709,-114.4053
2021-02,Northwest Territories,"Management of companies and enterprises [55,551,5511]",30,A,62.4709,-114.4053
2021-03,Northwest Territories,"Management of companies and enterprises [55,551,5511]",33,A,62.4709,-114.4053
2021-04,Northwest Territories,"Management of companies and enterprises [55,551,5511]",38,A,62.4709,-114.4053
2021-05,Northwest Territories,"Management of companies and enterprises [55,551,5511]",32,B,62.4709,-114.4053
2021-06,Northwest Territories,"Management of companies and enterprises [55,551,5511]",31,A,62.4709,-114.4053
2021-07,Northwest Territories,"Management of companies and enterprises [55,551,5511]",35,B,62.4709,-114.4053
2021-08,Northwest Territories,"Management of companies and enterprises [55,551,5511]",38,A,62.4709,-114.4053
2021-09,Northwest Territories,"Management of companies and enterprises [55,551,5511]",55,A,62.4709,-114.4053
2021-10,Northwest Territories,"Management of companies and enterprises [55,551,5511]",58,A,62.4709,-114.4053
2021-11,Northwest Territories,"Management of companies and enterprises [55,551,5511]",56,A,62.4709,-114.4053
2021-12,Northwest Territories,"Management of companies and enterprises [55,551,5511]",58,A,62.4709,-114.4053
2022-01,Northwest Territories,"Management of companies and enterprises [55,551,5511]",,x,62.4709,-114.4053
2022-02,Northwest Territories,"Management of companies and enterprises [55,551,5511]",,x,62.4709,-114.4053
2022-03,Northwest Territories,"Management of companies and enterprises [55,551,5511]",,x,62.4709,-114.4053
2022-04,Northwest Territories,"Management of companies and enterprises [55,551,5511]",,x,62.4709,-114.4053
2022-05,Northwest Territories,"Management of companies and enterprises [55,551,5511]",,x,62.4709,-114.4053
2022-06,Northwest Territories,"Management of companies and enterprises [55,551,5511]",,x,62.4709,-114.4053
2022-07,Northwest Territories,"Management of companies and enterprises [55,551,5511]",,x,62.4709,-114.4053
2022-08,Northwest Territories,"Management of companies and enterprises [55,551,5511]",,x,62.4709,-114.4053
2022-09,Northwest Territories,"Management of companies and enterprises [55,551,5511]",,x,62.4709,-114.4053
2022-10,Northwest Territories,"Management of companies and enterprises [55,551,5511]",,x,62.4709,-114.4053
2022-11,Northwest Territories,"Management of companies and enterprises [55,551,5511]",,x,62.4709,-114.4053
2022-12,Northwest Territories,"Management of companies and enterprises [55,551,5511]",,x,62.4709,-114.4053
2023-01,Northwest Territories,"Management of companies and enterprises [55,551,5511]",66,E,62.4709,-114.4053
2023-02,Northwest Territories,"Management of companies and enterprises [55,551,5511]",71,E,62.4709,-114.4053
2023-03,Northwest Territories,"Management of companies and enterprises [55,551,5511]",73,A,62.4709,-114.4053
2023-04,Northwest Territories,"Management of companies and enterprises [55,551,5511]",69,E,62.4709,-114.4053
2023-05,Northwest Territories,"Management of companies and enterprises [55,551,5511]",71,A,62.4709,-114.4053
2023-06,Northwest Territories,"Management of companies and enterprises [55,551,5511]",79,C,62.4709,-114.4053
2023-07,Northwest Territories,"Management of companies and enterprises [55,551,5511]",76,B,62.4709,-114.4053
2023-08,Northwest Territories,"Management of companies and enterprises [55,551,5511]",84,A,62.4709,-114.4053
2023-09,Northwest Territories,"Management of companies and enterprises [55,551,5511]",102,A,62.4709,-114.4053
2023-10,Northwest Territories,"Management of companies and enterprises [55,551,5511]",88,A,62.4709,-114.4053
2023-11,Northwest Territories,"Management of companies and enterprises [55,551,5511]",75,C,62.4709,-114.4053
2023-12,Northwest Territories,"Management of companies and enterprises [55,551,5511]",76,A,62.4709,-114.4053
2024-01,Northwest Territories,"Management of companies and enterprises [55,551,5511]",77,C,62.4709,-114.4053
2024-02,Northwest Territories,"Management of companies and enterprises [55,551,5511]",74,B,62.4709,-114.4053
2018-01,Northwest Territories,"Administrative and support, waste management and remediation services [56]",695,A,62.4709,-114.4053
2018-02,Northwest Territories,"Administrative and support, waste management and remediation services [56]",666,A,62.4709,-114.4053
2018-03,Northwest Territories,"Administrative and support, waste management and remediation services [56]",768,A,62.4709,-114.4053
2018-04,Northwest Territories,"Administrative and support, waste management and remediation services [56]",754,A,62.4709,-114.4053
2018-05,Northwest Territories,"Administrative and support, waste management and remediation services [56]",650,A,62.4709,-114.4053
2018-06,Northwest Territories,"Administrative and support, waste management and remediation services [56]",682,A,62.4709,-114.4053
2018-07,Northwest Territories,"Administrative and support, waste management and remediation services [56]",620,A,62.4709,-114.4053
2018-08,Northwest Territories,"Administrative and support, waste management and remediation services [56]",603,A,62.4709,-114.4053
2018-09,Northwest Territories,"Administrative and support, waste management and remediation services [56]",608,A,62.4709,-114.4053
2018-10,Northwest Territories,"Administrative and support, waste management and remediation services [56]",573,A,62.4709,-114.4053
2018-11,Northwest Territories,"Administrative and support, waste management and remediation services [56]",536,A,62.4709,-114.4053
2018-12,Northwest Territories,"Administrative and support, waste management and remediation services [56]",655,A,62.4709,-114.4053
2019-01,Northwest Territories,"Administrative and support, waste management and remediation services [56]",592,A,62.4709,-114.4053
2019-02,Northwest Territories,"Administrative and support, waste management and remediation services [56]",624,A,62.4709,-114.4053
2019-03,Northwest Territories,"Administrative and support, waste management and remediation services [56]",716,A,62.4709,-114.4053
2019-04,Northwest Territories,"Administrative and support, waste management and remediation services [56]",651,A,62.4709,-114.4053
2019-05,Northwest Territories,"Administrative and support, waste management and remediation services [56]",634,A,62.4709,-114.4053
2019-06,Northwest Territories,"Administrative and support, waste management and remediation services [56]",642,A,62.4709,-114.4053
2019-07,Northwest Territories,"Administrative and support, waste management and remediation services [56]",658,A,62.4709,-114.4053
2019-08,Northwest Territories,"Administrative and support, waste management and remediation services [56]",719,A,62.4709,-114.4053
2019-09,Northwest Territories,"Administrative and support, waste management and remediation services [56]",723,B,62.4709,-114.4053
2019-10,Northwest Territories,"Administrative and support, waste management and remediation services [56]",660,A,62.4709,-114.4053
2019-11,Northwest Territories,"Administrative and support, waste management and remediation services [56]",688,B,62.4709,-114.4053
2019-12,Northwest Territories,"Administrative and support, waste management and remediation services [56]",692,B,62.4709,-114.4053
2020-01,Northwest Territories,"Administrative and support, waste management and remediation services [56]",736,B,62.4709,-114.4053
2020-02,Northwest Territories,"Administrative and support, waste management and remediation services [56]",779,A,62.4709,-114.4053
2020-03,Northwest Territories,"Administrative and support, waste management and remediation services [56]",717,C,62.4709,-114.4053
2020-04,Northwest Territories,"Administrative and support, waste management and remediation services [56]",534,B,62.4709,-114.4053
2020-05,Northwest Territories,"Administrative and support, waste management and remediation services [56]",502,A,62.4709,-114.4053
2020-06,Northwest Territories,"Administrative and support, waste management and remediation services [56]",591,A,62.4709,-114.4053
2020-07,Northwest Territories,"Administrative and support, waste management and remediation services [56]",584,B,62.4709,-114.4053
2020-08,Northwest Territories,"Administrative and support, waste management and remediation services [56]",595,A,62.4709,-114.4053
2020-09,Northwest Territories,"Administrative and support, waste management and remediation services [56]",612,A,62.4709,-114.4053
2020-10,Northwest Territories,"Administrative and support, waste management and remediation services [56]",643,A,62.4709,-114.4053
2020-11,Northwest Territories,"Administrative and support, waste management and remediation services [56]",649,A,62.4709,-114.4053
2020-12,Northwest Territories,"Administrative and support, waste management and remediation services [56]",670,A,62.4709,-114.4053
2021-01,Northwest Territories,"Administrative and support, waste management and remediation services [56]",686,A,62.4709,-114.4053
2021-02,Northwest Territories,"Administrative and support, waste management and remediation services [56]",735,A,62.4709,-114.4053
2021-03,Northwest Territories,"Administrative and support, waste management and remediation services [56]",753,B,62.4709,-114.4053
2021-04,Northwest Territories,"Administrative and support, waste management and remediation services [56]",688,B,62.4709,-114.4053
2021-05,Northwest Territories,"Administrative and support, waste management and remediation services [56]",722,B,62.4709,-114.4053
2021-06,Northwest Territories,"Administrative and support, waste management and remediation services [56]",800,B,62.4709,-114.4053
2021-07,Northwest Territories,"Administrative and support, waste management and remediation services [56]",768,B,62.4709,-114.4053
2021-08,Northwest Territories,"Administrative and support, waste management and remediation services [56]",777,B,62.4709,-114.4053
2021-09,Northwest Territories,"Administrative and support, waste management and remediation services [56]",651,B,62.4709,-114.4053
2021-10,Northwest Territories,"Administrative and support, waste management and remediation services [56]",619,B,62.4709,-114.4053
2021-11,Northwest Territories,"Administrative and support, waste management and remediation services [56]",598,A,62.4709,-114.4053
2021-12,Northwest Territories,"Administrative and support, waste management and remediation services [56]",619,B,62.4709,-114.4053
2022-01,Northwest Territories,"Administrative and support, waste management and remediation services [56]",627,B,62.4709,-114.4053
2022-02,Northwest Territories,"Administrative and support, waste management and remediation services [56]",652,B,62.4709,-114.4053
2022-03,Northwest Territories,"Administrative and support, waste management and remediation services [56]",619,A,62.4709,-114.4053
2022-04,Northwest Territories,"Administrative and support, waste management and remediation services [56]",619,B,62.4709,-114.4053
2022-05,Northwest Territories,"Administrative and support, waste management and remediation services [56]",596,B,62.4709,-114.4053
2022-06,Northwest Territories,"Administrative and support, waste management and remediation services [56]",640,C,62.4709,-114.4053
2022-07,Northwest Territories,"Administrative and support, waste management and remediation services [56]",635,B,62.4709,-114.4053
2022-08,Northwest Territories,"Administrative and support, waste management and remediation services [56]",608,B,62.4709,-114.4053
2022-09,Northwest Territories,"Administrative and support, waste management and remediation services [56]",636,C,62.4709,-114.4053
2022-10,Northwest Territories,"Administrative and support, waste management and remediation services [56]",635,C,62.4709,-114.4053
2022-11,Northwest Territories,"Administrative and support, waste management and remediation services [56]",580,B,62.4709,-114.4053
2022-12,Northwest Territories,"Administrative and support, waste management and remediation services [56]",633,C,62.4709,-114.4053
2023-01,Northwest Territories,"Administrative and support, waste management and remediation services [56]",556,B,62.4709,-114.4053
2023-02,Northwest Territories,"Administrative and support, waste management and remediation services [56]",554,A,62.4709,-114.4053
2023-03,Northwest Territories,"Administrative and support, waste management and remediation services [56]",603,B,62.4709,-114.4053
2023-04,Northwest Territories,"Administrative and support, waste management and remediation services [56]",585,C,62.4709,-114.4053
2023-05,Northwest Territories,"Administrative and support, waste management and remediation services [56]",573,C,62.4709,-114.4053
2023-06,Northwest Territories,"Administrative and support, waste management and remediation services [56]",624,C,62.4709,-114.4053
2023-07,Northwest Territories,"Administrative and support, waste management and remediation services [56]",588,C,62.4709,-114.4053
2023-08,Northwest Territories,"Administrative and support, waste management and remediation services [56]",592,B,62.4709,-114.4053
2023-09,Northwest Territories,"Administrative and support, waste management and remediation services [56]",564,A,62.4709,-114.4053
2023-10,Northwest Territories,"Administrative and support, waste management and remediation services [56]",589,B,62.4709,-114.4053
2023-11,Northwest Territories,"Administrative and support, waste management and remediation services [56]",745,B,62.4709,-114.4053
2023-12,Northwest Territories,"Administrative and support, waste management and remediation services [56]",813,B,62.4709,-114.4053
2024-01,Northwest Territories,"Administrative and support, waste management and remediation services [56]",782,B,62.4709,-114.4053
2024-02,Northwest Territories,"Administrative and support, waste management and remediation services [56]",814,B,62.4709,-114.4053
2018-01,Northwest Territories,"Educational services [61,611]",2155,A,62.4709,-114.4053
2018-02,Northwest Territories,"Educational services [61,611]",2219,A,62.4709,-114.4053
2018-03,Northwest Territories,"Educational services [61,611]",2199,A,62.4709,-114.4053
2018-04,Northwest Territories,"Educational services [61,611]",2107,A,62.4709,-114.4053
2018-05,Northwest Territories,"Educational services [61,611]",2230,A,62.4709,-114.4053
2018-06,Northwest Territories,"Educational services [61,611]",2259,A,62.4709,-114.4053
2018-07,Northwest Territories,"Educational services [61,611]",1833,A,62.4709,-114.4053
2018-08,Northwest Territories,"Educational services [61,611]",1732,A,62.4709,-114.4053
2018-09,Northwest Territories,"Educational services [61,611]",1944,A,62.4709,-114.4053
2018-10,Northwest Territories,"Educational services [61,611]",2192,A,62.4709,-114.4053
2018-11,Northwest Territories,"Educational services [61,611]",2248,A,62.4709,-114.4053
2018-12,Northwest Territories,"Educational services [61,611]",2192,A,62.4709,-114.4053
2019-01,Northwest Territories,"Educational services [61,611]",2169,A,62.4709,-114.4053
2019-02,Northwest Territories,"Educational services [61,611]",2284,A,62.4709,-114.4053
2019-03,Northwest Territories,"Educational services [61,611]",2263,A,62.4709,-114.4053
2019-04,Northwest Territories,"Educational services [61,611]",2223,A,62.4709,-114.4053
2019-05,Northwest Territories,"Educational services [61,611]",2379,A,62.4709,-114.4053
2019-06,Northwest Territories,"Educational services [61,611]",2281,A,62.4709,-114.4053
2019-07,Northwest Territories,"Educational services [61,611]",1894,A,62.4709,-114.4053
2019-08,Northwest Territories,"Educational services [61,611]",1802,A,62.4709,-114.4053
2019-09,Northwest Territories,"Educational services [61,611]",1967,B,62.4709,-114.4053
2019-10,Northwest Territories,"Educational services [61,611]",2195,B,62.4709,-114.4053
2019-11,Northwest Territories,"Educational services [61,611]",2354,B,62.4709,-114.4053
2019-12,Northwest Territories,"Educational services [61,611]",2216,A,62.4709,-114.4053
2020-01,Northwest Territories,"Educational services [61,611]",1964,A,62.4709,-114.4053
2020-02,Northwest Territories,"Educational services [61,611]",2093,A,62.4709,-114.4053
2020-03,Northwest Territories,"Educational services [61,611]",2065,A,62.4709,-114.4053
2020-04,Northwest Territories,"Educational services [61,611]",1777,A,62.4709,-114.4053
2020-05,Northwest Territories,"Educational services [61,611]",1755,A,62.4709,-114.4053
2020-06,Northwest Territories,"Educational services [61,611]",1709,B,62.4709,-114.4053
2020-07,Northwest Territories,"Educational services [61,611]",1700,A,62.4709,-114.4053
2020-08,Northwest Territories,"Educational services [61,611]",1693,B,62.4709,-114.4053
2020-09,Northwest Territories,"Educational services [61,611]",1906,A,62.4709,-114.4053
2020-10,Northwest Territories,"Educational services [61,611]",2108,A,62.4709,-114.4053
2020-11,Northwest Territories,"Educational services [61,611]",2110,A,62.4709,-114.4053
2020-12,Northwest Territories,"Educational services [61,611]",2175,B,62.4709,-114.4053
2021-01,Northwest Territories,"Educational services [61,611]",2128,A,62.4709,-114.4053
2021-02,Northwest Territories,"Educational services [61,611]",2190,A,62.4709,-114.4053
2021-03,Northwest Territories,"Educational services [61,611]",2178,A,62.4709,-114.4053
2021-04,Northwest Territories,"Educational services [61,611]",2177,A,62.4709,-114.4053
2021-05,Northwest Territories,"Educational services [61,611]",2164,A,62.4709,-114.4053
2021-06,Northwest Territories,"Educational services [61,611]",2240,B,62.4709,-114.4053
2021-07,Northwest Territories,"Educational services [61,611]",1883,B,62.4709,-114.4053
2021-08,Northwest Territories,"Educational services [61,611]",1790,B,62.4709,-114.4053
2021-09,Northwest Territories,"Educational services [61,611]",1937,B,62.4709,-114.4053
2021-10,Northwest Territories,"Educational services [61,611]",1872,A,62.4709,-114.4053
2021-11,Northwest Territories,"Educational services [61,611]",2142,B,62.4709,-114.4053
2021-12,Northwest Territories,"Educational services [61,611]",2142,B,62.4709,-114.4053
2022-01,Northwest Territories,"Educational services [61,611]",1995,B,62.4709,-114.4053
2022-02,Northwest Territories,"Educational services [61,611]",2064,B,62.4709,-114.4053
2022-03,Northwest Territories,"Educational services [61,611]",2192,B,62.4709,-114.4053
2022-04,Northwest Territories,"Educational services [61,611]",2149,B,62.4709,-114.4053
2022-05,Northwest Territories,"Educational services [61,611]",2171,A,62.4709,-114.4053
2022-06,Northwest Territories,"Educational services [61,611]",2230,B,62.4709,-114.4053
2022-07,Northwest Territories,"Educational services [61,611]",1897,B,62.4709,-114.4053
2022-08,Northwest Territories,"Educational services [61,611]",1790,B,62.4709,-114.4053
2022-09,Northwest Territories,"Educational services [61,611]",2148,B,62.4709,-114.4053
2022-10,Northwest Territories,"Educational services [61,611]",2240,A,62.4709,-114.4053
2022-11,Northwest Territories,"Educational services [61,611]",2253,B,62.4709,-114.4053
2022-12,Northwest Territories,"Educational services [61,611]",2286,B,62.4709,-114.4053
2023-01,Northwest Territories,"Educational services [61,611]",2260,B,62.4709,-114.4053
2023-02,Northwest Territories,"Educational services [61,611]",2306,B,62.4709,-114.4053
2023-03,Northwest Territories,"Educational services [61,611]",2249,B,62.4709,-114.4053
2023-04,Northwest Territories,"Educational services [61,611]",2215,B,62.4709,-114.4053
2023-05,Northwest Territories,"Educational services [61,611]",2291,B,62.4709,-114.4053
2023-06,Northwest Territories,"Educational services [61,611]",2304,B,62.4709,-114.4053
2023-07,Northwest Territories,"Educational services [61,611]",1963,B,62.4709,-114.4053
2023-08,Northwest Territories,"Educational services [61,611]",1892,A,62.4709,-114.4053
2023-09,Northwest Territories,"Educational services [61,611]",2010,A,62.4709,-114.4053
2023-10,Northwest Territories,"Educational services [61,611]",2251,B,62.4709,-114.4053
2023-11,Northwest Territories,"Educational services [61,611]",2267,A,62.4709,-114.4053
2023-12,Northwest Territories,"Educational services [61,611]",2270,B,62.4709,-114.4053
2024-01,Northwest Territories,"Educational services [61,611]",2215,A,62.4709,-114.4053
2024-02,Northwest Territories,"Educational services [61,611]",2279,A,62.4709,-114.4053
2018-01,Northwest Territories,Health care and social assistance [62],1733,A,62.4709,-114.4053
2018-02,Northwest Territories,Health care and social assistance [62],1732,A,62.4709,-114.4053
2018-03,Northwest Territories,Health care and social assistance [62],1786,A,62.4709,-114.4053
2018-04,Northwest Territories,Health care and social assistance [62],1737,A,62.4709,-114.4053
2018-05,Northwest Territories,Health care and social assistance [62],1805,A,62.4709,-114.4053
2018-06,Northwest Territories,Health care and social assistance [62],1814,A,62.4709,-114.4053
2018-07,Northwest Territories,Health care and social assistance [62],1763,A,62.4709,-114.4053
2018-08,Northwest Territories,Health care and social assistance [62],1799,A,62.4709,-114.4053
2018-09,Northwest Territories,Health care and social assistance [62],1785,A,62.4709,-114.4053
2018-10,Northwest Territories,Health care and social assistance [62],1808,A,62.4709,-114.4053
2018-11,Northwest Territories,Health care and social assistance [62],1846,A,62.4709,-114.4053
2018-12,Northwest Territories,Health care and social assistance [62],1855,A,62.4709,-114.4053
2019-01,Northwest Territories,Health care and social assistance [62],1868,A,62.4709,-114.4053
2019-02,Northwest Territories,Health care and social assistance [62],1877,A,62.4709,-114.4053
2019-03,Northwest Territories,Health care and social assistance [62],1871,A,62.4709,-114.4053
2019-04,Northwest Territories,Health care and social assistance [62],1858,A,62.4709,-114.4053
2019-05,Northwest Territories,Health care and social assistance [62],1898,A,62.4709,-114.4053
2019-06,Northwest Territories,Health care and social assistance [62],1903,A,62.4709,-114.4053
2019-07,Northwest Territories,Health care and social assistance [62],1887,A,62.4709,-114.4053
2019-08,Northwest Territories,Health care and social assistance [62],1896,A,62.4709,-114.4053
2019-09,Northwest Territories,Health care and social assistance [62],1855,A,62.4709,-114.4053
2019-10,Northwest Territories,Health care and social assistance [62],1824,A,62.4709,-114.4053
2019-11,Northwest Territories,Health care and social assistance [62],1905,A,62.4709,-114.4053
2019-12,Northwest Territories,Health care and social assistance [62],1900,A,62.4709,-114.4053
2020-01,Northwest Territories,Health care and social assistance [62],1889,B,62.4709,-114.4053
2020-02,Northwest Territories,Health care and social assistance [62],1855,B,62.4709,-114.4053
2020-03,Northwest Territories,Health care and social assistance [62],1857,B,62.4709,-114.4053
2020-04,Northwest Territories,Health care and social assistance [62],1737,B,62.4709,-114.4053
2020-05,Northwest Territories,Health care and social assistance [62],1719,B,62.4709,-114.4053
2020-06,Northwest Territories,Health care and social assistance [62],1769,A,62.4709,-114.4053
2020-07,Northwest Territories,Health care and social assistance [62],1829,B,62.4709,-114.4053
2020-08,Northwest Territories,Health care and social assistance [62],1822,B,62.4709,-114.4053
2020-09,Northwest Territories,Health care and social assistance [62],1902,A,62.4709,-114.4053
2020-10,Northwest Territories,Health care and social assistance [62],1926,A,62.4709,-114.4053
2020-11,Northwest Territories,Health care and social assistance [62],1890,A,62.4709,-114.4053
2020-12,Northwest Territories,Health care and social assistance [62],1893,A,62.4709,-114.4053
2021-01,Northwest Territories,Health care and social assistance [62],1919,B,62.4709,-114.4053
2021-02,Northwest Territories,Health care and social assistance [62],1943,A,62.4709,-114.4053
2021-03,Northwest Territories,Health care and social assistance [62],1951,A,62.4709,-114.4053
2021-04,Northwest Territories,Health care and social assistance [62],2045,A,62.4709,-114.4053
2021-05,Northwest Territories,Health care and social assistance [62],2000,B,62.4709,-114.4053
2021-06,Northwest Territories,Health care and social assistance [62],2009,B,62.4709,-114.4053
2021-07,Northwest Territories,Health care and social assistance [62],2001,B,62.4709,-114.4053
2021-08,Northwest Territories,Health care and social assistance [62],1985,B,62.4709,-114.4053
2021-09,Northwest Territories,Health care and social assistance [62],2004,B,62.4709,-114.4053
2021-10,Northwest Territories,Health care and social assistance [62],2041,A,62.4709,-114.4053
2021-11,Northwest Territories,Health care and social assistance [62],2052,B,62.4709,-114.4053
2021-12,Northwest Territories,Health care and social assistance [62],2001,B,62.4709,-114.4053
2022-01,Northwest Territories,Health care and social assistance [62],2074,B,62.4709,-114.4053
2022-02,Northwest Territories,Health care and social assistance [62],2102,B,62.4709,-114.4053
2022-03,Northwest Territories,Health care and social assistance [62],2180,B,62.4709,-114.4053
2022-04,Northwest Territories,Health care and social assistance [62],2167,B,62.4709,-114.4053
2022-05,Northwest Territories,Health care and social assistance [62],2166,B,62.4709,-114.4053
2022-06,Northwest Territories,Health care and social assistance [62],2246,B,62.4709,-114.4053
2022-07,Northwest Territories,Health care and social assistance [62],2267,C,62.4709,-114.4053
2022-08,Northwest Territories,Health care and social assistance [62],2250,B,62.4709,-114.4053
2022-09,Northwest Territories,Health care and social assistance [62],2260,B,62.4709,-114.4053
2022-10,Northwest Territories,Health care and social assistance [62],2337,B,62.4709,-114.4053
2022-11,Northwest Territories,Health care and social assistance [62],2279,C,62.4709,-114.4053
2022-12,Northwest Territories,Health care and social assistance [62],2359,A,62.4709,-114.4053
2023-01,Northwest Territories,Health care and social assistance [62],2336,A,62.4709,-114.4053
2023-02,Northwest Territories,Health care and social assistance [62],2350,B,62.4709,-114.4053
2023-03,Northwest Territories,Health care and social assistance [62],2374,A,62.4709,-114.4053
2023-04,Northwest Territories,Health care and social assistance [62],2459,B,62.4709,-114.4053
2023-05,Northwest Territories,Health care and social assistance [62],2367,B,62.4709,-114.4053
2023-06,Northwest Territories,Health care and social assistance [62],2443,B,62.4709,-114.4053
2023-07,Northwest Territories,Health care and social assistance [62],2356,B,62.4709,-114.4053
2023-08,Northwest Territories,Health care and social assistance [62],2415,B,62.4709,-114.4053
2023-09,Northwest Territories,Health care and social assistance [62],2196,B,62.4709,-114.4053
2023-10,Northwest Territories,Health care and social assistance [62],2226,A,62.4709,-114.4053
2023-11,Northwest Territories,Health care and social assistance [62],2261,B,62.4709,-114.4053
2023-12,Northwest Territories,Health care and social assistance [62],2320,A,62.4709,-114.4053
2024-01,Northwest Territories,Health care and social assistance [62],2246,B,62.4709,-114.4053
2024-02,Northwest Territories,Health care and social assistance [62],2255,B,62.4709,-114.4053
2018-01,Northwest Territories,"Arts, entertainment and recreation [71]",295,A,62.4709,-114.4053
2018-02,Northwest Territories,"Arts, entertainment and recreation [71]",249,A,62.4709,-114.4053
2018-03,Northwest Territories,"Arts, entertainment and recreation [71]",242,A,62.4709,-114.4053
2018-04,Northwest Territories,"Arts, entertainment and recreation [71]",245,A,62.4709,-114.4053
2018-05,Northwest Territories,"Arts, entertainment and recreation [71]",298,A,62.4709,-114.4053
2018-06,Northwest Territories,"Arts, entertainment and recreation [71]",320,A,62.4709,-114.4053
2018-07,Northwest Territories,"Arts, entertainment and recreation [71]",326,A,62.4709,-114.4053
2018-08,Northwest Territories,"Arts, entertainment and recreation [71]",311,A,62.4709,-114.4053
2018-09,Northwest Territories,"Arts, entertainment and recreation [71]",281,A,62.4709,-114.4053
2018-10,Northwest Territories,"Arts, entertainment and recreation [71]",248,A,62.4709,-114.4053
2018-11,Northwest Territories,"Arts, entertainment and recreation [71]",221,A,62.4709,-114.4053
2018-12,Northwest Territories,"Arts, entertainment and recreation [71]",240,A,62.4709,-114.4053
2019-01,Northwest Territories,"Arts, entertainment and recreation [71]",245,A,62.4709,-114.4053
2019-02,Northwest Territories,"Arts, entertainment and recreation [71]",253,A,62.4709,-114.4053
2019-03,Northwest Territories,"Arts, entertainment and recreation [71]",240,A,62.4709,-114.4053
2019-04,Northwest Territories,"Arts, entertainment and recreation [71]",241,A,62.4709,-114.4053
2019-05,Northwest Territories,"Arts, entertainment and recreation [71]",311,A,62.4709,-114.4053
2019-06,Northwest Territories,"Arts, entertainment and recreation [71]",322,A,62.4709,-114.4053
2019-07,Northwest Territories,"Arts, entertainment and recreation [71]",329,A,62.4709,-114.4053
2019-08,Northwest Territories,"Arts, entertainment and recreation [71]",358,A,62.4709,-114.4053
2019-09,Northwest Territories,"Arts, entertainment and recreation [71]",319,A,62.4709,-114.4053
2019-10,Northwest Territories,"Arts, entertainment and recreation [71]",267,A,62.4709,-114.4053
2019-11,Northwest Territories,"Arts, entertainment and recreation [71]",235,A,62.4709,-114.4053
2019-12,Northwest Territories,"Arts, entertainment and recreation [71]",258,A,62.4709,-114.4053
2020-01,Northwest Territories,"Arts, entertainment and recreation [71]",290,A,62.4709,-114.4053
2020-02,Northwest Territories,"Arts, entertainment and recreation [71]",283,C,62.4709,-114.4053
2020-03,Northwest Territories,"Arts, entertainment and recreation [71]",263,C,62.4709,-114.4053
2020-04,Northwest Territories,"Arts, entertainment and recreation [71]",195,D,62.4709,-114.4053
2020-05,Northwest Territories,"Arts, entertainment and recreation [71]",168,E,62.4709,-114.4053
2020-06,Northwest Territories,"Arts, entertainment and recreation [71]",240,B,62.4709,-114.4053
2020-07,Northwest Territories,"Arts, entertainment and recreation [71]",282,B,62.4709,-114.4053
2020-08,Northwest Territories,"Arts, entertainment and recreation [71]",261,B,62.4709,-114.4053
2020-09,Northwest Territories,"Arts, entertainment and recreation [71]",259,B,62.4709,-114.4053
2020-10,Northwest Territories,"Arts, entertainment and recreation [71]",231,B,62.4709,-114.4053
2020-11,Northwest Territories,"Arts, entertainment and recreation [71]",223,A,62.4709,-114.4053
2020-12,Northwest Territories,"Arts, entertainment and recreation [71]",210,B,62.4709,-114.4053
2021-01,Northwest Territories,"Arts, entertainment and recreation [71]",223,C,62.4709,-114.4053
2021-02,Northwest Territories,"Arts, entertainment and recreation [71]",242,C,62.4709,-114.4053
2021-03,Northwest Territories,"Arts, entertainment and recreation [71]",250,A,62.4709,-114.4053
2021-04,Northwest Territories,"Arts, entertainment and recreation [71]",228,E,62.4709,-114.4053
2021-05,Northwest Territories,"Arts, entertainment and recreation [71]",255,A,62.4709,-114.4053
2021-06,Northwest Territories,"Arts, entertainment and recreation [71]",282,C,62.4709,-114.4053
2021-07,Northwest Territories,"Arts, entertainment and recreation [71]",293,A,62.4709,-114.4053
2021-08,Northwest Territories,"Arts, entertainment and recreation [71]",328,A,62.4709,-114.4053
2021-09,Northwest Territories,"Arts, entertainment and recreation [71]",288,E,62.4709,-114.4053
2021-10,Northwest Territories,"Arts, entertainment and recreation [71]",238,E,62.4709,-114.4053
2021-11,Northwest Territories,"Arts, entertainment and recreation [71]",221,C,62.4709,-114.4053
2021-12,Northwest Territories,"Arts, entertainment and recreation [71]",226,B,62.4709,-114.4053
2022-01,Northwest Territories,"Arts, entertainment and recreation [71]",190,A,62.4709,-114.4053
2022-02,Northwest Territories,"Arts, entertainment and recreation [71]",202,A,62.4709,-114.4053
2022-03,Northwest Territories,"Arts, entertainment and recreation [71]",224,B,62.4709,-114.4053
2022-04,Northwest Territories,"Arts, entertainment and recreation [71]",241,B,62.4709,-114.4053
2022-05,Northwest Territories,"Arts, entertainment and recreation [71]",282,A,62.4709,-114.4053
2022-06,Northwest Territories,"Arts, entertainment and recreation [71]",318,C,62.4709,-114.4053
2022-07,Northwest Territories,"Arts, entertainment and recreation [71]",308,C,62.4709,-114.4053
2022-08,Northwest Territories,"Arts, entertainment and recreation [71]",280,B,62.4709,-114.4053
2022-09,Northwest Territories,"Arts, entertainment and recreation [71]",267,B,62.4709,-114.4053
2022-10,Northwest Territories,"Arts, entertainment and recreation [71]",253,B,62.4709,-114.4053
2022-11,Northwest Territories,"Arts, entertainment and recreation [71]",291,B,62.4709,-114.4053
2022-12,Northwest Territories,"Arts, entertainment and recreation [71]",291,B,62.4709,-114.4053
2023-01,Northwest Territories,"Arts, entertainment and recreation [71]",319,B,62.4709,-114.4053
2023-02,Northwest Territories,"Arts, entertainment and recreation [71]",321,B,62.4709,-114.4053
2023-03,Northwest Territories,"Arts, entertainment and recreation [71]",316,B,62.4709,-114.4053
2023-04,Northwest Territories,"Arts, entertainment and recreation [71]",322,B,62.4709,-114.4053
2023-05,Northwest Territories,"Arts, entertainment and recreation [71]",368,B,62.4709,-114.4053
2023-06,Northwest Territories,"Arts, entertainment and recreation [71]",413,A,62.4709,-114.4053
2023-07,Northwest Territories,"Arts, entertainment and recreation [71]",353,C,62.4709,-114.4053
2023-08,Northwest Territories,"Arts, entertainment and recreation [71]",297,C,62.4709,-114.4053
2023-09,Northwest Territories,"Arts, entertainment and recreation [71]",268,B,62.4709,-114.4053
2023-10,Northwest Territories,"Arts, entertainment and recreation [71]",253,A,62.4709,-114.4053
2023-11,Northwest Territories,"Arts, entertainment and recreation [71]",251,C,62.4709,-114.4053
2023-12,Northwest Territories,"Arts, entertainment and recreation [71]",262,B,62.4709,-114.4053
2024-01,Northwest Territories,"Arts, entertainment and recreation [71]",263,B,62.4709,-114.4053
2024-02,Northwest Territories,"Arts, entertainment and recreation [71]",264,C,62.4709,-114.4053
2018-01,Northwest Territories,Accommodation and food services [72],1844,A,62.4709,-114.4053
2018-02,Northwest Territories,Accommodation and food services [72],1851,A,62.4709,-114.4053
2018-03,Northwest Territories,Accommodation and food services [72],1817,A,62.4709,-114.4053
2018-04,Northwest Territories,Accommodation and food services [72],1901,A,62.4709,-114.4053
2018-05,Northwest Territories,Accommodation and food services [72],1952,A,62.4709,-114.4053
2018-06,Northwest Territories,Accommodation and food services [72],1800,A,62.4709,-114.4053
2018-07,Northwest Territories,Accommodation and food services [72],1910,A,62.4709,-114.4053
2018-08,Northwest Territories,Accommodation and food services [72],1846,A,62.4709,-114.4053
2018-09,Northwest Territories,Accommodation and food services [72],1802,A,62.4709,-114.4053
2018-10,Northwest Territories,Accommodation and food services [72],1827,A,62.4709,-114.4053
2018-11,Northwest Territories,Accommodation and food services [72],1710,A,62.4709,-114.4053
2018-12,Northwest Territories,Accommodation and food services [72],1742,A,62.4709,-114.4053
2019-01,Northwest Territories,Accommodation and food services [72],1763,A,62.4709,-114.4053
2019-02,Northwest Territories,Accommodation and food services [72],1824,A,62.4709,-114.4053
2019-03,Northwest Territories,Accommodation and food services [72],1774,A,62.4709,-114.4053
2019-04,Northwest Territories,Accommodation and food services [72],1827,A,62.4709,-114.4053
2019-05,Northwest Territories,Accommodation and food services [72],1802,A,62.4709,-114.4053
2019-06,Northwest Territories,Accommodation and food services [72],1893,A,62.4709,-114.4053
2019-07,Northwest Territories,Accommodation and food services [72],2114,A,62.4709,-114.4053
2019-08,Northwest Territories,Accommodation and food services [72],2012,A,62.4709,-114.4053
2019-09,Northwest Territories,Accommodation and food services [72],2077,B,62.4709,-114.4053
2019-10,Northwest Territories,Accommodation and food services [72],1967,B,62.4709,-114.4053
2019-11,Northwest Territories,Accommodation and food services [72],1962,B,62.4709,-114.4053
2019-12,Northwest Territories,Accommodation and food services [72],1817,B,62.4709,-114.4053
2020-01,Northwest Territories,Accommodation and food services [72],1716,B,62.4709,-114.4053
2020-02,Northwest Territories,Accommodation and food services [72],1679,B,62.4709,-114.4053
2020-03,Northwest Territories,Accommodation and food services [72],1428,B,62.4709,-114.4053
2020-04,Northwest Territories,Accommodation and food services [72],1148,C,62.4709,-114.4053
2020-05,Northwest Territories,Accommodation and food services [72],1002,B,62.4709,-114.4053
2020-06,Northwest Territories,Accommodation and food services [72],1077,D,62.4709,-114.4053
2020-07,Northwest Territories,Accommodation and food services [72],1284,B,62.4709,-114.4053
2020-08,Northwest Territories,Accommodation and food services [72],1313,B,62.4709,-114.4053
2020-09,Northwest Territories,Accommodation and food services [72],1373,B,62.4709,-114.4053
2020-10,Northwest Territories,Accommodation and food services [72],1435,B,62.4709,-114.4053
2020-11,Northwest Territories,Accommodation and food services [72],1385,B,62.4709,-114.4053
2020-12,Northwest Territories,Accommodation and food services [72],1315,B,62.4709,-114.4053
2021-01,Northwest Territories,Accommodation and food services [72],1327,B,62.4709,-114.4053
2021-02,Northwest Territories,Accommodation and food services [72],1184,B,62.4709,-114.4053
2021-03,Northwest Territories,Accommodation and food services [72],1394,B,62.4709,-114.4053
2021-04,Northwest Territories,Accommodation and food services [72],1437,B,62.4709,-114.4053
2021-05,Northwest Territories,Accommodation and food services [72],1238,B,62.4709,-114.4053
2021-06,Northwest Territories,Accommodation and food services [72],1310,B,62.4709,-114.4053
2021-07,Northwest Territories,Accommodation and food services [72],1351,C,62.4709,-114.4053
2021-08,Northwest Territories,Accommodation and food services [72],1349,B,62.4709,-114.4053
2021-09,Northwest Territories,Accommodation and food services [72],1530,B,62.4709,-114.4053
2021-10,Northwest Territories,Accommodation and food services [72],1491,B,62.4709,-114.4053
2021-11,Northwest Territories,Accommodation and food services [72],1436,A,62.4709,-114.4053
2021-12,Northwest Territories,Accommodation and food services [72],1438,B,62.4709,-114.4053
2022-01,Northwest Territories,Accommodation and food services [72],1420,B,62.4709,-114.4053
2022-02,Northwest Territories,Accommodation and food services [72],1331,B,62.4709,-114.4053
2022-03,Northwest Territories,Accommodation and food services [72],1344,B,62.4709,-114.4053
2022-04,Northwest Territories,Accommodation and food services [72],1423,B,62.4709,-114.4053
2022-05,Northwest Territories,Accommodation and food services [72],1420,B,62.4709,-114.4053
2022-06,Northwest Territories,Accommodation and food services [72],1479,E,62.4709,-114.4053
2022-07,Northwest Territories,Accommodation and food services [72],1502,C,62.4709,-114.4053
2022-08,Northwest Territories,Accommodation and food services [72],1456,B,62.4709,-114.4053
2022-09,Northwest Territories,Accommodation and food services [72],1494,B,62.4709,-114.4053
2022-10,Northwest Territories,Accommodation and food services [72],1618,B,62.4709,-114.4053
2022-11,Northwest Territories,Accommodation and food services [72],1640,C,62.4709,-114.4053
2022-12,Northwest Territories,Accommodation and food services [72],1563,C,62.4709,-114.4053
2023-01,Northwest Territories,Accommodation and food services [72],1843,C,62.4709,-114.4053
2023-02,Northwest Territories,Accommodation and food services [72],1821,B,62.4709,-114.4053
2023-03,Northwest Territories,Accommodation and food services [72],1797,C,62.4709,-114.4053
2023-04,Northwest Territories,Accommodation and food services [72],1738,C,62.4709,-114.4053
2023-05,Northwest Territories,Accommodation and food services [72],1810,B,62.4709,-114.4053
2023-06,Northwest Territories,Accommodation and food services [72],1827,B,62.4709,-114.4053
2023-07,Northwest Territories,Accommodation and food services [72],1916,B,62.4709,-114.4053
2023-08,Northwest Territories,Accommodation and food services [72],1812,B,62.4709,-114.4053
2023-09,Northwest Territories,Accommodation and food services [72],1529,A,62.4709,-114.4053
2023-10,Northwest Territories,Accommodation and food services [72],1752,B,62.4709,-114.4053
2023-11,Northwest Territories,Accommodation and food services [72],1769,B,62.4709,-114.4053
2023-12,Northwest Territories,Accommodation and food services [72],1753,B,62.4709,-114.4053
2024-01,Northwest Territories,Accommodation and food services [72],1871,B,62.4709,-114.4053
2024-02,Northwest Territories,Accommodation and food services [72],1896,B,62.4709,-114.4053
2018-01,Northwest Territories,Other services (except public administration) [81],813,A,62.4709,-114.4053
2018-02,Northwest Territories,Other services (except public administration) [81],811,A,62.4709,-114.4053
2018-03,Northwest Territories,Other services (except public administration) [81],829,A,62.4709,-114.4053
2018-04,Northwest Territories,Other services (except public administration) [81],770,A,62.4709,-114.4053
2018-05,Northwest Territories,Other services (except public administration) [81],788,A,62.4709,-114.4053
2018-06,Northwest Territories,Other services (except public administration) [81],816,A,62.4709,-114.4053
2018-07,Northwest Territories,Other services (except public administration) [81],885,A,62.4709,-114.4053
2018-08,Northwest Territories,Other services (except public administration) [81],912,A,62.4709,-114.4053
2018-09,Northwest Territories,Other services (except public administration) [81],821,A,62.4709,-114.4053
2018-10,Northwest Territories,Other services (except public administration) [81],854,A,62.4709,-114.4053
2018-11,Northwest Territories,Other services (except public administration) [81],850,A,62.4709,-114.4053
2018-12,Northwest Territories,Other services (except public administration) [81],850,A,62.4709,-114.4053
2019-01,Northwest Territories,Other services (except public administration) [81],847,A,62.4709,-114.4053
2019-02,Northwest Territories,Other services (except public administration) [81],883,A,62.4709,-114.4053
2019-03,Northwest Territories,Other services (except public administration) [81],947,A,62.4709,-114.4053
2019-04,Northwest Territories,Other services (except public administration) [81],856,A,62.4709,-114.4053
2019-05,Northwest Territories,Other services (except public administration) [81],845,A,62.4709,-114.4053
2019-06,Northwest Territories,Other services (except public administration) [81],861,A,62.4709,-114.4053
2019-07,Northwest Territories,Other services (except public administration) [81],926,A,62.4709,-114.4053
2019-08,Northwest Territories,Other services (except public administration) [81],980,A,62.4709,-114.4053
2019-09,Northwest Territories,Other services (except public administration) [81],911,E,62.4709,-114.4053
2019-10,Northwest Territories,Other services (except public administration) [81],883,A,62.4709,-114.4053
2019-11,Northwest Territories,Other services (except public administration) [81],998,A,62.4709,-114.4053
2019-12,Northwest Territories,Other services (except public administration) [81],897,B,62.4709,-114.4053
2020-01,Northwest Territories,Other services (except public administration) [81],921,A,62.4709,-114.4053
2020-02,Northwest Territories,Other services (except public administration) [81],901,B,62.4709,-114.4053
2020-03,Northwest Territories,Other services (except public administration) [81],850,A,62.4709,-114.4053
2020-04,Northwest Territories,Other services (except public administration) [81],687,A,62.4709,-114.4053
2020-05,Northwest Territories,Other services (except public administration) [81],682,B,62.4709,-114.4053
2020-06,Northwest Territories,Other services (except public administration) [81],788,B,62.4709,-114.4053
2020-07,Northwest Territories,Other services (except public administration) [81],820,B,62.4709,-114.4053
2020-08,Northwest Territories,Other services (except public administration) [81],844,B,62.4709,-114.4053
2020-09,Northwest Territories,Other services (except public administration) [81],865,B,62.4709,-114.4053
2020-10,Northwest Territories,Other services (except public administration) [81],879,B,62.4709,-114.4053
2020-11,Northwest Territories,Other services (except public administration) [81],901,B,62.4709,-114.4053
2020-12,Northwest Territories,Other services (except public administration) [81],870,A,62.4709,-114.4053
2021-01,Northwest Territories,Other services (except public administration) [81],931,A,62.4709,-114.4053
2021-02,Northwest Territories,Other services (except public administration) [81],967,A,62.4709,-114.4053
2021-03,Northwest Territories,Other services (except public administration) [81],997,B,62.4709,-114.4053
2021-04,Northwest Territories,Other services (except public administration) [81],891,B,62.4709,-114.4053
2021-05,Northwest Territories,Other services (except public administration) [81],899,B,62.4709,-114.4053
2021-06,Northwest Territories,Other services (except public administration) [81],936,B,62.4709,-114.4053
2021-07,Northwest Territories,Other services (except public administration) [81],930,B,62.4709,-114.4053
2021-08,Northwest Territories,Other services (except public administration) [81],1038,B,62.4709,-114.4053
2021-09,Northwest Territories,Other services (except public administration) [81],929,A,62.4709,-114.4053
2021-10,Northwest Territories,Other services (except public administration) [81],938,A,62.4709,-114.4053
2021-11,Northwest Territories,Other services (except public administration) [81],895,B,62.4709,-114.4053
2021-12,Northwest Territories,Other services (except public administration) [81],936,A,62.4709,-114.4053
2022-01,Northwest Territories,Other services (except public administration) [81],879,A,62.4709,-114.4053
2022-02,Northwest Territories,Other services (except public administration) [81],930,B,62.4709,-114.4053
2022-03,Northwest Territories,Other services (except public administration) [81],955,B,62.4709,-114.4053
2022-04,Northwest Territories,Other services (except public administration) [81],895,B,62.4709,-114.4053
2022-05,Northwest Territories,Other services (except public administration) [81],840,B,62.4709,-114.4053
2022-06,Northwest Territories,Other services (except public administration) [81],929,C,62.4709,-114.4053
2022-07,Northwest Territories,Other services (except public administration) [81],977,B,62.4709,-114.4053
2022-08,Northwest Territories,Other services (except public administration) [81],900,B,62.4709,-114.4053
2022-09,Northwest Territories,Other services (except public administration) [81],902,B,62.4709,-114.4053
2022-10,Northwest Territories,Other services (except public administration) [81],872,B,62.4709,-114.4053
2022-11,Northwest Territories,Other services (except public administration) [81],807,B,62.4709,-114.4053
2022-12,Northwest Territories,Other services (except public administration) [81],831,B,62.4709,-114.4053
2023-01,Northwest Territories,Other services (except public administration) [81],785,B,62.4709,-114.4053
2023-02,Northwest Territories,Other services (except public administration) [81],791,B,62.4709,-114.4053
2023-03,Northwest Territories,Other services (except public administration) [81],882,B,62.4709,-114.4053
2023-04,Northwest Territories,Other services (except public administration) [81],841,B,62.4709,-114.4053
2023-05,Northwest Territories,Other services (except public administration) [81],846,B,62.4709,-114.4053
2023-06,Northwest Territories,Other services (except public administration) [81],931,B,62.4709,-114.4053
2023-07,Northwest Territories,Other services (except public administration) [81],877,B,62.4709,-114.4053
2023-08,Northwest Territories,Other services (except public administration) [81],763,B,62.4709,-114.4053
2023-09,Northwest Territories,Other services (except public administration) [81],788,B,62.4709,-114.4053
2023-10,Northwest Territories,Other services (except public administration) [81],753,B,62.4709,-114.4053
2023-11,Northwest Territories,Other services (except public administration) [81],801,B,62.4709,-114.4053
2023-12,Northwest Territories,Other services (except public administration) [81],817,A,62.4709,-114.4053
2024-01,Northwest Territories,Other services (except public administration) [81],742,B,62.4709,-114.4053
2024-02,Northwest Territories,Other services (except public administration) [81],754,A,62.4709,-114.4053
2018-01,Northwest Territories,Public administration [91],6431,A,62.4709,-114.4053
2018-02,Northwest Territories,Public administration [91],6661,A,62.4709,-114.4053
2018-03,Northwest Territories,Public administration [91],6706,A,62.4709,-114.4053
2018-04,Northwest Territories,Public administration [91],6748,A,62.4709,-114.4053
2018-05,Northwest Territories,Public administration [91],6935,A,62.4709,-114.4053
2018-06,Northwest Territories,Public administration [91],7290,A,62.4709,-114.4053
2018-07,Northwest Territories,Public administration [91],7522,A,62.4709,-114.4053
2018-08,Northwest Territories,Public administration [91],7543,A,62.4709,-114.4053
2018-09,Northwest Territories,Public administration [91],6927,A,62.4709,-114.4053
2018-10,Northwest Territories,Public administration [91],6763,A,62.4709,-114.4053
2018-11,Northwest Territories,Public administration [91],6865,A,62.4709,-114.4053
2018-12,Northwest Territories,Public administration [91],6912,A,62.4709,-114.4053
2019-01,Northwest Territories,Public administration [91],6781,A,62.4709,-114.4053
2019-02,Northwest Territories,Public administration [91],6896,A,62.4709,-114.4053
2019-03,Northwest Territories,Public administration [91],7133,A,62.4709,-114.4053
2019-04,Northwest Territories,Public administration [91],6674,A,62.4709,-114.4053
2019-05,Northwest Territories,Public administration [91],7234,A,62.4709,-114.4053
2019-06,Northwest Territories,Public administration [91],7665,A,62.4709,-114.4053
2019-07,Northwest Territories,Public administration [91],7781,A,62.4709,-114.4053
2019-08,Northwest Territories,Public administration [91],7805,A,62.4709,-114.4053
2019-09,Northwest Territories,Public administration [91],6823,C,62.4709,-114.4053
2019-10,Northwest Territories,Public administration [91],6768,B,62.4709,-114.4053
2019-11,Northwest Territories,Public administration [91],6715,C,62.4709,-114.4053
2019-12,Northwest Territories,Public administration [91],6896,B,62.4709,-114.4053
2020-01,Northwest Territories,Public administration [91],7336,B,62.4709,-114.4053
2020-02,Northwest Territories,Public administration [91],7262,B,62.4709,-114.4053
2020-03,Northwest Territories,Public administration [91],7251,B,62.4709,-114.4053
2020-04,Northwest Territories,Public administration [91],6652,B,62.4709,-114.4053
2020-05,Northwest Territories,Public administration [91],6901,C,62.4709,-114.4053
2020-06,Northwest Territories,Public administration [91],6946,C,62.4709,-114.4053
2020-07,Northwest Territories,Public administration [91],7375,B,62.4709,-114.4053
2020-08,Northwest Territories,Public administration [91],7462,A,62.4709,-114.4053
2020-09,Northwest Territories,Public administration [91],7339,A,62.4709,-114.4053
2020-10,Northwest Territories,Public administration [91],7246,B,62.4709,-114.4053
2020-11,Northwest Territories,Public administration [91],7318,C,62.4709,-114.4053
2020-12,Northwest Territories,Public administration [91],7562,C,62.4709,-114.4053
2021-01,Northwest Territories,Public administration [91],7249,B,62.4709,-114.4053
2021-02,Northwest Territories,Public administration [91],7391,B,62.4709,-114.4053
2021-03,Northwest Territories,Public administration [91],7464,B,62.4709,-114.4053
2021-04,Northwest Territories,Public administration [91],7460,B,62.4709,-114.4053
2021-05,Northwest Territories,Public administration [91],7621,B,62.4709,-114.4053
2021-06,Northwest Territories,Public administration [91],7977,B,62.4709,-114.4053
2021-07,Northwest Territories,Public administration [91],7909,B,62.4709,-114.4053
2021-08,Northwest Territories,Public administration [91],8113,B,62.4709,-114.4053
2021-09,Northwest Territories,Public administration [91],7523,B,62.4709,-114.4053
2021-10,Northwest Territories,Public administration [91],7405,A,62.4709,-114.4053
2021-11,Northwest Territories,Public administration [91],7565,B,62.4709,-114.4053
2021-12,Northwest Territories,Public administration [91],7573,B,62.4709,-114.4053
2022-01,Northwest Territories,Public administration [91],7394,B,62.4709,-114.4053
2022-02,Northwest Territories,Public administration [91],7480,B,62.4709,-114.4053
2022-03,Northwest Territories,Public administration [91],7538,B,62.4709,-114.4053
2022-04,Northwest Territories,Public administration [91],7647,B,62.4709,-114.4053
2022-05,Northwest Territories,Public administration [91],7791,B,62.4709,-114.4053
2022-06,Northwest Territories,Public administration [91],8177,C,62.4709,-114.4053
2022-07,Northwest Territories,Public administration [91],8118,C,62.4709,-114.4053
2022-08,Northwest Territories,Public administration [91],8112,C,62.4709,-114.4053
2022-09,Northwest Territories,Public administration [91],7740,B,62.4709,-114.4053
2022-10,Northwest Territories,Public administration [91],7646,C,62.4709,-114.4053
2022-11,Northwest Territories,Public administration [91],7642,C,62.4709,-114.4053
2022-12,Northwest Territories,Public administration [91],8144,C,62.4709,-114.4053
2023-01,Northwest Territories,Public administration [91],8096,C,62.4709,-114.4053
2023-02,Northwest Territories,Public administration [91],8172,C,62.4709,-114.4053
2023-03,Northwest Territories,Public administration [91],8343,C,62.4709,-114.4053
2023-04,Northwest Territories,Public administration [91],7826,C,62.4709,-114.4053
2023-05,Northwest Territories,Public administration [91],7982,C,62.4709,-114.4053
2023-06,Northwest Territories,Public administration [91],7919,C,62.4709,-114.4053
2023-07,Northwest Territories,Public administration [91],7964,E,62.4709,-114.4053
2023-08,Northwest Territories,Public administration [91],8077,C,62.4709,-114.4053
2023-09,Northwest Territories,Public administration [91],7551,C,62.4709,-114.4053
2023-10,Northwest Territories,Public administration [91],7340,C,62.4709,-114.4053
2023-11,Northwest Territories,Public administration [91],7449,C,62.4709,-114.4053
2023-12,Northwest Territories,Public administration [91],7443,C,62.4709,-114.4053
2024-01,Northwest Territories,Public administration [91],7439,B,62.4709,-114.4053
2024-02,Northwest Territories,Public administration [91],7394,C,62.4709,-114.4053
2018-01,Northwest Territories,Unclassified businesses [00],193,A,62.4709,-114.4053
2018-02,Northwest Territories,Unclassified businesses [00],188,A,62.4709,-114.4053
2018-03,Northwest Territories,Unclassified businesses [00],208,A,62.4709,-114.4053
2018-04,Northwest Territories,Unclassified businesses [00],262,A,62.4709,-114.4053
2018-05,Northwest Territories,Unclassified businesses [00],263,A,62.4709,-114.4053
2018-06,Northwest Territories,Unclassified businesses [00],288,A,62.4709,-114.4053
2018-07,Northwest Territories,Unclassified businesses [00],242,A,62.4709,-114.4053
2018-08,Northwest Territories,Unclassified businesses [00],223,A,62.4709,-114.4053
2018-09,Northwest Territories,Unclassified businesses [00],228,A,62.4709,-114.4053
2018-10,Northwest Territories,Unclassified businesses [00],231,A,62.4709,-114.4053
2018-11,Northwest Territories,Unclassified businesses [00],201,A,62.4709,-114.4053
2018-12,Northwest Territories,Unclassified businesses [00],154,A,62.4709,-114.4053
2019-01,Northwest Territories,Unclassified businesses [00],171,A,62.4709,-114.4053
2019-02,Northwest Territories,Unclassified businesses [00],168,A,62.4709,-114.4053
2019-03,Northwest Territories,Unclassified businesses [00],220,A,62.4709,-114.4053
2019-04,Northwest Territories,Unclassified businesses [00],163,B,62.4709,-114.4053
2019-05,Northwest Territories,Unclassified businesses [00],150,B,62.4709,-114.4053
2019-06,Northwest Territories,Unclassified businesses [00],172,A,62.4709,-114.4053
2019-07,Northwest Territories,Unclassified businesses [00],154,B,62.4709,-114.4053
2019-08,Northwest Territories,Unclassified businesses [00],190,B,62.4709,-114.4053
2019-09,Northwest Territories,Unclassified businesses [00],148,C,62.4709,-114.4053
2019-10,Northwest Territories,Unclassified businesses [00],166,C,62.4709,-114.4053
2019-11,Northwest Territories,Unclassified businesses [00],141,B,62.4709,-114.4053
2019-12,Northwest Territories,Unclassified businesses [00],159,B,62.4709,-114.4053
2020-01,Northwest Territories,Unclassified businesses [00],146,C,62.4709,-114.4053
2020-02,Northwest Territories,Unclassified businesses [00],195,B,62.4709,-114.4053
2020-03,Northwest Territories,Unclassified businesses [00],214,B,62.4709,-114.4053
2020-04,Northwest Territories,Unclassified businesses [00],178,C,62.4709,-114.4053
2020-05,Northwest Territories,Unclassified businesses [00],184,B,62.4709,-114.4053
2020-06,Northwest Territories,Unclassified businesses [00],197,B,62.4709,-114.4053
2020-07,Northwest Territories,Unclassified businesses [00],194,B,62.4709,-114.4053
2020-08,Northwest Territories,Unclassified businesses [00],225,B,62.4709,-114.4053
2020-09,Northwest Territories,Unclassified businesses [00],275,B,62.4709,-114.4053
2020-10,Northwest Territories,Unclassified businesses [00],250,B,62.4709,-114.4053
2020-11,Northwest Territories,Unclassified businesses [00],210,B,62.4709,-114.4053
2020-12,Northwest Territories,Unclassified businesses [00],201,B,62.4709,-114.4053
2021-01,Northwest Territories,Unclassified businesses [00],262,D,62.4709,-114.4053
2021-02,Northwest Territories,Unclassified businesses [00],259,A,62.4709,-114.4053
2021-03,Northwest Territories,Unclassified businesses [00],252,B,62.4709,-114.4053
2021-04,Northwest Territories,Unclassified businesses [00],216,B,62.4709,-114.4053
2021-05,Northwest Territories,Unclassified businesses [00],234,B,62.4709,-114.4053
2021-06,Northwest Territories,Unclassified businesses [00],190,B,62.4709,-114.4053
2021-07,Northwest Territories,Unclassified businesses [00],261,B,62.4709,-114.4053
2021-08,Northwest Territories,Unclassified businesses [00],275,B,62.4709,-114.4053
2021-09,Northwest Territories,Unclassified businesses [00],237,B,62.4709,-114.4053
2021-10,Northwest Territories,Unclassified businesses [00],230,A,62.4709,-114.4053
2021-11,Northwest Territories,Unclassified businesses [00],227,B,62.4709,-114.4053
2021-12,Northwest Territories,Unclassified businesses [00],266,B,62.4709,-114.4053
2022-01,Northwest Territories,Unclassified businesses [00],331,B,62.4709,-114.4053
2022-02,Northwest Territories,Unclassified businesses [00],347,B,62.4709,-114.4053
2022-03,Northwest Territories,Unclassified businesses [00],380,B,62.4709,-114.4053
2022-04,Northwest Territories,Unclassified businesses [00],323,B,62.4709,-114.4053
2022-05,Northwest Territories,Unclassified businesses [00],240,B,62.4709,-114.4053
2022-06,Northwest Territories,Unclassified businesses [00],302,C,62.4709,-114.4053
2022-07,Northwest Territories,Unclassified businesses [00],349,B,62.4709,-114.4053
2022-08,Northwest Territories,Unclassified businesses [00],363,B,62.4709,-114.4053
2022-09,Northwest Territories,Unclassified businesses [00],379,B,62.4709,-114.4053
2022-10,Northwest Territories,Unclassified businesses [00],364,B,62.4709,-114.4053
2022-11,Northwest Territories,Unclassified businesses [00],433,C,62.4709,-114.4053
2022-12,Northwest Territories,Unclassified businesses [00],433,B,62.4709,-114.4053
2023-01,Northwest Territories,Unclassified businesses [00],463,B,62.4709,-114.4053
2023-02,Northwest Territories,Unclassified businesses [00],538,B,62.4709,-114.4053
2023-03,Northwest Territories,Unclassified businesses [00],578,B,62.4709,-114.4053
2023-04,Northwest Territories,Unclassified businesses [00],523,B,62.4709,-114.4053
2023-05,Northwest Territories,Unclassified businesses [00],546,B,62.4709,-114.4053
2023-06,Northwest Territories,Unclassified businesses [00],598,B,62.4709,-114.4053
2023-07,Northwest Territories,Unclassified businesses [00],540,B,62.4709,-114.4053
2023-08,Northwest Territories,Unclassified businesses [00],594,B,62.4709,-114.4053
2023-09,Northwest Territories,Unclassified businesses [00],455,B,62.4709,-114.4053
2023-10,Northwest Territories,Unclassified businesses [00],511,B,62.4709,-114.4053
2023-11,Northwest Territories,Unclassified businesses [00],589,B,62.4709,-114.4053
2023-12,Northwest Territories,Unclassified businesses [00],578,B,62.4709,-114.4053
2024-01,Northwest Territories,Unclassified businesses [00],646,B,62.4709,-114.4053
2024-02,Northwest Territories,Unclassified businesses [00],633,B,62.4709,-114.4053
2018-01,Nunavut,Goods producing industries [11-33N],1972,A,63.7598,-68.5107
2018-02,Nunavut,Goods producing industries [11-33N],1932,A,63.7598,-68.5107
2018-03,Nunavut,Goods producing industries [11-33N],2016,A,63.7598,-68.5107
2018-04,Nunavut,Goods producing industries [11-33N],2058,A,63.7598,-68.5107
2018-05,Nunavut,Goods producing industries [11-33N],2188,A,63.7598,-68.5107
2018-06,Nunavut,Goods producing industries [11-33N],2455,A,63.7598,-68.5107
2018-07,Nunavut,Goods producing industries [11-33N],2646,A,63.7598,-68.5107
2018-08,Nunavut,Goods producing industries [11-33N],2766,A,63.7598,-68.5107
2018-09,Nunavut,Goods producing industries [11-33N],2809,A,63.7598,-68.5107
2018-10,Nunavut,Goods producing industries [11-33N],2780,A,63.7598,-68.5107
2018-11,Nunavut,Goods producing industries [11-33N],2852,A,63.7598,-68.5107
2018-12,Nunavut,Goods producing industries [11-33N],2667,A,63.7598,-68.5107
2019-01,Nunavut,Goods producing industries [11-33N],2182,A,63.7598,-68.5107
2019-02,Nunavut,Goods producing industries [11-33N],2288,A,63.7598,-68.5107
2019-03,Nunavut,Goods producing industries [11-33N],2235,A,63.7598,-68.5107
2019-04,Nunavut,Goods producing industries [11-33N],2308,A,63.7598,-68.5107
2019-05,Nunavut,Goods producing industries [11-33N],2472,A,63.7598,-68.5107
2019-06,Nunavut,Goods producing industries [11-33N],3233,A,63.7598,-68.5107
2019-07,Nunavut,Goods producing industries [11-33N],3396,A,63.7598,-68.5107
2019-08,Nunavut,Goods producing industries [11-33N],3515,A,63.7598,-68.5107
2019-09,Nunavut,Goods producing industries [11-33N],4286,C,63.7598,-68.5107
2019-10,Nunavut,Goods producing industries [11-33N],4531,B,63.7598,-68.5107
2019-11,Nunavut,Goods producing industries [11-33N],4400,B,63.7598,-68.5107
2019-12,Nunavut,Goods producing industries [11-33N],4277,B,63.7598,-68.5107
2020-01,Nunavut,Goods producing industries [11-33N],3859,B,63.7598,-68.5107
2020-02,Nunavut,Goods producing industries [11-33N],3699,B,63.7598,-68.5107
2020-03,Nunavut,Goods producing industries [11-33N],3514,B,63.7598,-68.5107
2020-04,Nunavut,Goods producing industries [11-33N],3328,B,63.7598,-68.5107
2020-05,Nunavut,Goods producing industries [11-33N],3233,B,63.7598,-68.5107
2020-06,Nunavut,Goods producing industries [11-33N],3526,B,63.7598,-68.5107
2020-07,Nunavut,Goods producing industries [11-33N],3857,B,63.7598,-68.5107
2020-08,Nunavut,Goods producing industries [11-33N],4023,B,63.7598,-68.5107
2020-09,Nunavut,Goods producing industries [11-33N],4147,B,63.7598,-68.5107
2020-10,Nunavut,Goods producing industries [11-33N],4008,B,63.7598,-68.5107
2020-11,Nunavut,Goods producing industries [11-33N],4050,B,63.7598,-68.5107
2020-12,Nunavut,Goods producing industries [11-33N],3997,B,63.7598,-68.5107
2021-01,Nunavut,Goods producing industries [11-33N],3527,B,63.7598,-68.5107
2021-02,Nunavut,Goods producing industries [11-33N],3844,A,63.7598,-68.5107
2021-03,Nunavut,Goods producing industries [11-33N],3761,B,63.7598,-68.5107
2021-04,Nunavut,Goods producing industries [11-33N],3835,B,63.7598,-68.5107
2021-05,Nunavut,Goods producing industries [11-33N],4047,B,63.7598,-68.5107
2021-06,Nunavut,Goods producing industries [11-33N],3907,A,63.7598,-68.5107
2021-07,Nunavut,Goods producing industries [11-33N],4058,A,63.7598,-68.5107
2021-08,Nunavut,Goods producing industries [11-33N],4149,A,63.7598,-68.5107
2021-09,Nunavut,Goods producing industries [11-33N],4159,B,63.7598,-68.5107
2021-10,Nunavut,Goods producing industries [11-33N],4046,A,63.7598,-68.5107
2021-11,Nunavut,Goods producing industries [11-33N],4934,A,63.7598,-68.5107
2021-12,Nunavut,Goods producing industries [11-33N],4805,A,63.7598,-68.5107
2022-01,Nunavut,Goods producing industries [11-33N],4484,B,63.7598,-68.5107
2022-02,Nunavut,Goods producing industries [11-33N],4571,B,63.7598,-68.5107
2022-03,Nunavut,Goods producing industries [11-33N],4520,B,63.7598,-68.5107
2022-04,Nunavut,Goods producing industries [11-33N],4576,B,63.7598,-68.5107
2022-05,Nunavut,Goods producing industries [11-33N],4627,A,63.7598,-68.5107
2022-06,Nunavut,Goods producing industries [11-33N],4803,C,63.7598,-68.5107
2022-07,Nunavut,Goods producing industries [11-33N],4856,B,63.7598,-68.5107
2022-08,Nunavut,Goods producing industries [11-33N],4875,A,63.7598,-68.5107
2022-09,Nunavut,Goods producing industries [11-33N],4826,B,63.7598,-68.5107
2022-10,Nunavut,Goods producing industries [11-33N],4763,B,63.7598,-68.5107
2022-11,Nunavut,Goods producing industries [11-33N],4741,B,63.7598,-68.5107
2022-12,Nunavut,Goods producing industries [11-33N],4598,A,63.7598,-68.5107
2023-01,Nunavut,Goods producing industries [11-33N],4476,A,63.7598,-68.5107
2023-02,Nunavut,Goods producing industries [11-33N],4545,B,63.7598,-68.5107
2023-03,Nunavut,Goods producing industries [11-33N],4684,B,63.7598,-68.5107
2023-04,Nunavut,Goods producing industries [11-33N],4357,A,63.7598,-68.5107
2023-05,Nunavut,Goods producing industries [11-33N],4420,B,63.7598,-68.5107
2023-06,Nunavut,Goods producing industries [11-33N],4743,B,63.7598,-68.5107
2023-07,Nunavut,Goods producing industries [11-33N],4917,B,63.7598,-68.5107
2023-08,Nunavut,Goods producing industries [11-33N],4732,B,63.7598,-68.5107
2023-09,Nunavut,Goods producing industries [11-33N],4586,B,63.7598,-68.5107
2023-10,Nunavut,Goods producing industries [11-33N],4647,B,63.7598,-68.5107
2023-11,Nunavut,Goods producing industries [11-33N],4629,B,63.7598,-68.5107
2023-12,Nunavut,Goods producing industries [11-33N],4365,B,63.7598,-68.5107
2024-01,Nunavut,Goods producing industries [11-33N],4186,B,63.7598,-68.5107
2024-02,Nunavut,Goods producing industries [11-33N],4835,C,63.7598,-68.5107
2018-01,Nunavut,"Forestry, logging and support [11N]",,x,63.7598,-68.5107
2018-02,Nunavut,"Forestry, logging and support [11N]",,x,63.7598,-68.5107
2018-03,Nunavut,"Forestry, logging and support [11N]",,x,63.7598,-68.5107
2018-04,Nunavut,"Forestry, logging and support [11N]",,x,63.7598,-68.5107
2018-05,Nunavut,"Forestry, logging and support [11N]",,x,63.7598,-68.5107
2018-06,Nunavut,"Forestry, logging and support [11N]",,x,63.7598,-68.5107
2018-07,Nunavut,"Forestry, logging and support [11N]",,x,63.7598,-68.5107
2018-08,Nunavut,"Forestry, logging and support [11N]",,x,63.7598,-68.5107
2018-09,Nunavut,"Forestry, logging and support [11N]",,x,63.7598,-68.5107
2018-10,Nunavut,"Forestry, logging and support [11N]",,x,63.7598,-68.5107
2018-11,Nunavut,"Forestry, logging and support [11N]",,x,63.7598,-68.5107
2018-12,Nunavut,"Forestry, logging and support [11N]",,x,63.7598,-68.5107
2019-01,Nunavut,"Forestry, logging and support [11N]",,x,63.7598,-68.5107
2019-02,Nunavut,"Forestry, logging and support [11N]",,x,63.7598,-68.5107
2019-03,Nunavut,"Forestry, logging and support [11N]",,x,63.7598,-68.5107
2019-04,Nunavut,"Forestry, logging and support [11N]",,x,63.7598,-68.5107
2019-05,Nunavut,"Forestry, logging and support [11N]",,x,63.7598,-68.5107
2019-06,Nunavut,"Forestry, logging and support [11N]",,x,63.7598,-68.5107
2019-07,Nunavut,"Forestry, logging and support [11N]",,x,63.7598,-68.5107
2019-08,Nunavut,"Forestry, logging and support [11N]",,x,63.7598,-68.5107
2019-09,Nunavut,"Forestry, logging and support [11N]",,x,63.7598,-68.5107
2019-10,Nunavut,"Forestry, logging and support [11N]",,x,63.7598,-68.5107
2019-11,Nunavut,"Forestry, logging and support [11N]",,x,63.7598,-68.5107
2019-12,Nunavut,"Forestry, logging and support [11N]",,x,63.7598,-68.5107
2020-01,Nunavut,"Forestry, logging and support [11N]",,x,63.7598,-68.5107
2020-02,Nunavut,"Forestry, logging and support [11N]",,x,63.7598,-68.5107
2020-03,Nunavut,"Forestry, logging and support [11N]",,x,63.7598,-68.5107
2020-04,Nunavut,"Forestry, logging and support [11N]",,x,63.7598,-68.5107
2020-05,Nunavut,"Forestry, logging and support [11N]",,x,63.7598,-68.5107
2020-06,Nunavut,"Forestry, logging and support [11N]",,x,63.7598,-68.5107
2020-07,Nunavut,"Forestry, logging and support [11N]",,x,63.7598,-68.5107
2020-08,Nunavut,"Forestry, logging and support [11N]",,x,63.7598,-68.5107
2020-09,Nunavut,"Forestry, logging and support [11N]",,x,63.7598,-68.5107
2020-10,Nunavut,"Forestry, logging and support [11N]",,x,63.7598,-68.5107
2020-11,Nunavut,"Forestry, logging and support [11N]",,x,63.7598,-68.5107
2020-12,Nunavut,"Forestry, logging and support [11N]",,x,63.7598,-68.5107
2021-01,Nunavut,"Forestry, logging and support [11N]",,x,63.7598,-68.5107
2021-02,Nunavut,"Forestry, logging and support [11N]",,x,63.7598,-68.5107
2021-03,Nunavut,"Forestry, logging and support [11N]",,x,63.7598,-68.5107
2021-04,Nunavut,"Forestry, logging and support [11N]",,x,63.7598,-68.5107
2021-05,Nunavut,"Forestry, logging and support [11N]",,x,63.7598,-68.5107
2021-06,Nunavut,"Forestry, logging and support [11N]",,x,63.7598,-68.5107
2021-07,Nunavut,"Forestry, logging and support [11N]",,x,63.7598,-68.5107
2021-08,Nunavut,"Forestry, logging and support [11N]",,x,63.7598,-68.5107
2021-09,Nunavut,"Forestry, logging and support [11N]",,x,63.7598,-68.5107
2021-10,Nunavut,"Forestry, logging and support [11N]",,x,63.7598,-68.5107
2021-11,Nunavut,"Forestry, logging and support [11N]",,x,63.7598,-68.5107
2021-12,Nunavut,"Forestry, logging and support [11N]",,x,63.7598,-68.5107
2022-01,Nunavut,"Forestry, logging and support [11N]",,x,63.7598,-68.5107
2022-02,Nunavut,"Forestry, logging and support [11N]",,x,63.7598,-68.5107
2022-03,Nunavut,"Forestry, logging and support [11N]",,x,63.7598,-68.5107
2022-04,Nunavut,"Forestry, logging and support [11N]",,x,63.7598,-68.5107
2022-05,Nunavut,"Forestry, logging and support [11N]",,x,63.7598,-68.5107
2022-06,Nunavut,"Forestry, logging and support [11N]",,x,63.7598,-68.5107
2022-07,Nunavut,"Forestry, logging and support [11N]",,x,63.7598,-68.5107
2022-08,Nunavut,"Forestry, logging and support [11N]",,x,63.7598,-68.5107
2022-09,Nunavut,"Forestry, logging and support [11N]",,x,63.7598,-68.5107
2022-10,Nunavut,"Forestry, logging and support [11N]",,x,63.7598,-68.5107
2022-11,Nunavut,"Forestry, logging and support [11N]",,x,63.7598,-68.5107
2022-12,Nunavut,"Forestry, logging and support [11N]",,x,63.7598,-68.5107
2023-01,Nunavut,"Forestry, logging and support [11N]",,x,63.7598,-68.5107
2023-02,Nunavut,"Forestry, logging and support [11N]",,x,63.7598,-68.5107
2023-03,Nunavut,"Forestry, logging and support [11N]",,x,63.7598,-68.5107
2023-04,Nunavut,"Forestry, logging and support [11N]",,x,63.7598,-68.5107
2023-05,Nunavut,"Forestry, logging and support [11N]",,x,63.7598,-68.5107
2023-06,Nunavut,"Forestry, logging and support [11N]",,x,63.7598,-68.5107
2023-07,Nunavut,"Forestry, logging and support [11N]",,x,63.7598,-68.5107
2023-08,Nunavut,"Forestry, logging and support [11N]",,x,63.7598,-68.5107
2023-09,Nunavut,"Forestry, logging and support [11N]",,x,63.7598,-68.5107
2023-10,Nunavut,"Forestry, logging and support [11N]",,x,63.7598,-68.5107
2023-11,Nunavut,"Forestry, logging and support [11N]",,x,63.7598,-68.5107
2023-12,Nunavut,"Forestry, logging and support [11N]",,x,63.7598,-68.5107
2024-01,Nunavut,"Forestry, logging and support [11N]",,x,63.7598,-68.5107
2024-02,Nunavut,"Forestry, logging and support [11N]",,x,63.7598,-68.5107
2018-01,Nunavut,"Mining, quarrying, and oil and gas extraction [21]",,x,63.7598,-68.5107
2018-02,Nunavut,"Mining, quarrying, and oil and gas extraction [21]",,x,63.7598,-68.5107
2018-03,Nunavut,"Mining, quarrying, and oil and gas extraction [21]",,x,63.7598,-68.5107
2018-04,Nunavut,"Mining, quarrying, and oil and gas extraction [21]",,x,63.7598,-68.5107
2018-05,Nunavut,"Mining, quarrying, and oil and gas extraction [21]",,x,63.7598,-68.5107
2018-06,Nunavut,"Mining, quarrying, and oil and gas extraction [21]",,x,63.7598,-68.5107
2018-07,Nunavut,"Mining, quarrying, and oil and gas extraction [21]",,x,63.7598,-68.5107
2018-08,Nunavut,"Mining, quarrying, and oil and gas extraction [21]",,x,63.7598,-68.5107
2018-09,Nunavut,"Mining, quarrying, and oil and gas extraction [21]",,x,63.7598,-68.5107
2018-10,Nunavut,"Mining, quarrying, and oil and gas extraction [21]",,x,63.7598,-68.5107
2018-11,Nunavut,"Mining, quarrying, and oil and gas extraction [21]",,x,63.7598,-68.5107
2018-12,Nunavut,"Mining, quarrying, and oil and gas extraction [21]",,x,63.7598,-68.5107
2019-01,Nunavut,"Mining, quarrying, and oil and gas extraction [21]",,x,63.7598,-68.5107
2019-02,Nunavut,"Mining, quarrying, and oil and gas extraction [21]",,x,63.7598,-68.5107
2019-03,Nunavut,"Mining, quarrying, and oil and gas extraction [21]",,x,63.7598,-68.5107
2019-04,Nunavut,"Mining, quarrying, and oil and gas extraction [21]",,x,63.7598,-68.5107
2019-05,Nunavut,"Mining, quarrying, and oil and gas extraction [21]",,x,63.7598,-68.5107
2019-06,Nunavut,"Mining, quarrying, and oil and gas extraction [21]",,x,63.7598,-68.5107
2019-07,Nunavut,"Mining, quarrying, and oil and gas extraction [21]",,x,63.7598,-68.5107
2019-08,Nunavut,"Mining, quarrying, and oil and gas extraction [21]",,x,63.7598,-68.5107
2019-09,Nunavut,"Mining, quarrying, and oil and gas extraction [21]",,x,63.7598,-68.5107
2019-10,Nunavut,"Mining, quarrying, and oil and gas extraction [21]",,x,63.7598,-68.5107
2019-11,Nunavut,"Mining, quarrying, and oil and gas extraction [21]",,x,63.7598,-68.5107
2019-12,Nunavut,"Mining, quarrying, and oil and gas extraction [21]",,x,63.7598,-68.5107
2020-01,Nunavut,"Mining, quarrying, and oil and gas extraction [21]",,x,63.7598,-68.5107
2020-02,Nunavut,"Mining, quarrying, and oil and gas extraction [21]",,x,63.7598,-68.5107
2020-03,Nunavut,"Mining, quarrying, and oil and gas extraction [21]",,x,63.7598,-68.5107
2020-04,Nunavut,"Mining, quarrying, and oil and gas extraction [21]",,x,63.7598,-68.5107
2020-05,Nunavut,"Mining, quarrying, and oil and gas extraction [21]",,x,63.7598,-68.5107
2020-06,Nunavut,"Mining, quarrying, and oil and gas extraction [21]",,x,63.7598,-68.5107
2020-07,Nunavut,"Mining, quarrying, and oil and gas extraction [21]",,x,63.7598,-68.5107
2020-08,Nunavut,"Mining, quarrying, and oil and gas extraction [21]",,x,63.7598,-68.5107
2020-09,Nunavut,"Mining, quarrying, and oil and gas extraction [21]",,x,63.7598,-68.5107
2020-10,Nunavut,"Mining, quarrying, and oil and gas extraction [21]",,x,63.7598,-68.5107
2020-11,Nunavut,"Mining, quarrying, and oil and gas extraction [21]",,x,63.7598,-68.5107
2020-12,Nunavut,"Mining, quarrying, and oil and gas extraction [21]",,x,63.7598,-68.5107
2021-01,Nunavut,"Mining, quarrying, and oil and gas extraction [21]",,x,63.7598,-68.5107
2021-02,Nunavut,"Mining, quarrying, and oil and gas extraction [21]",,x,63.7598,-68.5107
2021-03,Nunavut,"Mining, quarrying, and oil and gas extraction [21]",,x,63.7598,-68.5107
2021-04,Nunavut,"Mining, quarrying, and oil and gas extraction [21]",,x,63.7598,-68.5107
2021-05,Nunavut,"Mining, quarrying, and oil and gas extraction [21]",,x,63.7598,-68.5107
2021-06,Nunavut,"Mining, quarrying, and oil and gas extraction [21]",,x,63.7598,-68.5107
2021-07,Nunavut,"Mining, quarrying, and oil and gas extraction [21]",,x,63.7598,-68.5107
2021-08,Nunavut,"Mining, quarrying, and oil and gas extraction [21]",,x,63.7598,-68.5107
2021-09,Nunavut,"Mining, quarrying, and oil and gas extraction [21]",,x,63.7598,-68.5107
2021-10,Nunavut,"Mining, quarrying, and oil and gas extraction [21]",,x,63.7598,-68.5107
2021-11,Nunavut,"Mining, quarrying, and oil and gas extraction [21]",,x,63.7598,-68.5107
2021-12,Nunavut,"Mining, quarrying, and oil and gas extraction [21]",,x,63.7598,-68.5107
2022-01,Nunavut,"Mining, quarrying, and oil and gas extraction [21]",,x,63.7598,-68.5107
2022-02,Nunavut,"Mining, quarrying, and oil and gas extraction [21]",,x,63.7598,-68.5107
2022-03,Nunavut,"Mining, quarrying, and oil and gas extraction [21]",,x,63.7598,-68.5107
2022-04,Nunavut,"Mining, quarrying, and oil and gas extraction [21]",,x,63.7598,-68.5107
2022-05,Nunavut,"Mining, quarrying, and oil and gas extraction [21]",,x,63.7598,-68.5107
2022-06,Nunavut,"Mining, quarrying, and oil and gas extraction [21]",,x,63.7598,-68.5107
2022-07,Nunavut,"Mining, quarrying, and oil and gas extraction [21]",,x,63.7598,-68.5107
2022-08,Nunavut,"Mining, quarrying, and oil and gas extraction [21]",,x,63.7598,-68.5107
2022-09,Nunavut,"Mining, quarrying, and oil and gas extraction [21]",,x,63.7598,-68.5107
2022-10,Nunavut,"Mining, quarrying, and oil and gas extraction [21]",,x,63.7598,-68.5107
2022-11,Nunavut,"Mining, quarrying, and oil and gas extraction [21]",,x,63.7598,-68.5107
2022-12,Nunavut,"Mining, quarrying, and oil and gas extraction [21]",,x,63.7598,-68.5107
2023-01,Nunavut,"Mining, quarrying, and oil and gas extraction [21]",,x,63.7598,-68.5107
2023-02,Nunavut,"Mining, quarrying, and oil and gas extraction [21]",,x,63.7598,-68.5107
2023-03,Nunavut,"Mining, quarrying, and oil and gas extraction [21]",,x,63.7598,-68.5107
2023-04,Nunavut,"Mining, quarrying, and oil and gas extraction [21]",,x,63.7598,-68.5107
2023-05,Nunavut,"Mining, quarrying, and oil and gas extraction [21]",,x,63.7598,-68.5107
2023-06,Nunavut,"Mining, quarrying, and oil and gas extraction [21]",,x,63.7598,-68.5107
2023-07,Nunavut,"Mining, quarrying, and oil and gas extraction [21]",,x,63.7598,-68.5107
2023-08,Nunavut,"Mining, quarrying, and oil and gas extraction [21]",,x,63.7598,-68.5107
2023-09,Nunavut,"Mining, quarrying, and oil and gas extraction [21]",,x,63.7598,-68.5107
2023-10,Nunavut,"Mining, quarrying, and oil and gas extraction [21]",,x,63.7598,-68.5107
2023-11,Nunavut,"Mining, quarrying, and oil and gas extraction [21]",,x,63.7598,-68.5107
2023-12,Nunavut,"Mining, quarrying, and oil and gas extraction [21]",,x,63.7598,-68.5107
2024-01,Nunavut,"Mining, quarrying, and oil and gas extraction [21]",,x,63.7598,-68.5107
2024-02,Nunavut,"Mining, quarrying, and oil and gas extraction [21]",,x,63.7598,-68.5107
2018-01,Nunavut,"Utilities [22,221]",,x,63.7598,-68.5107
2018-02,Nunavut,"Utilities [22,221]",,x,63.7598,-68.5107
2018-03,Nunavut,"Utilities [22,221]",,x,63.7598,-68.5107
2018-04,Nunavut,"Utilities [22,221]",,x,63.7598,-68.5107
2018-05,Nunavut,"Utilities [22,221]",,x,63.7598,-68.5107
2018-06,Nunavut,"Utilities [22,221]",,x,63.7598,-68.5107
2018-07,Nunavut,"Utilities [22,221]",,x,63.7598,-68.5107
2018-08,Nunavut,"Utilities [22,221]",,x,63.7598,-68.5107
2018-09,Nunavut,"Utilities [22,221]",,x,63.7598,-68.5107
2018-10,Nunavut,"Utilities [22,221]",,x,63.7598,-68.5107
2018-11,Nunavut,"Utilities [22,221]",,x,63.7598,-68.5107
2018-12,Nunavut,"Utilities [22,221]",,x,63.7598,-68.5107
2019-01,Nunavut,"Utilities [22,221]",,x,63.7598,-68.5107
2019-02,Nunavut,"Utilities [22,221]",,x,63.7598,-68.5107
2019-03,Nunavut,"Utilities [22,221]",,x,63.7598,-68.5107
2019-04,Nunavut,"Utilities [22,221]",,x,63.7598,-68.5107
2019-05,Nunavut,"Utilities [22,221]",,x,63.7598,-68.5107
2019-06,Nunavut,"Utilities [22,221]",,x,63.7598,-68.5107
2019-07,Nunavut,"Utilities [22,221]",,x,63.7598,-68.5107
2019-08,Nunavut,"Utilities [22,221]",,x,63.7598,-68.5107
2019-09,Nunavut,"Utilities [22,221]",,x,63.7598,-68.5107
2019-10,Nunavut,"Utilities [22,221]",,x,63.7598,-68.5107
2019-11,Nunavut,"Utilities [22,221]",,x,63.7598,-68.5107
2019-12,Nunavut,"Utilities [22,221]",,x,63.7598,-68.5107
2020-01,Nunavut,"Utilities [22,221]",,x,63.7598,-68.5107
2020-02,Nunavut,"Utilities [22,221]",,x,63.7598,-68.5107
2020-03,Nunavut,"Utilities [22,221]",,x,63.7598,-68.5107
2020-04,Nunavut,"Utilities [22,221]",,x,63.7598,-68.5107
2020-05,Nunavut,"Utilities [22,221]",,x,63.7598,-68.5107
2020-06,Nunavut,"Utilities [22,221]",,x,63.7598,-68.5107
2020-07,Nunavut,"Utilities [22,221]",,x,63.7598,-68.5107
2020-08,Nunavut,"Utilities [22,221]",,x,63.7598,-68.5107
2020-09,Nunavut,"Utilities [22,221]",,x,63.7598,-68.5107
2020-10,Nunavut,"Utilities [22,221]",,x,63.7598,-68.5107
2020-11,Nunavut,"Utilities [22,221]",,x,63.7598,-68.5107
2020-12,Nunavut,"Utilities [22,221]",,x,63.7598,-68.5107
2021-01,Nunavut,"Utilities [22,221]",,x,63.7598,-68.5107
2021-02,Nunavut,"Utilities [22,221]",,x,63.7598,-68.5107
2021-03,Nunavut,"Utilities [22,221]",,x,63.7598,-68.5107
2021-04,Nunavut,"Utilities [22,221]",,x,63.7598,-68.5107
2021-05,Nunavut,"Utilities [22,221]",,x,63.7598,-68.5107
2021-06,Nunavut,"Utilities [22,221]",,x,63.7598,-68.5107
2021-07,Nunavut,"Utilities [22,221]",,x,63.7598,-68.5107
2021-08,Nunavut,"Utilities [22,221]",,x,63.7598,-68.5107
2021-09,Nunavut,"Utilities [22,221]",,x,63.7598,-68.5107
2021-10,Nunavut,"Utilities [22,221]",,x,63.7598,-68.5107
2021-11,Nunavut,"Utilities [22,221]",,x,63.7598,-68.5107
2021-12,Nunavut,"Utilities [22,221]",,x,63.7598,-68.5107
2022-01,Nunavut,"Utilities [22,221]",,x,63.7598,-68.5107
2022-02,Nunavut,"Utilities [22,221]",,x,63.7598,-68.5107
2022-03,Nunavut,"Utilities [22,221]",,x,63.7598,-68.5107
2022-04,Nunavut,"Utilities [22,221]",,x,63.7598,-68.5107
2022-05,Nunavut,"Utilities [22,221]",,x,63.7598,-68.5107
2022-06,Nunavut,"Utilities [22,221]",,x,63.7598,-68.5107
2022-07,Nunavut,"Utilities [22,221]",,x,63.7598,-68.5107
2022-08,Nunavut,"Utilities [22,221]",,x,63.7598,-68.5107
2022-09,Nunavut,"Utilities [22,221]",,x,63.7598,-68.5107
2022-10,Nunavut,"Utilities [22,221]",,x,63.7598,-68.5107
2022-11,Nunavut,"Utilities [22,221]",,x,63.7598,-68.5107
2022-12,Nunavut,"Utilities [22,221]",,x,63.7598,-68.5107
2023-01,Nunavut,"Utilities [22,221]",,x,63.7598,-68.5107
2023-02,Nunavut,"Utilities [22,221]",,x,63.7598,-68.5107
2023-03,Nunavut,"Utilities [22,221]",,x,63.7598,-68.5107
2023-04,Nunavut,"Utilities [22,221]",,x,63.7598,-68.5107
2023-05,Nunavut,"Utilities [22,221]",,x,63.7598,-68.5107
2023-06,Nunavut,"Utilities [22,221]",,x,63.7598,-68.5107
2023-07,Nunavut,"Utilities [22,221]",,x,63.7598,-68.5107
2023-08,Nunavut,"Utilities [22,221]",,x,63.7598,-68.5107
2023-09,Nunavut,"Utilities [22,221]",,x,63.7598,-68.5107
2023-10,Nunavut,"Utilities [22,221]",,x,63.7598,-68.5107
2023-11,Nunavut,"Utilities [22,221]",,x,63.7598,-68.5107
2023-12,Nunavut,"Utilities [22,221]",,x,63.7598,-68.5107
2024-01,Nunavut,"Utilities [22,221]",,x,63.7598,-68.5107
2024-02,Nunavut,"Utilities [22,221]",,x,63.7598,-68.5107
2018-01,Nunavut,Construction [23],583,B,63.7598,-68.5107
2018-02,Nunavut,Construction [23],630,A,63.7598,-68.5107
2018-03,Nunavut,Construction [23],687,A,63.7598,-68.5107
2018-04,Nunavut,Construction [23],692,A,63.7598,-68.5107
2018-05,Nunavut,Construction [23],776,A,63.7598,-68.5107
2018-06,Nunavut,Construction [23],987,A,63.7598,-68.5107
2018-07,Nunavut,Construction [23],1024,A,63.7598,-68.5107
2018-08,Nunavut,Construction [23],1103,A,63.7598,-68.5107
2018-09,Nunavut,Construction [23],1170,A,63.7598,-68.5107
2018-10,Nunavut,Construction [23],1139,A,63.7598,-68.5107
2018-11,Nunavut,Construction [23],1090,A,63.7598,-68.5107
2018-12,Nunavut,Construction [23],898,A,63.7598,-68.5107
2019-01,Nunavut,Construction [23],677,A,63.7598,-68.5107
2019-02,Nunavut,Construction [23],731,A,63.7598,-68.5107
2019-03,Nunavut,Construction [23],716,A,63.7598,-68.5107
2019-04,Nunavut,Construction [23],786,A,63.7598,-68.5107
2019-05,Nunavut,Construction [23],904,A,63.7598,-68.5107
2019-06,Nunavut,Construction [23],1030,A,63.7598,-68.5107
2019-07,Nunavut,Construction [23],1057,A,63.7598,-68.5107
2019-08,Nunavut,Construction [23],1173,A,63.7598,-68.5107
2019-09,Nunavut,Construction [23],1213,B,63.7598,-68.5107
2019-10,Nunavut,Construction [23],1300,B,63.7598,-68.5107
2019-11,Nunavut,Construction [23],1187,B,63.7598,-68.5107
2019-12,Nunavut,Construction [23],849,B,63.7598,-68.5107
2020-01,Nunavut,Construction [23],607,B,63.7598,-68.5107
2020-02,Nunavut,Construction [23],720,C,63.7598,-68.5107
2020-03,Nunavut,Construction [23],642,C,63.7598,-68.5107
2020-04,Nunavut,Construction [23],524,C,63.7598,-68.5107
2020-05,Nunavut,Construction [23],507,C,63.7598,-68.5107
2020-06,Nunavut,Construction [23],744,B,63.7598,-68.5107
2020-07,Nunavut,Construction [23],1056,B,63.7598,-68.5107
2020-08,Nunavut,Construction [23],1117,B,63.7598,-68.5107
2020-09,Nunavut,Construction [23],1216,B,63.7598,-68.5107
2020-10,Nunavut,Construction [23],1218,B,63.7598,-68.5107
2020-11,Nunavut,Construction [23],1068,B,63.7598,-68.5107
2020-12,Nunavut,Construction [23],902,B,63.7598,-68.5107
2021-01,Nunavut,Construction [23],567,B,63.7598,-68.5107
2021-02,Nunavut,Construction [23],730,B,63.7598,-68.5107
2021-03,Nunavut,Construction [23],767,A,63.7598,-68.5107
2021-04,Nunavut,Construction [23],817,A,63.7598,-68.5107
2021-05,Nunavut,Construction [23],873,B,63.7598,-68.5107
2021-06,Nunavut,Construction [23],922,B,63.7598,-68.5107
2021-07,Nunavut,Construction [23],929,B,63.7598,-68.5107
2021-08,Nunavut,Construction [23],947,B,63.7598,-68.5107
2021-09,Nunavut,Construction [23],1018,B,63.7598,-68.5107
2021-10,Nunavut,Construction [23],999,B,63.7598,-68.5107
2021-11,Nunavut,Construction [23],1008,B,63.7598,-68.5107
2021-12,Nunavut,Construction [23],905,B,63.7598,-68.5107
2022-01,Nunavut,Construction [23],578,B,63.7598,-68.5107
2022-02,Nunavut,Construction [23],702,B,63.7598,-68.5107
2022-03,Nunavut,Construction [23],689,B,63.7598,-68.5107
2022-04,Nunavut,Construction [23],748,B,63.7598,-68.5107
2022-05,Nunavut,Construction [23],809,B,63.7598,-68.5107
2022-06,Nunavut,Construction [23],877,E,63.7598,-68.5107
2022-07,Nunavut,Construction [23],900,C,63.7598,-68.5107
2022-08,Nunavut,Construction [23],909,B,63.7598,-68.5107
2022-09,Nunavut,Construction [23],957,B,63.7598,-68.5107
2022-10,Nunavut,Construction [23],919,B,63.7598,-68.5107
2022-11,Nunavut,Construction [23],859,B,63.7598,-68.5107
2022-12,Nunavut,Construction [23],738,B,63.7598,-68.5107
2023-01,Nunavut,Construction [23],645,B,63.7598,-68.5107
2023-02,Nunavut,Construction [23],690,B,63.7598,-68.5107
2023-03,Nunavut,Construction [23],784,B,63.7598,-68.5107
2023-04,Nunavut,Construction [23],768,B,63.7598,-68.5107
2023-05,Nunavut,Construction [23],804,B,63.7598,-68.5107
2023-06,Nunavut,Construction [23],956,B,63.7598,-68.5107
2023-07,Nunavut,Construction [23],990,B,63.7598,-68.5107
2023-08,Nunavut,Construction [23],1014,B,63.7598,-68.5107
2023-09,Nunavut,Construction [23],956,B,63.7598,-68.5107
2023-10,Nunavut,Construction [23],1036,B,63.7598,-68.5107
2023-11,Nunavut,Construction [23],1016,B,63.7598,-68.5107
2023-12,Nunavut,Construction [23],796,B,63.7598,-68.5107
2024-01,Nunavut,Construction [23],680,A,63.7598,-68.5107
2024-02,Nunavut,Construction [23],763,B,63.7598,-68.5107
2018-01,Nunavut,Manufacturing [31-33],,x,63.7598,-68.5107
2018-02,Nunavut,Manufacturing [31-33],,x,63.7598,-68.5107
2018-03,Nunavut,Manufacturing [31-33],,x,63.7598,-68.5107
2018-04,Nunavut,Manufacturing [31-33],,x,63.7598,-68.5107
2018-05,Nunavut,Manufacturing [31-33],,x,63.7598,-68.5107
2018-06,Nunavut,Manufacturing [31-33],,x,63.7598,-68.5107
2018-07,Nunavut,Manufacturing [31-33],,x,63.7598,-68.5107
2018-08,Nunavut,Manufacturing [31-33],,x,63.7598,-68.5107
2018-09,Nunavut,Manufacturing [31-33],,x,63.7598,-68.5107
2018-10,Nunavut,Manufacturing [31-33],,x,63.7598,-68.5107
2018-11,Nunavut,Manufacturing [31-33],,x,63.7598,-68.5107
2018-12,Nunavut,Manufacturing [31-33],,x,63.7598,-68.5107
2019-01,Nunavut,Manufacturing [31-33],,x,63.7598,-68.5107
2019-02,Nunavut,Manufacturing [31-33],,x,63.7598,-68.5107
2019-03,Nunavut,Manufacturing [31-33],,x,63.7598,-68.5107
2019-04,Nunavut,Manufacturing [31-33],,x,63.7598,-68.5107
2019-05,Nunavut,Manufacturing [31-33],,x,63.7598,-68.5107
2019-06,Nunavut,Manufacturing [31-33],,x,63.7598,-68.5107
2019-07,Nunavut,Manufacturing [31-33],,x,63.7598,-68.5107
2019-08,Nunavut,Manufacturing [31-33],,x,63.7598,-68.5107
2019-09,Nunavut,Manufacturing [31-33],,x,63.7598,-68.5107
2019-10,Nunavut,Manufacturing [31-33],,x,63.7598,-68.5107
2019-11,Nunavut,Manufacturing [31-33],,x,63.7598,-68.5107
2019-12,Nunavut,Manufacturing [31-33],,x,63.7598,-68.5107
2020-01,Nunavut,Manufacturing [31-33],,x,63.7598,-68.5107
2020-02,Nunavut,Manufacturing [31-33],,x,63.7598,-68.5107
2020-03,Nunavut,Manufacturing [31-33],,x,63.7598,-68.5107
2020-04,Nunavut,Manufacturing [31-33],,x,63.7598,-68.5107
2020-05,Nunavut,Manufacturing [31-33],,x,63.7598,-68.5107
2020-06,Nunavut,Manufacturing [31-33],,x,63.7598,-68.5107
2020-07,Nunavut,Manufacturing [31-33],,x,63.7598,-68.5107
2020-08,Nunavut,Manufacturing [31-33],,x,63.7598,-68.5107
2020-09,Nunavut,Manufacturing [31-33],,x,63.7598,-68.5107
2020-10,Nunavut,Manufacturing [31-33],,x,63.7598,-68.5107
2020-11,Nunavut,Manufacturing [31-33],,x,63.7598,-68.5107
2020-12,Nunavut,Manufacturing [31-33],,x,63.7598,-68.5107
2021-01,Nunavut,Manufacturing [31-33],,x,63.7598,-68.5107
2021-02,Nunavut,Manufacturing [31-33],,x,63.7598,-68.5107
2021-03,Nunavut,Manufacturing [31-33],,x,63.7598,-68.5107
2021-04,Nunavut,Manufacturing [31-33],,x,63.7598,-68.5107
2021-05,Nunavut,Manufacturing [31-33],,x,63.7598,-68.5107
2021-06,Nunavut,Manufacturing [31-33],,x,63.7598,-68.5107
2021-07,Nunavut,Manufacturing [31-33],,x,63.7598,-68.5107
2021-08,Nunavut,Manufacturing [31-33],,x,63.7598,-68.5107
2021-09,Nunavut,Manufacturing [31-33],,x,63.7598,-68.5107
2021-10,Nunavut,Manufacturing [31-33],,x,63.7598,-68.5107
2021-11,Nunavut,Manufacturing [31-33],,x,63.7598,-68.5107
2021-12,Nunavut,Manufacturing [31-33],,x,63.7598,-68.5107
2022-01,Nunavut,Manufacturing [31-33],,x,63.7598,-68.5107
2022-02,Nunavut,Manufacturing [31-33],,x,63.7598,-68.5107
2022-03,Nunavut,Manufacturing [31-33],,x,63.7598,-68.5107
2022-04,Nunavut,Manufacturing [31-33],,x,63.7598,-68.5107
2022-05,Nunavut,Manufacturing [31-33],,x,63.7598,-68.5107
2022-06,Nunavut,Manufacturing [31-33],,x,63.7598,-68.5107
2022-07,Nunavut,Manufacturing [31-33],,x,63.7598,-68.5107
2022-08,Nunavut,Manufacturing [31-33],,x,63.7598,-68.5107
2022-09,Nunavut,Manufacturing [31-33],,x,63.7598,-68.5107
2022-10,Nunavut,Manufacturing [31-33],,x,63.7598,-68.5107
2022-11,Nunavut,Manufacturing [31-33],,x,63.7598,-68.5107
2022-12,Nunavut,Manufacturing [31-33],,x,63.7598,-68.5107
2023-01,Nunavut,Manufacturing [31-33],,x,63.7598,-68.5107
2023-02,Nunavut,Manufacturing [31-33],,x,63.7598,-68.5107
2023-03,Nunavut,Manufacturing [31-33],,x,63.7598,-68.5107
2023-04,Nunavut,Manufacturing [31-33],,x,63.7598,-68.5107
2023-05,Nunavut,Manufacturing [31-33],,x,63.7598,-68.5107
2023-06,Nunavut,Manufacturing [31-33],,x,63.7598,-68.5107
2023-07,Nunavut,Manufacturing [31-33],,x,63.7598,-68.5107
2023-08,Nunavut,Manufacturing [31-33],,x,63.7598,-68.5107
2023-09,Nunavut,Manufacturing [31-33],,x,63.7598,-68.5107
2023-10,Nunavut,Manufacturing [31-33],,x,63.7598,-68.5107
2023-11,Nunavut,Manufacturing [31-33],,x,63.7598,-68.5107
2023-12,Nunavut,Manufacturing [31-33],,x,63.7598,-68.5107
2024-01,Nunavut,Manufacturing [31-33],,x,63.7598,-68.5107
2024-02,Nunavut,Manufacturing [31-33],,x,63.7598,-68.5107
2018-01,Nunavut,Trade [41-45N],1880,A,63.7598,-68.5107
2018-02,Nunavut,Trade [41-45N],1890,A,63.7598,-68.5107
2018-03,Nunavut,Trade [41-45N],1854,A,63.7598,-68.5107
2018-04,Nunavut,Trade [41-45N],1882,A,63.7598,-68.5107
2018-05,Nunavut,Trade [41-45N],1879,A,63.7598,-68.5107
2018-06,Nunavut,Trade [41-45N],1985,A,63.7598,-68.5107
2018-07,Nunavut,Trade [41-45N],1822,A,63.7598,-68.5107
2018-08,Nunavut,Trade [41-45N],1949,B,63.7598,-68.5107
2018-09,Nunavut,Trade [41-45N],1866,B,63.7598,-68.5107
2018-10,Nunavut,Trade [41-45N],1944,A,63.7598,-68.5107
2018-11,Nunavut,Trade [41-45N],2013,A,63.7598,-68.5107
2018-12,Nunavut,Trade [41-45N],2118,C,63.7598,-68.5107
2019-01,Nunavut,Trade [41-45N],1836,B,63.7598,-68.5107
2019-02,Nunavut,Trade [41-45N],1834,A,63.7598,-68.5107
2019-03,Nunavut,Trade [41-45N],1812,A,63.7598,-68.5107
2019-04,Nunavut,Trade [41-45N],1664,A,63.7598,-68.5107
2019-05,Nunavut,Trade [41-45N],1755,A,63.7598,-68.5107
2019-06,Nunavut,Trade [41-45N],1776,A,63.7598,-68.5107
2019-07,Nunavut,Trade [41-45N],1754,A,63.7598,-68.5107
2019-08,Nunavut,Trade [41-45N],1790,A,63.7598,-68.5107
2019-09,Nunavut,Trade [41-45N],1837,B,63.7598,-68.5107
2019-10,Nunavut,Trade [41-45N],1812,B,63.7598,-68.5107
2019-11,Nunavut,Trade [41-45N],1889,A,63.7598,-68.5107
2019-12,Nunavut,Trade [41-45N],1919,A,63.7598,-68.5107
2020-01,Nunavut,Trade [41-45N],1853,A,63.7598,-68.5107
2020-02,Nunavut,Trade [41-45N],1854,A,63.7598,-68.5107
2020-03,Nunavut,Trade [41-45N],1805,A,63.7598,-68.5107
2020-04,Nunavut,Trade [41-45N],1665,A,63.7598,-68.5107
2020-05,Nunavut,Trade [41-45N],1771,B,63.7598,-68.5107
2020-06,Nunavut,Trade [41-45N],1687,B,63.7598,-68.5107
2020-07,Nunavut,Trade [41-45N],1796,E,63.7598,-68.5107
2020-08,Nunavut,Trade [41-45N],2036,A,63.7598,-68.5107
2020-09,Nunavut,Trade [41-45N],2003,A,63.7598,-68.5107
2020-10,Nunavut,Trade [41-45N],2019,B,63.7598,-68.5107
2020-11,Nunavut,Trade [41-45N],2221,A,63.7598,-68.5107
2020-12,Nunavut,Trade [41-45N],2196,C,63.7598,-68.5107
2021-01,Nunavut,Trade [41-45N],2195,B,63.7598,-68.5107
2021-02,Nunavut,Trade [41-45N],2465,B,63.7598,-68.5107
2021-03,Nunavut,Trade [41-45N],2253,B,63.7598,-68.5107
2021-04,Nunavut,Trade [41-45N],2260,B,63.7598,-68.5107
2021-05,Nunavut,Trade [41-45N],2257,B,63.7598,-68.5107
2021-06,Nunavut,Trade [41-45N],2258,B,63.7598,-68.5107
2021-07,Nunavut,Trade [41-45N],2300,B,63.7598,-68.5107
2021-08,Nunavut,Trade [41-45N],2272,B,63.7598,-68.5107
2021-09,Nunavut,Trade [41-45N],2284,A,63.7598,-68.5107
2021-10,Nunavut,Trade [41-45N],2304,A,63.7598,-68.5107
2021-11,Nunavut,Trade [41-45N],2224,A,63.7598,-68.5107
2021-12,Nunavut,Trade [41-45N],2125,A,63.7598,-68.5107
2022-01,Nunavut,Trade [41-45N],2185,A,63.7598,-68.5107
2022-02,Nunavut,Trade [41-45N],2161,A,63.7598,-68.5107
2022-03,Nunavut,Trade [41-45N],2290,A,63.7598,-68.5107
2022-04,Nunavut,Trade [41-45N],2239,A,63.7598,-68.5107
2022-05,Nunavut,Trade [41-45N],2120,A,63.7598,-68.5107
2022-06,Nunavut,Trade [41-45N],2179,C,63.7598,-68.5107
2022-07,Nunavut,Trade [41-45N],2205,E,63.7598,-68.5107
2022-08,Nunavut,Trade [41-45N],2147,B,63.7598,-68.5107
2022-09,Nunavut,Trade [41-45N],2266,B,63.7598,-68.5107
2022-10,Nunavut,Trade [41-45N],2313,B,63.7598,-68.5107
2022-11,Nunavut,Trade [41-45N],2082,B,63.7598,-68.5107
2022-12,Nunavut,Trade [41-45N],2204,B,63.7598,-68.5107
2023-01,Nunavut,Trade [41-45N],2135,A,63.7598,-68.5107
2023-02,Nunavut,Trade [41-45N],2197,A,63.7598,-68.5107
2023-03,Nunavut,Trade [41-45N],2177,A,63.7598,-68.5107
2023-04,Nunavut,Trade [41-45N],2283,A,63.7598,-68.5107
2023-05,Nunavut,Trade [41-45N],2181,A,63.7598,-68.5107
2023-06,Nunavut,Trade [41-45N],2233,A,63.7598,-68.5107
2023-07,Nunavut,Trade [41-45N],2307,B,63.7598,-68.5107
2023-08,Nunavut,Trade [41-45N],2153,A,63.7598,-68.5107
2023-09,Nunavut,Trade [41-45N],2144,A,63.7598,-68.5107
2023-10,Nunavut,Trade [41-45N],2078,A,63.7598,-68.5107
2023-11,Nunavut,Trade [41-45N],2195,A,63.7598,-68.5107
2023-12,Nunavut,Trade [41-45N],2220,B,63.7598,-68.5107
2024-01,Nunavut,Trade [41-45N],2152,A,63.7598,-68.5107
2024-02,Nunavut,Trade [41-45N],2201,B,63.7598,-68.5107
2018-01,Nunavut,Transportation and warehousing [48-49],877,A,63.7598,-68.5107
2018-02,Nunavut,Transportation and warehousing [48-49],860,B,63.7598,-68.5107
2018-03,Nunavut,Transportation and warehousing [48-49],858,A,63.7598,-68.5107
2018-04,Nunavut,Transportation and warehousing [48-49],838,B,63.7598,-68.5107
2018-05,Nunavut,Transportation and warehousing [48-49],961,A,63.7598,-68.5107
2018-06,Nunavut,Transportation and warehousing [48-49],902,A,63.7598,-68.5107
2018-07,Nunavut,Transportation and warehousing [48-49],1100,A,63.7598,-68.5107
2018-08,Nunavut,Transportation and warehousing [48-49],948,A,63.7598,-68.5107
2018-09,Nunavut,Transportation and warehousing [48-49],931,B,63.7598,-68.5107
2018-10,Nunavut,Transportation and warehousing [48-49],962,A,63.7598,-68.5107
2018-11,Nunavut,Transportation and warehousing [48-49],954,A,63.7598,-68.5107
2018-12,Nunavut,Transportation and warehousing [48-49],916,A,63.7598,-68.5107
2019-01,Nunavut,Transportation and warehousing [48-49],891,A,63.7598,-68.5107
2019-02,Nunavut,Transportation and warehousing [48-49],900,A,63.7598,-68.5107
2019-03,Nunavut,Transportation and warehousing [48-49],801,A,63.7598,-68.5107
2019-04,Nunavut,Transportation and warehousing [48-49],793,A,63.7598,-68.5107
2019-05,Nunavut,Transportation and warehousing [48-49],821,A,63.7598,-68.5107
2019-06,Nunavut,Transportation and warehousing [48-49],804,A,63.7598,-68.5107
2019-07,Nunavut,Transportation and warehousing [48-49],845,A,63.7598,-68.5107
2019-08,Nunavut,Transportation and warehousing [48-49],837,A,63.7598,-68.5107
2019-09,Nunavut,Transportation and warehousing [48-49],833,B,63.7598,-68.5107
2019-10,Nunavut,Transportation and warehousing [48-49],852,B,63.7598,-68.5107
2019-11,Nunavut,Transportation and warehousing [48-49],861,B,63.7598,-68.5107
2019-12,Nunavut,Transportation and warehousing [48-49],926,B,63.7598,-68.5107
2020-01,Nunavut,Transportation and warehousing [48-49],906,C,63.7598,-68.5107
2020-02,Nunavut,Transportation and warehousing [48-49],909,B,63.7598,-68.5107
2020-03,Nunavut,Transportation and warehousing [48-49],920,B,63.7598,-68.5107
2020-04,Nunavut,Transportation and warehousing [48-49],841,C,63.7598,-68.5107
2020-05,Nunavut,Transportation and warehousing [48-49],785,B,63.7598,-68.5107
2020-06,Nunavut,Transportation and warehousing [48-49],823,B,63.7598,-68.5107
2020-07,Nunavut,Transportation and warehousing [48-49],735,B,63.7598,-68.5107
2020-08,Nunavut,Transportation and warehousing [48-49],844,B,63.7598,-68.5107
2020-09,Nunavut,Transportation and warehousing [48-49],817,A,63.7598,-68.5107
2020-10,Nunavut,Transportation and warehousing [48-49],813,A,63.7598,-68.5107
2020-11,Nunavut,Transportation and warehousing [48-49],793,A,63.7598,-68.5107
2020-12,Nunavut,Transportation and warehousing [48-49],812,B,63.7598,-68.5107
2021-01,Nunavut,Transportation and warehousing [48-49],788,B,63.7598,-68.5107
2021-02,Nunavut,Transportation and warehousing [48-49],768,A,63.7598,-68.5107
2021-03,Nunavut,Transportation and warehousing [48-49],726,A,63.7598,-68.5107
2021-04,Nunavut,Transportation and warehousing [48-49],735,A,63.7598,-68.5107
2021-05,Nunavut,Transportation and warehousing [48-49],724,A,63.7598,-68.5107
2021-06,Nunavut,Transportation and warehousing [48-49],658,A,63.7598,-68.5107
2021-07,Nunavut,Transportation and warehousing [48-49],650,B,63.7598,-68.5107
2021-08,Nunavut,Transportation and warehousing [48-49],651,A,63.7598,-68.5107
2021-09,Nunavut,Transportation and warehousing [48-49],706,B,63.7598,-68.5107
2021-10,Nunavut,Transportation and warehousing [48-49],843,A,63.7598,-68.5107
2021-11,Nunavut,Transportation and warehousing [48-49],823,B,63.7598,-68.5107
2021-12,Nunavut,Transportation and warehousing [48-49],848,B,63.7598,-68.5107
2022-01,Nunavut,Transportation and warehousing [48-49],643,B,63.7598,-68.5107
2022-02,Nunavut,Transportation and warehousing [48-49],903,B,63.7598,-68.5107
2022-03,Nunavut,Transportation and warehousing [48-49],838,B,63.7598,-68.5107
2022-04,Nunavut,Transportation and warehousing [48-49],895,B,63.7598,-68.5107
2022-05,Nunavut,Transportation and warehousing [48-49],880,B,63.7598,-68.5107
2022-06,Nunavut,Transportation and warehousing [48-49],882,C,63.7598,-68.5107
2022-07,Nunavut,Transportation and warehousing [48-49],874,C,63.7598,-68.5107
2022-08,Nunavut,Transportation and warehousing [48-49],901,B,63.7598,-68.5107
2022-09,Nunavut,Transportation and warehousing [48-49],904,A,63.7598,-68.5107
2022-10,Nunavut,Transportation and warehousing [48-49],888,B,63.7598,-68.5107
2022-11,Nunavut,Transportation and warehousing [48-49],888,B,63.7598,-68.5107
2022-12,Nunavut,Transportation and warehousing [48-49],907,B,63.7598,-68.5107
2023-01,Nunavut,Transportation and warehousing [48-49],929,B,63.7598,-68.5107
2023-02,Nunavut,Transportation and warehousing [48-49],928,A,63.7598,-68.5107
2023-03,Nunavut,Transportation and warehousing [48-49],895,B,63.7598,-68.5107
2023-04,Nunavut,Transportation and warehousing [48-49],885,D,63.7598,-68.5107
2023-05,Nunavut,Transportation and warehousing [48-49],887,B,63.7598,-68.5107
2023-06,Nunavut,Transportation and warehousing [48-49],921,B,63.7598,-68.5107
2023-07,Nunavut,Transportation and warehousing [48-49],951,A,63.7598,-68.5107
2023-08,Nunavut,Transportation and warehousing [48-49],956,A,63.7598,-68.5107
2023-09,Nunavut,Transportation and warehousing [48-49],967,B,63.7598,-68.5107
2023-10,Nunavut,Transportation and warehousing [48-49],924,B,63.7598,-68.5107
2023-11,Nunavut,Transportation and warehousing [48-49],1031,B,63.7598,-68.5107
2023-12,Nunavut,Transportation and warehousing [48-49],1065,A,63.7598,-68.5107
2024-01,Nunavut,Transportation and warehousing [48-49],999,A,63.7598,-68.5107
2024-02,Nunavut,Transportation and warehousing [48-49],999,B,63.7598,-68.5107
2018-01,Nunavut,Information and cultural industries [51],128,A,63.7598,-68.5107
2018-02,Nunavut,Information and cultural industries [51],129,A,63.7598,-68.5107
2018-03,Nunavut,Information and cultural industries [51],116,A,63.7598,-68.5107
2018-04,Nunavut,Information and cultural industries [51],115,A,63.7598,-68.5107
2018-05,Nunavut,Information and cultural industries [51],116,A,63.7598,-68.5107
2018-06,Nunavut,Information and cultural industries [51],122,A,63.7598,-68.5107
2018-07,Nunavut,Information and cultural industries [51],124,A,63.7598,-68.5107
2018-08,Nunavut,Information and cultural industries [51],93,A,63.7598,-68.5107
2018-09,Nunavut,Information and cultural industries [51],86,A,63.7598,-68.5107
2018-10,Nunavut,Information and cultural industries [51],87,A,63.7598,-68.5107
2018-11,Nunavut,Information and cultural industries [51],87,A,63.7598,-68.5107
2018-12,Nunavut,Information and cultural industries [51],91,B,63.7598,-68.5107
2019-01,Nunavut,Information and cultural industries [51],109,A,63.7598,-68.5107
2019-02,Nunavut,Information and cultural industries [51],103,A,63.7598,-68.5107
2019-03,Nunavut,Information and cultural industries [51],102,A,63.7598,-68.5107
2019-04,Nunavut,Information and cultural industries [51],94,A,63.7598,-68.5107
2019-05,Nunavut,Information and cultural industries [51],90,A,63.7598,-68.5107
2019-06,Nunavut,Information and cultural industries [51],92,A,63.7598,-68.5107
2019-07,Nunavut,Information and cultural industries [51],98,A,63.7598,-68.5107
2019-08,Nunavut,Information and cultural industries [51],92,C,63.7598,-68.5107
2019-09,Nunavut,Information and cultural industries [51],86,C,63.7598,-68.5107
2019-10,Nunavut,Information and cultural industries [51],98,B,63.7598,-68.5107
2019-11,Nunavut,Information and cultural industries [51],97,B,63.7598,-68.5107
2019-12,Nunavut,Information and cultural industries [51],96,A,63.7598,-68.5107
2020-01,Nunavut,Information and cultural industries [51],90,B,63.7598,-68.5107
2020-02,Nunavut,Information and cultural industries [51],90,B,63.7598,-68.5107
2020-03,Nunavut,Information and cultural industries [51],87,B,63.7598,-68.5107
2020-04,Nunavut,Information and cultural industries [51],83,B,63.7598,-68.5107
2020-05,Nunavut,Information and cultural industries [51],77,C,63.7598,-68.5107
2020-06,Nunavut,Information and cultural industries [51],82,A,63.7598,-68.5107
2020-07,Nunavut,Information and cultural industries [51],85,A,63.7598,-68.5107
2020-08,Nunavut,Information and cultural industries [51],85,A,63.7598,-68.5107
2020-09,Nunavut,Information and cultural industries [51],83,A,63.7598,-68.5107
2020-10,Nunavut,Information and cultural industries [51],91,A,63.7598,-68.5107
2020-11,Nunavut,Information and cultural industries [51],82,A,63.7598,-68.5107
2020-12,Nunavut,Information and cultural industries [51],85,A,63.7598,-68.5107
2021-01,Nunavut,Information and cultural industries [51],80,A,63.7598,-68.5107
2021-02,Nunavut,Information and cultural industries [51],76,A,63.7598,-68.5107
2021-03,Nunavut,Information and cultural industries [51],83,A,63.7598,-68.5107
2021-04,Nunavut,Information and cultural industries [51],88,A,63.7598,-68.5107
2021-05,Nunavut,Information and cultural industries [51],95,A,63.7598,-68.5107
2021-06,Nunavut,Information and cultural industries [51],98,A,63.7598,-68.5107
2021-07,Nunavut,Information and cultural industries [51],100,A,63.7598,-68.5107
2021-08,Nunavut,Information and cultural industries [51],98,A,63.7598,-68.5107
2021-09,Nunavut,Information and cultural industries [51],99,A,63.7598,-68.5107
2021-10,Nunavut,Information and cultural industries [51],97,A,63.7598,-68.5107
2021-11,Nunavut,Information and cultural industries [51],96,A,63.7598,-68.5107
2021-12,Nunavut,Information and cultural industries [51],97,A,63.7598,-68.5107
2022-01,Nunavut,Information and cultural industries [51],95,A,63.7598,-68.5107
2022-02,Nunavut,Information and cultural industries [51],96,A,63.7598,-68.5107
2022-03,Nunavut,Information and cultural industries [51],95,A,63.7598,-68.5107
2022-04,Nunavut,Information and cultural industries [51],99,A,63.7598,-68.5107
2022-05,Nunavut,Information and cultural industries [51],101,A,63.7598,-68.5107
2022-06,Nunavut,Information and cultural industries [51],104,B,63.7598,-68.5107
2022-07,Nunavut,Information and cultural industries [51],109,B,63.7598,-68.5107
2022-08,Nunavut,Information and cultural industries [51],112,B,63.7598,-68.5107
2022-09,Nunavut,Information and cultural industries [51],110,A,63.7598,-68.5107
2022-10,Nunavut,Information and cultural industries [51],109,A,63.7598,-68.5107
2022-11,Nunavut,Information and cultural industries [51],109,A,63.7598,-68.5107
2022-12,Nunavut,Information and cultural industries [51],109,A,63.7598,-68.5107
2023-01,Nunavut,Information and cultural industries [51],111,A,63.7598,-68.5107
2023-02,Nunavut,Information and cultural industries [51],111,A,63.7598,-68.5107
2023-03,Nunavut,Information and cultural industries [51],105,B,63.7598,-68.5107
2023-04,Nunavut,Information and cultural industries [51],105,B,63.7598,-68.5107
2023-05,Nunavut,Information and cultural industries [51],104,B,63.7598,-68.5107
2023-06,Nunavut,Information and cultural industries [51],107,A,63.7598,-68.5107
2023-07,Nunavut,Information and cultural industries [51],99,B,63.7598,-68.5107
2023-08,Nunavut,Information and cultural industries [51],97,A,63.7598,-68.5107
2023-09,Nunavut,Information and cultural industries [51],98,A,63.7598,-68.5107
2023-10,Nunavut,Information and cultural industries [51],100,A,63.7598,-68.5107
2023-11,Nunavut,Information and cultural industries [51],101,B,63.7598,-68.5107
2023-12,Nunavut,Information and cultural industries [51],102,B,63.7598,-68.5107
2024-01,Nunavut,Information and cultural industries [51],99,A,63.7598,-68.5107
2024-02,Nunavut,Information and cultural industries [51],101,B,63.7598,-68.5107
2018-01,Nunavut,Finance and insurance [52],249,A,63.7598,-68.5107
2018-02,Nunavut,Finance and insurance [52],230,A,63.7598,-68.5107
2018-03,Nunavut,Finance and insurance [52],235,A,63.7598,-68.5107
2018-04,Nunavut,Finance and insurance [52],274,B,63.7598,-68.5107
2018-05,Nunavut,Finance and insurance [52],195,C,63.7598,-68.5107
2018-06,Nunavut,Finance and insurance [52],199,A,63.7598,-68.5107
2018-07,Nunavut,Finance and insurance [52],203,A,63.7598,-68.5107
2018-08,Nunavut,Finance and insurance [52],203,A,63.7598,-68.5107
2018-09,Nunavut,Finance and insurance [52],263,E,63.7598,-68.5107
2018-10,Nunavut,Finance and insurance [52],263,A,63.7598,-68.5107
2018-11,Nunavut,Finance and insurance [52],273,A,63.7598,-68.5107
2018-12,Nunavut,Finance and insurance [52],268,A,63.7598,-68.5107
2019-01,Nunavut,Finance and insurance [52],252,A,63.7598,-68.5107
2019-02,Nunavut,Finance and insurance [52],253,A,63.7598,-68.5107
2019-03,Nunavut,Finance and insurance [52],255,A,63.7598,-68.5107
2019-04,Nunavut,Finance and insurance [52],197,A,63.7598,-68.5107
2019-05,Nunavut,Finance and insurance [52],205,A,63.7598,-68.5107
2019-06,Nunavut,Finance and insurance [52],205,A,63.7598,-68.5107
2019-07,Nunavut,Finance and insurance [52],181,A,63.7598,-68.5107
2019-08,Nunavut,Finance and insurance [52],177,A,63.7598,-68.5107
2019-09,Nunavut,Finance and insurance [52],182,B,63.7598,-68.5107
2019-10,Nunavut,Finance and insurance [52],180,A,63.7598,-68.5107
2019-11,Nunavut,Finance and insurance [52],184,A,63.7598,-68.5107
2019-12,Nunavut,Finance and insurance [52],186,B,63.7598,-68.5107
2020-01,Nunavut,Finance and insurance [52],175,A,63.7598,-68.5107
2020-02,Nunavut,Finance and insurance [52],176,A,63.7598,-68.5107
2020-03,Nunavut,Finance and insurance [52],181,A,63.7598,-68.5107
2020-04,Nunavut,Finance and insurance [52],173,C,63.7598,-68.5107
2020-05,Nunavut,Finance and insurance [52],189,A,63.7598,-68.5107
2020-06,Nunavut,Finance and insurance [52],198,A,63.7598,-68.5107
2020-07,Nunavut,Finance and insurance [52],180,A,63.7598,-68.5107
2020-08,Nunavut,Finance and insurance [52],186,A,63.7598,-68.5107
2020-09,Nunavut,Finance and insurance [52],180,A,63.7598,-68.5107
2020-10,Nunavut,Finance and insurance [52],191,A,63.7598,-68.5107
2020-11,Nunavut,Finance and insurance [52],179,A,63.7598,-68.5107
2020-12,Nunavut,Finance and insurance [52],185,A,63.7598,-68.5107
2021-01,Nunavut,Finance and insurance [52],172,B,63.7598,-68.5107
2021-02,Nunavut,Finance and insurance [52],178,A,63.7598,-68.5107
2021-03,Nunavut,Finance and insurance [52],206,A,63.7598,-68.5107
2021-04,Nunavut,Finance and insurance [52],194,A,63.7598,-68.5107
2021-05,Nunavut,Finance and insurance [52],187,A,63.7598,-68.5107
2021-06,Nunavut,Finance and insurance [52],178,A,63.7598,-68.5107
2021-07,Nunavut,Finance and insurance [52],179,A,63.7598,-68.5107
2021-08,Nunavut,Finance and insurance [52],198,A,63.7598,-68.5107
2021-09,Nunavut,Finance and insurance [52],182,A,63.7598,-68.5107
2021-10,Nunavut,Finance and insurance [52],194,A,63.7598,-68.5107
2021-11,Nunavut,Finance and insurance [52],188,A,63.7598,-68.5107
2021-12,Nunavut,Finance and insurance [52],190,A,63.7598,-68.5107
2022-01,Nunavut,Finance and insurance [52],177,B,63.7598,-68.5107
2022-02,Nunavut,Finance and insurance [52],192,A,63.7598,-68.5107
2022-03,Nunavut,Finance and insurance [52],189,A,63.7598,-68.5107
2022-04,Nunavut,Finance and insurance [52],202,A,63.7598,-68.5107
2022-05,Nunavut,Finance and insurance [52],187,B,63.7598,-68.5107
2022-06,Nunavut,Finance and insurance [52],199,B,63.7598,-68.5107
2022-07,Nunavut,Finance and insurance [52],191,B,63.7598,-68.5107
2022-08,Nunavut,Finance and insurance [52],188,B,63.7598,-68.5107
2022-09,Nunavut,Finance and insurance [52],189,A,63.7598,-68.5107
2022-10,Nunavut,Finance and insurance [52],174,A,63.7598,-68.5107
2022-11,Nunavut,Finance and insurance [52],181,A,63.7598,-68.5107
2022-12,Nunavut,Finance and insurance [52],183,B,63.7598,-68.5107
2023-01,Nunavut,Finance and insurance [52],172,B,63.7598,-68.5107
2023-02,Nunavut,Finance and insurance [52],179,A,63.7598,-68.5107
2023-03,Nunavut,Finance and insurance [52],184,A,63.7598,-68.5107
2023-04,Nunavut,Finance and insurance [52],184,A,63.7598,-68.5107
2023-05,Nunavut,Finance and insurance [52],188,A,63.7598,-68.5107
2023-06,Nunavut,Finance and insurance [52],323,A,63.7598,-68.5107
2023-07,Nunavut,Finance and insurance [52],329,B,63.7598,-68.5107
2023-08,Nunavut,Finance and insurance [52],321,A,63.7598,-68.5107
2023-09,Nunavut,Finance and insurance [52],186,B,63.7598,-68.5107
2023-10,Nunavut,Finance and insurance [52],179,B,63.7598,-68.5107
2023-11,Nunavut,Finance and insurance [52],180,B,63.7598,-68.5107
2023-12,Nunavut,Finance and insurance [52],183,A,63.7598,-68.5107
2024-01,Nunavut,Finance and insurance [52],178,B,63.7598,-68.5107
2024-02,Nunavut,Finance and insurance [52],178,A,63.7598,-68.5107
2018-01,Nunavut,Real estate and rental and leasing [53],779,A,63.7598,-68.5107
2018-02,Nunavut,Real estate and rental and leasing [53],709,B,63.7598,-68.5107
2018-03,Nunavut,Real estate and rental and leasing [53],742,A,63.7598,-68.5107
2018-04,Nunavut,Real estate and rental and leasing [53],742,B,63.7598,-68.5107
2018-05,Nunavut,Real estate and rental and leasing [53],758,A,63.7598,-68.5107
2018-06,Nunavut,Real estate and rental and leasing [53],721,A,63.7598,-68.5107
2018-07,Nunavut,Real estate and rental and leasing [53],796,A,63.7598,-68.5107
2018-08,Nunavut,Real estate and rental and leasing [53],855,D,63.7598,-68.5107
2018-09,Nunavut,Real estate and rental and leasing [53],784,B,63.7598,-68.5107
2018-10,Nunavut,Real estate and rental and leasing [53],793,B,63.7598,-68.5107
2018-11,Nunavut,Real estate and rental and leasing [53],724,B,63.7598,-68.5107
2018-12,Nunavut,Real estate and rental and leasing [53],688,A,63.7598,-68.5107
2019-01,Nunavut,Real estate and rental and leasing [53],677,A,63.7598,-68.5107
2019-02,Nunavut,Real estate and rental and leasing [53],703,A,63.7598,-68.5107
2019-03,Nunavut,Real estate and rental and leasing [53],705,A,63.7598,-68.5107
2019-04,Nunavut,Real estate and rental and leasing [53],676,A,63.7598,-68.5107
2019-05,Nunavut,Real estate and rental and leasing [53],769,C,63.7598,-68.5107
2019-06,Nunavut,Real estate and rental and leasing [53],769,A,63.7598,-68.5107
2019-07,Nunavut,Real estate and rental and leasing [53],820,B,63.7598,-68.5107
2019-08,Nunavut,Real estate and rental and leasing [53],822,A,63.7598,-68.5107
2019-09,Nunavut,Real estate and rental and leasing [53],785,A,63.7598,-68.5107
2019-10,Nunavut,Real estate and rental and leasing [53],733,A,63.7598,-68.5107
2019-11,Nunavut,Real estate and rental and leasing [53],754,B,63.7598,-68.5107
2019-12,Nunavut,Real estate and rental and leasing [53],769,A,63.7598,-68.5107
2020-01,Nunavut,Real estate and rental and leasing [53],675,A,63.7598,-68.5107
2020-02,Nunavut,Real estate and rental and leasing [53],686,A,63.7598,-68.5107
2020-03,Nunavut,Real estate and rental and leasing [53],667,A,63.7598,-68.5107
2020-04,Nunavut,Real estate and rental and leasing [53],649,A,63.7598,-68.5107
2020-05,Nunavut,Real estate and rental and leasing [53],630,A,63.7598,-68.5107
2020-06,Nunavut,Real estate and rental and leasing [53],659,B,63.7598,-68.5107
2020-07,Nunavut,Real estate and rental and leasing [53],760,C,63.7598,-68.5107
2020-08,Nunavut,Real estate and rental and leasing [53],784,C,63.7598,-68.5107
2020-09,Nunavut,Real estate and rental and leasing [53],772,A,63.7598,-68.5107
2020-10,Nunavut,Real estate and rental and leasing [53],770,B,63.7598,-68.5107
2020-11,Nunavut,Real estate and rental and leasing [53],692,A,63.7598,-68.5107
2020-12,Nunavut,Real estate and rental and leasing [53],657,B,63.7598,-68.5107
2021-01,Nunavut,Real estate and rental and leasing [53],697,A,63.7598,-68.5107
2021-02,Nunavut,Real estate and rental and leasing [53],664,C,63.7598,-68.5107
2021-03,Nunavut,Real estate and rental and leasing [53],686,A,63.7598,-68.5107
2021-04,Nunavut,Real estate and rental and leasing [53],742,A,63.7598,-68.5107
2021-05,Nunavut,Real estate and rental and leasing [53],722,C,63.7598,-68.5107
2021-06,Nunavut,Real estate and rental and leasing [53],756,B,63.7598,-68.5107
2021-07,Nunavut,Real estate and rental and leasing [53],895,C,63.7598,-68.5107
2021-08,Nunavut,Real estate and rental and leasing [53],954,B,63.7598,-68.5107
2021-09,Nunavut,Real estate and rental and leasing [53],919,A,63.7598,-68.5107
2021-10,Nunavut,Real estate and rental and leasing [53],846,A,63.7598,-68.5107
2021-11,Nunavut,Real estate and rental and leasing [53],811,A,63.7598,-68.5107
2021-12,Nunavut,Real estate and rental and leasing [53],806,A,63.7598,-68.5107
2022-01,Nunavut,Real estate and rental and leasing [53],693,B,63.7598,-68.5107
2022-02,Nunavut,Real estate and rental and leasing [53],778,C,63.7598,-68.5107
2022-03,Nunavut,Real estate and rental and leasing [53],760,B,63.7598,-68.5107
2022-04,Nunavut,Real estate and rental and leasing [53],756,A,63.7598,-68.5107
2022-05,Nunavut,Real estate and rental and leasing [53],762,D,63.7598,-68.5107
2022-06,Nunavut,Real estate and rental and leasing [53],756,C,63.7598,-68.5107
2022-07,Nunavut,Real estate and rental and leasing [53],812,B,63.7598,-68.5107
2022-08,Nunavut,Real estate and rental and leasing [53],894,A,63.7598,-68.5107
2022-09,Nunavut,Real estate and rental and leasing [53],786,B,63.7598,-68.5107
2022-10,Nunavut,Real estate and rental and leasing [53],720,A,63.7598,-68.5107
2022-11,Nunavut,Real estate and rental and leasing [53],758,A,63.7598,-68.5107
2022-12,Nunavut,Real estate and rental and leasing [53],706,A,63.7598,-68.5107
2023-01,Nunavut,Real estate and rental and leasing [53],668,A,63.7598,-68.5107
2023-02,Nunavut,Real estate and rental and leasing [53],719,A,63.7598,-68.5107
2023-03,Nunavut,Real estate and rental and leasing [53],796,A,63.7598,-68.5107
2023-04,Nunavut,Real estate and rental and leasing [53],702,C,63.7598,-68.5107
2023-05,Nunavut,Real estate and rental and leasing [53],733,C,63.7598,-68.5107
2023-06,Nunavut,Real estate and rental and leasing [53],767,B,63.7598,-68.5107
2023-07,Nunavut,Real estate and rental and leasing [53],884,A,63.7598,-68.5107
2023-08,Nunavut,Real estate and rental and leasing [53],890,A,63.7598,-68.5107
2023-09,Nunavut,Real estate and rental and leasing [53],854,A,63.7598,-68.5107
2023-10,Nunavut,Real estate and rental and leasing [53],823,B,63.7598,-68.5107
2023-11,Nunavut,Real estate and rental and leasing [53],818,C,63.7598,-68.5107
2023-12,Nunavut,Real estate and rental and leasing [53],802,B,63.7598,-68.5107
2024-01,Nunavut,Real estate and rental and leasing [53],,x,63.7598,-68.5107
2024-02,Nunavut,Real estate and rental and leasing [53],,x,63.7598,-68.5107
2018-01,Nunavut,"Professional, scientific and technical services [54,541]",228,A,63.7598,-68.5107
2018-02,Nunavut,"Professional, scientific and technical services [54,541]",221,A,63.7598,-68.5107
2018-03,Nunavut,"Professional, scientific and technical services [54,541]",231,A,63.7598,-68.5107
2018-04,Nunavut,"Professional, scientific and technical services [54,541]",260,A,63.7598,-68.5107
2018-05,Nunavut,"Professional, scientific and technical services [54,541]",271,A,63.7598,-68.5107
2018-06,Nunavut,"Professional, scientific and technical services [54,541]",280,A,63.7598,-68.5107
2018-07,Nunavut,"Professional, scientific and technical services [54,541]",283,A,63.7598,-68.5107
2018-08,Nunavut,"Professional, scientific and technical services [54,541]",289,A,63.7598,-68.5107
2018-09,Nunavut,"Professional, scientific and technical services [54,541]",308,A,63.7598,-68.5107
2018-10,Nunavut,"Professional, scientific and technical services [54,541]",322,A,63.7598,-68.5107
2018-11,Nunavut,"Professional, scientific and technical services [54,541]",216,A,63.7598,-68.5107
2018-12,Nunavut,"Professional, scientific and technical services [54,541]",211,A,63.7598,-68.5107
2019-01,Nunavut,"Professional, scientific and technical services [54,541]",207,A,63.7598,-68.5107
2019-02,Nunavut,"Professional, scientific and technical services [54,541]",174,A,63.7598,-68.5107
2019-03,Nunavut,"Professional, scientific and technical services [54,541]",197,A,63.7598,-68.5107
2019-04,Nunavut,"Professional, scientific and technical services [54,541]",193,A,63.7598,-68.5107
2019-05,Nunavut,"Professional, scientific and technical services [54,541]",189,A,63.7598,-68.5107
2019-06,Nunavut,"Professional, scientific and technical services [54,541]",194,A,63.7598,-68.5107
2019-07,Nunavut,"Professional, scientific and technical services [54,541]",181,A,63.7598,-68.5107
2019-08,Nunavut,"Professional, scientific and technical services [54,541]",182,A,63.7598,-68.5107
2019-09,Nunavut,"Professional, scientific and technical services [54,541]",202,A,63.7598,-68.5107
2019-10,Nunavut,"Professional, scientific and technical services [54,541]",187,A,63.7598,-68.5107
2019-11,Nunavut,"Professional, scientific and technical services [54,541]",209,A,63.7598,-68.5107
2019-12,Nunavut,"Professional, scientific and technical services [54,541]",190,A,63.7598,-68.5107
2020-01,Nunavut,"Professional, scientific and technical services [54,541]",177,B,63.7598,-68.5107
2020-02,Nunavut,"Professional, scientific and technical services [54,541]",180,B,63.7598,-68.5107
2020-03,Nunavut,"Professional, scientific and technical services [54,541]",189,B,63.7598,-68.5107
2020-04,Nunavut,"Professional, scientific and technical services [54,541]",164,B,63.7598,-68.5107
2020-05,Nunavut,"Professional, scientific and technical services [54,541]",194,B,63.7598,-68.5107
2020-06,Nunavut,"Professional, scientific and technical services [54,541]",185,B,63.7598,-68.5107
2020-07,Nunavut,"Professional, scientific and technical services [54,541]",201,B,63.7598,-68.5107
2020-08,Nunavut,"Professional, scientific and technical services [54,541]",200,B,63.7598,-68.5107
2020-09,Nunavut,"Professional, scientific and technical services [54,541]",198,B,63.7598,-68.5107
2020-10,Nunavut,"Professional, scientific and technical services [54,541]",200,B,63.7598,-68.5107
2020-11,Nunavut,"Professional, scientific and technical services [54,541]",198,B,63.7598,-68.5107
2020-12,Nunavut,"Professional, scientific and technical services [54,541]",206,A,63.7598,-68.5107
2021-01,Nunavut,"Professional, scientific and technical services [54,541]",185,B,63.7598,-68.5107
2021-02,Nunavut,"Professional, scientific and technical services [54,541]",202,B,63.7598,-68.5107
2021-03,Nunavut,"Professional, scientific and technical services [54,541]",210,B,63.7598,-68.5107
2021-04,Nunavut,"Professional, scientific and technical services [54,541]",194,B,63.7598,-68.5107
2021-05,Nunavut,"Professional, scientific and technical services [54,541]",197,B,63.7598,-68.5107
2021-06,Nunavut,"Professional, scientific and technical services [54,541]",198,A,63.7598,-68.5107
2021-07,Nunavut,"Professional, scientific and technical services [54,541]",203,A,63.7598,-68.5107
2021-08,Nunavut,"Professional, scientific and technical services [54,541]",199,A,63.7598,-68.5107
2021-09,Nunavut,"Professional, scientific and technical services [54,541]",195,A,63.7598,-68.5107
2021-10,Nunavut,"Professional, scientific and technical services [54,541]",182,A,63.7598,-68.5107
2021-11,Nunavut,"Professional, scientific and technical services [54,541]",185,A,63.7598,-68.5107
2021-12,Nunavut,"Professional, scientific and technical services [54,541]",184,A,63.7598,-68.5107
2022-01,Nunavut,"Professional, scientific and technical services [54,541]",163,B,63.7598,-68.5107
2022-02,Nunavut,"Professional, scientific and technical services [54,541]",176,B,63.7598,-68.5107
2022-03,Nunavut,"Professional, scientific and technical services [54,541]",176,B,63.7598,-68.5107
2022-04,Nunavut,"Professional, scientific and technical services [54,541]",180,B,63.7598,-68.5107
2022-05,Nunavut,"Professional, scientific and technical services [54,541]",186,B,63.7598,-68.5107
2022-06,Nunavut,"Professional, scientific and technical services [54,541]",182,C,63.7598,-68.5107
2022-07,Nunavut,"Professional, scientific and technical services [54,541]",185,B,63.7598,-68.5107
2022-08,Nunavut,"Professional, scientific and technical services [54,541]",310,A,63.7598,-68.5107
2022-09,Nunavut,"Professional, scientific and technical services [54,541]",325,B,63.7598,-68.5107
2022-10,Nunavut,"Professional, scientific and technical services [54,541]",336,B,63.7598,-68.5107
2022-11,Nunavut,"Professional, scientific and technical services [54,541]",345,A,63.7598,-68.5107
2022-12,Nunavut,"Professional, scientific and technical services [54,541]",344,B,63.7598,-68.5107
2023-01,Nunavut,"Professional, scientific and technical services [54,541]",335,A,63.7598,-68.5107
2023-02,Nunavut,"Professional, scientific and technical services [54,541]",358,A,63.7598,-68.5107
2023-03,Nunavut,"Professional, scientific and technical services [54,541]",408,A,63.7598,-68.5107
2023-04,Nunavut,"Professional, scientific and technical services [54,541]",361,D,63.7598,-68.5107
2023-05,Nunavut,"Professional, scientific and technical services [54,541]",312,B,63.7598,-68.5107
2023-06,Nunavut,"Professional, scientific and technical services [54,541]",315,B,63.7598,-68.5107
2023-07,Nunavut,"Professional, scientific and technical services [54,541]",314,B,63.7598,-68.5107
2023-08,Nunavut,"Professional, scientific and technical services [54,541]",337,B,63.7598,-68.5107
2023-09,Nunavut,"Professional, scientific and technical services [54,541]",311,B,63.7598,-68.5107
2023-10,Nunavut,"Professional, scientific and technical services [54,541]",318,B,63.7598,-68.5107
2023-11,Nunavut,"Professional, scientific and technical services [54,541]",345,B,63.7598,-68.5107
2023-12,Nunavut,"Professional, scientific and technical services [54,541]",318,B,63.7598,-68.5107
2024-01,Nunavut,"Professional, scientific and technical services [54,541]",324,B,63.7598,-68.5107
2024-02,Nunavut,"Professional, scientific and technical services [54,541]",345,C,63.7598,-68.5107
2018-01,Nunavut,"Management of companies and enterprises [55,551,5511]",84,A,63.7598,-68.5107
2018-02,Nunavut,"Management of companies and enterprises [55,551,5511]",85,A,63.7598,-68.5107
2018-03,Nunavut,"Management of companies and enterprises [55,551,5511]",82,A,63.7598,-68.5107
2018-04,Nunavut,"Management of companies and enterprises [55,551,5511]",86,A,63.7598,-68.5107
2018-05,Nunavut,"Management of companies and enterprises [55,551,5511]",97,A,63.7598,-68.5107
2018-06,Nunavut,"Management of companies and enterprises [55,551,5511]",99,A,63.7598,-68.5107
2018-07,Nunavut,"Management of companies and enterprises [55,551,5511]",96,A,63.7598,-68.5107
2018-08,Nunavut,"Management of companies and enterprises [55,551,5511]",99,A,63.7598,-68.5107
2018-09,Nunavut,"Management of companies and enterprises [55,551,5511]",95,A,63.7598,-68.5107
2018-10,Nunavut,"Management of companies and enterprises [55,551,5511]",95,A,63.7598,-68.5107
2018-11,Nunavut,"Management of companies and enterprises [55,551,5511]",86,A,63.7598,-68.5107
2018-12,Nunavut,"Management of companies and enterprises [55,551,5511]",87,A,63.7598,-68.5107
2019-01,Nunavut,"Management of companies and enterprises [55,551,5511]",74,A,63.7598,-68.5107
2019-02,Nunavut,"Management of companies and enterprises [55,551,5511]",80,A,63.7598,-68.5107
2019-03,Nunavut,"Management of companies and enterprises [55,551,5511]",84,A,63.7598,-68.5107
2019-04,Nunavut,"Management of companies and enterprises [55,551,5511]",96,A,63.7598,-68.5107
2019-05,Nunavut,"Management of companies and enterprises [55,551,5511]",113,A,63.7598,-68.5107
2019-06,Nunavut,"Management of companies and enterprises [55,551,5511]",110,A,63.7598,-68.5107
2019-07,Nunavut,"Management of companies and enterprises [55,551,5511]",131,A,63.7598,-68.5107
2019-08,Nunavut,"Management of companies and enterprises [55,551,5511]",143,A,63.7598,-68.5107
2019-09,Nunavut,"Management of companies and enterprises [55,551,5511]",118,C,63.7598,-68.5107
2019-10,Nunavut,"Management of companies and enterprises [55,551,5511]",124,A,63.7598,-68.5107
2019-11,Nunavut,"Management of companies and enterprises [55,551,5511]",122,A,63.7598,-68.5107
2019-12,Nunavut,"Management of companies and enterprises [55,551,5511]",114,B,63.7598,-68.5107
2020-01,Nunavut,"Management of companies and enterprises [55,551,5511]",63,D,63.7598,-68.5107
2020-02,Nunavut,"Management of companies and enterprises [55,551,5511]",106,B,63.7598,-68.5107
2020-03,Nunavut,"Management of companies and enterprises [55,551,5511]",95,B,63.7598,-68.5107
2020-04,Nunavut,"Management of companies and enterprises [55,551,5511]",66,E,63.7598,-68.5107
2020-05,Nunavut,"Management of companies and enterprises [55,551,5511]",58,B,63.7598,-68.5107
2020-06,Nunavut,"Management of companies and enterprises [55,551,5511]",85,D,63.7598,-68.5107
2020-07,Nunavut,"Management of companies and enterprises [55,551,5511]",114,C,63.7598,-68.5107
2020-08,Nunavut,"Management of companies and enterprises [55,551,5511]",117,C,63.7598,-68.5107
2020-09,Nunavut,"Management of companies and enterprises [55,551,5511]",102,D,63.7598,-68.5107
2020-10,Nunavut,"Management of companies and enterprises [55,551,5511]",100,C,63.7598,-68.5107
2020-11,Nunavut,"Management of companies and enterprises [55,551,5511]",105,A,63.7598,-68.5107
2020-12,Nunavut,"Management of companies and enterprises [55,551,5511]",88,B,63.7598,-68.5107
2021-01,Nunavut,"Management of companies and enterprises [55,551,5511]",35,E,63.7598,-68.5107
2021-02,Nunavut,"Management of companies and enterprises [55,551,5511]",114,B,63.7598,-68.5107
2021-03,Nunavut,"Management of companies and enterprises [55,551,5511]",123,B,63.7598,-68.5107
2021-04,Nunavut,"Management of companies and enterprises [55,551,5511]",130,A,63.7598,-68.5107
2021-05,Nunavut,"Management of companies and enterprises [55,551,5511]",148,C,63.7598,-68.5107
2021-06,Nunavut,"Management of companies and enterprises [55,551,5511]",133,A,63.7598,-68.5107
2021-07,Nunavut,"Management of companies and enterprises [55,551,5511]",130,A,63.7598,-68.5107
2021-08,Nunavut,"Management of companies and enterprises [55,551,5511]",161,A,63.7598,-68.5107
2021-09,Nunavut,"Management of companies and enterprises [55,551,5511]",170,B,63.7598,-68.5107
2021-10,Nunavut,"Management of companies and enterprises [55,551,5511]",171,A,63.7598,-68.5107
2021-11,Nunavut,"Management of companies and enterprises [55,551,5511]",168,A,63.7598,-68.5107
2021-12,Nunavut,"Management of companies and enterprises [55,551,5511]",173,A,63.7598,-68.5107
2022-01,Nunavut,"Management of companies and enterprises [55,551,5511]",119,C,63.7598,-68.5107
2022-02,Nunavut,"Management of companies and enterprises [55,551,5511]",140,C,63.7598,-68.5107
2022-03,Nunavut,"Management of companies and enterprises [55,551,5511]",142,B,63.7598,-68.5107
2022-04,Nunavut,"Management of companies and enterprises [55,551,5511]",176,C,63.7598,-68.5107
2022-05,Nunavut,"Management of companies and enterprises [55,551,5511]",171,A,63.7598,-68.5107
2022-06,Nunavut,"Management of companies and enterprises [55,551,5511]",192,B,63.7598,-68.5107
2022-07,Nunavut,"Management of companies and enterprises [55,551,5511]",203,B,63.7598,-68.5107
2022-08,Nunavut,"Management of companies and enterprises [55,551,5511]",222,C,63.7598,-68.5107
2022-09,Nunavut,"Management of companies and enterprises [55,551,5511]",228,B,63.7598,-68.5107
2022-10,Nunavut,"Management of companies and enterprises [55,551,5511]",232,B,63.7598,-68.5107
2022-11,Nunavut,"Management of companies and enterprises [55,551,5511]",241,B,63.7598,-68.5107
2022-12,Nunavut,"Management of companies and enterprises [55,551,5511]",233,A,63.7598,-68.5107
2023-01,Nunavut,"Management of companies and enterprises [55,551,5511]",152,D,63.7598,-68.5107
2023-02,Nunavut,"Management of companies and enterprises [55,551,5511]",212,B,63.7598,-68.5107
2023-03,Nunavut,"Management of companies and enterprises [55,551,5511]",226,B,63.7598,-68.5107
2023-04,Nunavut,"Management of companies and enterprises [55,551,5511]",236,B,63.7598,-68.5107
2023-05,Nunavut,"Management of companies and enterprises [55,551,5511]",240,A,63.7598,-68.5107
2023-06,Nunavut,"Management of companies and enterprises [55,551,5511]",264,B,63.7598,-68.5107
2023-07,Nunavut,"Management of companies and enterprises [55,551,5511]",186,B,63.7598,-68.5107
2023-08,Nunavut,"Management of companies and enterprises [55,551,5511]",204,B,63.7598,-68.5107
2023-09,Nunavut,"Management of companies and enterprises [55,551,5511]",210,A,63.7598,-68.5107
2023-10,Nunavut,"Management of companies and enterprises [55,551,5511]",225,B,63.7598,-68.5107
2023-11,Nunavut,"Management of companies and enterprises [55,551,5511]",234,A,63.7598,-68.5107
2023-12,Nunavut,"Management of companies and enterprises [55,551,5511]",226,C,63.7598,-68.5107
2024-01,Nunavut,"Management of companies and enterprises [55,551,5511]",,x,63.7598,-68.5107
2024-02,Nunavut,"Management of companies and enterprises [55,551,5511]",,x,63.7598,-68.5107
2018-01,Nunavut,"Administrative and support, waste management and remediation services [56]",556,A,63.7598,-68.5107
2018-02,Nunavut,"Administrative and support, waste management and remediation services [56]",486,A,63.7598,-68.5107
2018-03,Nunavut,"Administrative and support, waste management and remediation services [56]",495,A,63.7598,-68.5107
2018-04,Nunavut,"Administrative and support, waste management and remediation services [56]",436,A,63.7598,-68.5107
2018-05,Nunavut,"Administrative and support, waste management and remediation services [56]",435,A,63.7598,-68.5107
2018-06,Nunavut,"Administrative and support, waste management and remediation services [56]",440,A,63.7598,-68.5107
2018-07,Nunavut,"Administrative and support, waste management and remediation services [56]",583,A,63.7598,-68.5107
2018-08,Nunavut,"Administrative and support, waste management and remediation services [56]",540,A,63.7598,-68.5107
2018-09,Nunavut,"Administrative and support, waste management and remediation services [56]",509,A,63.7598,-68.5107
2018-10,Nunavut,"Administrative and support, waste management and remediation services [56]",488,A,63.7598,-68.5107
2018-11,Nunavut,"Administrative and support, waste management and remediation services [56]",654,A,63.7598,-68.5107
2018-12,Nunavut,"Administrative and support, waste management and remediation services [56]",682,A,63.7598,-68.5107
2019-01,Nunavut,"Administrative and support, waste management and remediation services [56]",527,A,63.7598,-68.5107
2019-02,Nunavut,"Administrative and support, waste management and remediation services [56]",653,A,63.7598,-68.5107
2019-03,Nunavut,"Administrative and support, waste management and remediation services [56]",614,A,63.7598,-68.5107
2019-04,Nunavut,"Administrative and support, waste management and remediation services [56]",641,A,63.7598,-68.5107
2019-05,Nunavut,"Administrative and support, waste management and remediation services [56]",651,A,63.7598,-68.5107
2019-06,Nunavut,"Administrative and support, waste management and remediation services [56]",690,A,63.7598,-68.5107
2019-07,Nunavut,"Administrative and support, waste management and remediation services [56]",699,A,63.7598,-68.5107
2019-08,Nunavut,"Administrative and support, waste management and remediation services [56]",733,A,63.7598,-68.5107
2019-09,Nunavut,"Administrative and support, waste management and remediation services [56]",721,B,63.7598,-68.5107
2019-10,Nunavut,"Administrative and support, waste management and remediation services [56]",738,A,63.7598,-68.5107
2019-11,Nunavut,"Administrative and support, waste management and remediation services [56]",753,B,63.7598,-68.5107
2019-12,Nunavut,"Administrative and support, waste management and remediation services [56]",709,A,63.7598,-68.5107
2020-01,Nunavut,"Administrative and support, waste management and remediation services [56]",723,B,63.7598,-68.5107
2020-02,Nunavut,"Administrative and support, waste management and remediation services [56]",662,B,63.7598,-68.5107
2020-03,Nunavut,"Administrative and support, waste management and remediation services [56]",717,C,63.7598,-68.5107
2020-04,Nunavut,"Administrative and support, waste management and remediation services [56]",663,C,63.7598,-68.5107
2020-05,Nunavut,"Administrative and support, waste management and remediation services [56]",594,B,63.7598,-68.5107
2020-06,Nunavut,"Administrative and support, waste management and remediation services [56]",689,C,63.7598,-68.5107
2020-07,Nunavut,"Administrative and support, waste management and remediation services [56]",704,C,63.7598,-68.5107
2020-08,Nunavut,"Administrative and support, waste management and remediation services [56]",634,C,63.7598,-68.5107
2020-09,Nunavut,"Administrative and support, waste management and remediation services [56]",685,C,63.7598,-68.5107
2020-10,Nunavut,"Administrative and support, waste management and remediation services [56]",806,C,63.7598,-68.5107
2020-11,Nunavut,"Administrative and support, waste management and remediation services [56]",716,A,63.7598,-68.5107
2020-12,Nunavut,"Administrative and support, waste management and remediation services [56]",590,B,63.7598,-68.5107
2021-01,Nunavut,"Administrative and support, waste management and remediation services [56]",662,A,63.7598,-68.5107
2021-02,Nunavut,"Administrative and support, waste management and remediation services [56]",798,B,63.7598,-68.5107
2021-03,Nunavut,"Administrative and support, waste management and remediation services [56]",763,A,63.7598,-68.5107
2021-04,Nunavut,"Administrative and support, waste management and remediation services [56]",705,B,63.7598,-68.5107
2021-05,Nunavut,"Administrative and support, waste management and remediation services [56]",626,B,63.7598,-68.5107
2021-06,Nunavut,"Administrative and support, waste management and remediation services [56]",636,B,63.7598,-68.5107
2021-07,Nunavut,"Administrative and support, waste management and remediation services [56]",733,B,63.7598,-68.5107
2021-08,Nunavut,"Administrative and support, waste management and remediation services [56]",711,B,63.7598,-68.5107
2021-09,Nunavut,"Administrative and support, waste management and remediation services [56]",726,B,63.7598,-68.5107
2021-10,Nunavut,"Administrative and support, waste management and remediation services [56]",736,B,63.7598,-68.5107
2021-11,Nunavut,"Administrative and support, waste management and remediation services [56]",715,B,63.7598,-68.5107
2021-12,Nunavut,"Administrative and support, waste management and remediation services [56]",732,C,63.7598,-68.5107
2022-01,Nunavut,"Administrative and support, waste management and remediation services [56]",689,A,63.7598,-68.5107
2022-02,Nunavut,"Administrative and support, waste management and remediation services [56]",736,A,63.7598,-68.5107
2022-03,Nunavut,"Administrative and support, waste management and remediation services [56]",727,A,63.7598,-68.5107
2022-04,Nunavut,"Administrative and support, waste management and remediation services [56]",706,A,63.7598,-68.5107
2022-05,Nunavut,"Administrative and support, waste management and remediation services [56]",626,A,63.7598,-68.5107
2022-06,Nunavut,"Administrative and support, waste management and remediation services [56]",680,B,63.7598,-68.5107
2022-07,Nunavut,"Administrative and support, waste management and remediation services [56]",732,E,63.7598,-68.5107
2022-08,Nunavut,"Administrative and support, waste management and remediation services [56]",637,A,63.7598,-68.5107
2022-09,Nunavut,"Administrative and support, waste management and remediation services [56]",690,B,63.7598,-68.5107
2022-10,Nunavut,"Administrative and support, waste management and remediation services [56]",706,B,63.7598,-68.5107
2022-11,Nunavut,"Administrative and support, waste management and remediation services [56]",736,A,63.7598,-68.5107
2022-12,Nunavut,"Administrative and support, waste management and remediation services [56]",707,B,63.7598,-68.5107
2023-01,Nunavut,"Administrative and support, waste management and remediation services [56]",700,A,63.7598,-68.5107
2023-02,Nunavut,"Administrative and support, waste management and remediation services [56]",770,B,63.7598,-68.5107
2023-03,Nunavut,"Administrative and support, waste management and remediation services [56]",746,B,63.7598,-68.5107
2023-04,Nunavut,"Administrative and support, waste management and remediation services [56]",821,A,63.7598,-68.5107
2023-05,Nunavut,"Administrative and support, waste management and remediation services [56]",824,B,63.7598,-68.5107
2023-06,Nunavut,"Administrative and support, waste management and remediation services [56]",827,B,63.7598,-68.5107
2023-07,Nunavut,"Administrative and support, waste management and remediation services [56]",877,B,63.7598,-68.5107
2023-08,Nunavut,"Administrative and support, waste management and remediation services [56]",928,B,63.7598,-68.5107
2023-09,Nunavut,"Administrative and support, waste management and remediation services [56]",913,C,63.7598,-68.5107
2023-10,Nunavut,"Administrative and support, waste management and remediation services [56]",922,E,63.7598,-68.5107
2023-11,Nunavut,"Administrative and support, waste management and remediation services [56]",894,B,63.7598,-68.5107
2023-12,Nunavut,"Administrative and support, waste management and remediation services [56]",862,B,63.7598,-68.5107
2024-01,Nunavut,"Administrative and support, waste management and remediation services [56]",831,C,63.7598,-68.5107
2024-02,Nunavut,"Administrative and support, waste management and remediation services [56]",871,C,63.7598,-68.5107
2018-01,Nunavut,"Educational services [61,611]",621,A,63.7598,-68.5107
2018-02,Nunavut,"Educational services [61,611]",679,A,63.7598,-68.5107
2018-03,Nunavut,"Educational services [61,611]",768,A,63.7598,-68.5107
2018-04,Nunavut,"Educational services [61,611]",740,A,63.7598,-68.5107
2018-05,Nunavut,"Educational services [61,611]",762,A,63.7598,-68.5107
2018-06,Nunavut,"Educational services [61,611]",598,A,63.7598,-68.5107
2018-07,Nunavut,"Educational services [61,611]",275,A,63.7598,-68.5107
2018-08,Nunavut,"Educational services [61,611]",375,A,63.7598,-68.5107
2018-09,Nunavut,"Educational services [61,611]",503,A,63.7598,-68.5107
2018-10,Nunavut,"Educational services [61,611]",641,A,63.7598,-68.5107
2018-11,Nunavut,"Educational services [61,611]",717,A,63.7598,-68.5107
2018-12,Nunavut,"Educational services [61,611]",652,A,63.7598,-68.5107
2019-01,Nunavut,"Educational services [61,611]",587,A,63.7598,-68.5107
2019-02,Nunavut,"Educational services [61,611]",696,A,63.7598,-68.5107
2019-03,Nunavut,"Educational services [61,611]",732,A,63.7598,-68.5107
2019-04,Nunavut,"Educational services [61,611]",763,A,63.7598,-68.5107
2019-05,Nunavut,"Educational services [61,611]",760,A,63.7598,-68.5107
2019-06,Nunavut,"Educational services [61,611]",603,A,63.7598,-68.5107
2019-07,Nunavut,"Educational services [61,611]",328,B,63.7598,-68.5107
2019-08,Nunavut,"Educational services [61,611]",412,B,63.7598,-68.5107
2019-09,Nunavut,"Educational services [61,611]",610,A,63.7598,-68.5107
2019-10,Nunavut,"Educational services [61,611]",645,B,63.7598,-68.5107
2019-11,Nunavut,"Educational services [61,611]",675,A,63.7598,-68.5107
2019-12,Nunavut,"Educational services [61,611]",698,A,63.7598,-68.5107
2020-01,Nunavut,"Educational services [61,611]",615,A,63.7598,-68.5107
2020-02,Nunavut,"Educational services [61,611]",724,A,63.7598,-68.5107
2020-03,Nunavut,"Educational services [61,611]",676,A,63.7598,-68.5107
2020-04,Nunavut,"Educational services [61,611]",488,A,63.7598,-68.5107
2020-05,Nunavut,"Educational services [61,611]",490,A,63.7598,-68.5107
2020-06,Nunavut,"Educational services [61,611]",469,A,63.7598,-68.5107
2020-07,Nunavut,"Educational services [61,611]",321,B,63.7598,-68.5107
2020-08,Nunavut,"Educational services [61,611]",440,B,63.7598,-68.5107
2020-09,Nunavut,"Educational services [61,611]",562,A,63.7598,-68.5107
2020-10,Nunavut,"Educational services [61,611]",635,A,63.7598,-68.5107
2020-11,Nunavut,"Educational services [61,611]",660,B,63.7598,-68.5107
2020-12,Nunavut,"Educational services [61,611]",602,B,63.7598,-68.5107
2021-01,Nunavut,"Educational services [61,611]",611,B,63.7598,-68.5107
2021-02,Nunavut,"Educational services [61,611]",683,A,63.7598,-68.5107
2021-03,Nunavut,"Educational services [61,611]",696,A,63.7598,-68.5107
2021-04,Nunavut,"Educational services [61,611]",682,A,63.7598,-68.5107
2021-05,Nunavut,"Educational services [61,611]",642,A,63.7598,-68.5107
2021-06,Nunavut,"Educational services [61,611]",549,A,63.7598,-68.5107
2021-07,Nunavut,"Educational services [61,611]",328,A,63.7598,-68.5107
2021-08,Nunavut,"Educational services [61,611]",357,A,63.7598,-68.5107
2021-09,Nunavut,"Educational services [61,611]",607,A,63.7598,-68.5107
2021-10,Nunavut,"Educational services [61,611]",729,A,63.7598,-68.5107
2021-11,Nunavut,"Educational services [61,611]",724,A,63.7598,-68.5107
2021-12,Nunavut,"Educational services [61,611]",687,A,63.7598,-68.5107
2022-01,Nunavut,"Educational services [61,611]",481,A,63.7598,-68.5107
2022-02,Nunavut,"Educational services [61,611]",617,A,63.7598,-68.5107
2022-03,Nunavut,"Educational services [61,611]",669,B,63.7598,-68.5107
2022-04,Nunavut,"Educational services [61,611]",656,A,63.7598,-68.5107
2022-05,Nunavut,"Educational services [61,611]",650,A,63.7598,-68.5107
2022-06,Nunavut,"Educational services [61,611]",607,C,63.7598,-68.5107
2022-07,Nunavut,"Educational services [61,611]",271,B,63.7598,-68.5107
2022-08,Nunavut,"Educational services [61,611]",585,A,63.7598,-68.5107
2022-09,Nunavut,"Educational services [61,611]",678,A,63.7598,-68.5107
2022-10,Nunavut,"Educational services [61,611]",781,A,63.7598,-68.5107
2022-11,Nunavut,"Educational services [61,611]",765,A,63.7598,-68.5107
2022-12,Nunavut,"Educational services [61,611]",742,B,63.7598,-68.5107
2023-01,Nunavut,"Educational services [61,611]",571,B,63.7598,-68.5107
2023-02,Nunavut,"Educational services [61,611]",757,A,63.7598,-68.5107
2023-03,Nunavut,"Educational services [61,611]",799,B,63.7598,-68.5107
2023-04,Nunavut,"Educational services [61,611]",731,A,63.7598,-68.5107
2023-05,Nunavut,"Educational services [61,611]",789,C,63.7598,-68.5107
2023-06,Nunavut,"Educational services [61,611]",783,A,63.7598,-68.5107
2023-07,Nunavut,"Educational services [61,611]",714,B,63.7598,-68.5107
2023-08,Nunavut,"Educational services [61,611]",710,B,63.7598,-68.5107
2023-09,Nunavut,"Educational services [61,611]",765,A,63.7598,-68.5107
2023-10,Nunavut,"Educational services [61,611]",731,A,63.7598,-68.5107
2023-11,Nunavut,"Educational services [61,611]",825,A,63.7598,-68.5107
2023-12,Nunavut,"Educational services [61,611]",764,A,63.7598,-68.5107
2024-01,Nunavut,"Educational services [61,611]",618,A,63.7598,-68.5107
2024-02,Nunavut,"Educational services [61,611]",766,A,63.7598,-68.5107
2018-01,Nunavut,Health care and social assistance [62],1074,A,63.7598,-68.5107
2018-02,Nunavut,Health care and social assistance [62],1101,A,63.7598,-68.5107
2018-03,Nunavut,Health care and social assistance [62],1137,A,63.7598,-68.5107
2018-04,Nunavut,Health care and social assistance [62],1159,A,63.7598,-68.5107
2018-05,Nunavut,Health care and social assistance [62],1114,A,63.7598,-68.5107
2018-06,Nunavut,Health care and social assistance [62],1147,A,63.7598,-68.5107
2018-07,Nunavut,Health care and social assistance [62],1058,A,63.7598,-68.5107
2018-08,Nunavut,Health care and social assistance [62],1067,A,63.7598,-68.5107
2018-09,Nunavut,Health care and social assistance [62],1155,A,63.7598,-68.5107
2018-10,Nunavut,Health care and social assistance [62],1085,A,63.7598,-68.5107
2018-11,Nunavut,Health care and social assistance [62],1146,A,63.7598,-68.5107
2018-12,Nunavut,Health care and social assistance [62],1127,A,63.7598,-68.5107
2019-01,Nunavut,Health care and social assistance [62],1096,A,63.7598,-68.5107
2019-02,Nunavut,Health care and social assistance [62],1118,A,63.7598,-68.5107
2019-03,Nunavut,Health care and social assistance [62],1103,A,63.7598,-68.5107
2019-04,Nunavut,Health care and social assistance [62],1080,A,63.7598,-68.5107
2019-05,Nunavut,Health care and social assistance [62],1163,A,63.7598,-68.5107
2019-06,Nunavut,Health care and social assistance [62],1137,A,63.7598,-68.5107
2019-07,Nunavut,Health care and social assistance [62],1096,A,63.7598,-68.5107
2019-08,Nunavut,Health care and social assistance [62],1108,A,63.7598,-68.5107
2019-09,Nunavut,Health care and social assistance [62],1129,B,63.7598,-68.5107
2019-10,Nunavut,Health care and social assistance [62],1145,B,63.7598,-68.5107
2019-11,Nunavut,Health care and social assistance [62],1175,B,63.7598,-68.5107
2019-12,Nunavut,Health care and social assistance [62],1180,B,63.7598,-68.5107
2020-01,Nunavut,Health care and social assistance [62],1157,B,63.7598,-68.5107
2020-02,Nunavut,Health care and social assistance [62],1107,B,63.7598,-68.5107
2020-03,Nunavut,Health care and social assistance [62],1112,B,63.7598,-68.5107
2020-04,Nunavut,Health care and social assistance [62],1110,B,63.7598,-68.5107
2020-05,Nunavut,Health care and social assistance [62],1014,B,63.7598,-68.5107
2020-06,Nunavut,Health care and social assistance [62],1022,A,63.7598,-68.5107
2020-07,Nunavut,Health care and social assistance [62],1026,A,63.7598,-68.5107
2020-08,Nunavut,Health care and social assistance [62],1076,B,63.7598,-68.5107
2020-09,Nunavut,Health care and social assistance [62],1090,B,63.7598,-68.5107
2020-10,Nunavut,Health care and social assistance [62],1151,A,63.7598,-68.5107
2020-11,Nunavut,Health care and social assistance [62],1130,A,63.7598,-68.5107
2020-12,Nunavut,Health care and social assistance [62],1100,B,63.7598,-68.5107
2021-01,Nunavut,Health care and social assistance [62],1093,B,63.7598,-68.5107
2021-02,Nunavut,Health care and social assistance [62],1154,B,63.7598,-68.5107
2021-03,Nunavut,Health care and social assistance [62],1184,B,63.7598,-68.5107
2021-04,Nunavut,Health care and social assistance [62],1128,A,63.7598,-68.5107
2021-05,Nunavut,Health care and social assistance [62],1067,B,63.7598,-68.5107
2021-06,Nunavut,Health care and social assistance [62],1071,B,63.7598,-68.5107
2021-07,Nunavut,Health care and social assistance [62],1026,B,63.7598,-68.5107
2021-08,Nunavut,Health care and social assistance [62],1034,B,63.7598,-68.5107
2021-09,Nunavut,Health care and social assistance [62],1079,B,63.7598,-68.5107
2021-10,Nunavut,Health care and social assistance [62],1110,B,63.7598,-68.5107
2021-11,Nunavut,Health care and social assistance [62],1117,B,63.7598,-68.5107
2021-12,Nunavut,Health care and social assistance [62],1157,B,63.7598,-68.5107
2022-01,Nunavut,Health care and social assistance [62],1039,A,63.7598,-68.5107
2022-02,Nunavut,Health care and social assistance [62],1084,B,63.7598,-68.5107
2022-03,Nunavut,Health care and social assistance [62],1153,A,63.7598,-68.5107
2022-04,Nunavut,Health care and social assistance [62],1165,B,63.7598,-68.5107
2022-05,Nunavut,Health care and social assistance [62],1215,B,63.7598,-68.5107
2022-06,Nunavut,Health care and social assistance [62],1188,B,63.7598,-68.5107
2022-07,Nunavut,Health care and social assistance [62],1164,B,63.7598,-68.5107
2022-08,Nunavut,Health care and social assistance [62],1135,B,63.7598,-68.5107
2022-09,Nunavut,Health care and social assistance [62],1205,B,63.7598,-68.5107
2022-10,Nunavut,Health care and social assistance [62],1227,B,63.7598,-68.5107
2022-11,Nunavut,Health care and social assistance [62],1238,B,63.7598,-68.5107
2022-12,Nunavut,Health care and social assistance [62],1255,B,63.7598,-68.5107
2023-01,Nunavut,Health care and social assistance [62],1176,B,63.7598,-68.5107
2023-02,Nunavut,Health care and social assistance [62],1200,B,63.7598,-68.5107
2023-03,Nunavut,Health care and social assistance [62],1235,B,63.7598,-68.5107
2023-04,Nunavut,Health care and social assistance [62],1188,B,63.7598,-68.5107
2023-05,Nunavut,Health care and social assistance [62],1170,B,63.7598,-68.5107
2023-06,Nunavut,Health care and social assistance [62],1174,B,63.7598,-68.5107
2023-07,Nunavut,Health care and social assistance [62],1216,B,63.7598,-68.5107
2023-08,Nunavut,Health care and social assistance [62],1214,B,63.7598,-68.5107
2023-09,Nunavut,Health care and social assistance [62],1270,B,63.7598,-68.5107
2023-10,Nunavut,Health care and social assistance [62],1334,A,63.7598,-68.5107
2023-11,Nunavut,Health care and social assistance [62],1322,A,63.7598,-68.5107
2023-12,Nunavut,Health care and social assistance [62],1316,B,63.7598,-68.5107
2024-01,Nunavut,Health care and social assistance [62],1256,B,63.7598,-68.5107
2024-02,Nunavut,Health care and social assistance [62],1292,B,63.7598,-68.5107
2018-01,Nunavut,"Arts, entertainment and recreation [71]",84,B,63.7598,-68.5107
2018-02,Nunavut,"Arts, entertainment and recreation [71]",85,A,63.7598,-68.5107
2018-03,Nunavut,"Arts, entertainment and recreation [71]",91,C,63.7598,-68.5107
2018-04,Nunavut,"Arts, entertainment and recreation [71]",94,C,63.7598,-68.5107
2018-05,Nunavut,"Arts, entertainment and recreation [71]",110,C,63.7598,-68.5107
2018-06,Nunavut,"Arts, entertainment and recreation [71]",114,A,63.7598,-68.5107
2018-07,Nunavut,"Arts, entertainment and recreation [71]",115,A,63.7598,-68.5107
2018-08,Nunavut,"Arts, entertainment and recreation [71]",102,B,63.7598,-68.5107
2018-09,Nunavut,"Arts, entertainment and recreation [71]",101,A,63.7598,-68.5107
2018-10,Nunavut,"Arts, entertainment and recreation [71]",97,A,63.7598,-68.5107
2018-11,Nunavut,"Arts, entertainment and recreation [71]",92,A,63.7598,-68.5107
2018-12,Nunavut,"Arts, entertainment and recreation [71]",91,A,63.7598,-68.5107
2019-01,Nunavut,"Arts, entertainment and recreation [71]",86,A,63.7598,-68.5107
2019-02,Nunavut,"Arts, entertainment and recreation [71]",91,A,63.7598,-68.5107
2019-03,Nunavut,"Arts, entertainment and recreation [71]",97,A,63.7598,-68.5107
2019-04,Nunavut,"Arts, entertainment and recreation [71]",99,A,63.7598,-68.5107
2019-05,Nunavut,"Arts, entertainment and recreation [71]",106,A,63.7598,-68.5107
2019-06,Nunavut,"Arts, entertainment and recreation [71]",109,A,63.7598,-68.5107
2019-07,Nunavut,"Arts, entertainment and recreation [71]",120,A,63.7598,-68.5107
2019-08,Nunavut,"Arts, entertainment and recreation [71]",111,B,63.7598,-68.5107
2019-09,Nunavut,"Arts, entertainment and recreation [71]",103,A,63.7598,-68.5107
2019-10,Nunavut,"Arts, entertainment and recreation [71]",99,B,63.7598,-68.5107
2019-11,Nunavut,"Arts, entertainment and recreation [71]",96,A,63.7598,-68.5107
2019-12,Nunavut,"Arts, entertainment and recreation [71]",103,A,63.7598,-68.5107
2020-01,Nunavut,"Arts, entertainment and recreation [71]",104,C,63.7598,-68.5107
2020-02,Nunavut,"Arts, entertainment and recreation [71]",106,C,63.7598,-68.5107
2020-03,Nunavut,"Arts, entertainment and recreation [71]",97,B,63.7598,-68.5107
2020-04,Nunavut,"Arts, entertainment and recreation [71]",84,A,63.7598,-68.5107
2020-05,Nunavut,"Arts, entertainment and recreation [71]",76,B,63.7598,-68.5107
2020-06,Nunavut,"Arts, entertainment and recreation [71]",77,A,63.7598,-68.5107
2020-07,Nunavut,"Arts, entertainment and recreation [71]",93,C,63.7598,-68.5107
2020-08,Nunavut,"Arts, entertainment and recreation [71]",92,B,63.7598,-68.5107
2020-09,Nunavut,"Arts, entertainment and recreation [71]",92,B,63.7598,-68.5107
2020-10,Nunavut,"Arts, entertainment and recreation [71]",101,B,63.7598,-68.5107
2020-11,Nunavut,"Arts, entertainment and recreation [71]",92,B,63.7598,-68.5107
2020-12,Nunavut,"Arts, entertainment and recreation [71]",96,C,63.7598,-68.5107
2021-01,Nunavut,"Arts, entertainment and recreation [71]",98,D,63.7598,-68.5107
2021-02,Nunavut,"Arts, entertainment and recreation [71]",101,B,63.7598,-68.5107
2021-03,Nunavut,"Arts, entertainment and recreation [71]",98,B,63.7598,-68.5107
2021-04,Nunavut,"Arts, entertainment and recreation [71]",92,B,63.7598,-68.5107
2021-05,Nunavut,"Arts, entertainment and recreation [71]",92,B,63.7598,-68.5107
2021-06,Nunavut,"Arts, entertainment and recreation [71]",88,B,63.7598,-68.5107
2021-07,Nunavut,"Arts, entertainment and recreation [71]",92,C,63.7598,-68.5107
2021-08,Nunavut,"Arts, entertainment and recreation [71]",88,B,63.7598,-68.5107
2021-09,Nunavut,"Arts, entertainment and recreation [71]",86,C,63.7598,-68.5107
2021-10,Nunavut,"Arts, entertainment and recreation [71]",85,C,63.7598,-68.5107
2021-11,Nunavut,"Arts, entertainment and recreation [71]",92,B,63.7598,-68.5107
2021-12,Nunavut,"Arts, entertainment and recreation [71]",94,C,63.7598,-68.5107
2022-01,Nunavut,"Arts, entertainment and recreation [71]",87,D,63.7598,-68.5107
2022-02,Nunavut,"Arts, entertainment and recreation [71]",92,B,63.7598,-68.5107
2022-03,Nunavut,"Arts, entertainment and recreation [71]",101,C,63.7598,-68.5107
2022-04,Nunavut,"Arts, entertainment and recreation [71]",117,C,63.7598,-68.5107
2022-05,Nunavut,"Arts, entertainment and recreation [71]",110,C,63.7598,-68.5107
2022-06,Nunavut,"Arts, entertainment and recreation [71]",112,C,63.7598,-68.5107
2022-07,Nunavut,"Arts, entertainment and recreation [71]",120,C,63.7598,-68.5107
2022-08,Nunavut,"Arts, entertainment and recreation [71]",119,C,63.7598,-68.5107
2022-09,Nunavut,"Arts, entertainment and recreation [71]",109,A,63.7598,-68.5107
2022-10,Nunavut,"Arts, entertainment and recreation [71]",113,B,63.7598,-68.5107
2022-11,Nunavut,"Arts, entertainment and recreation [71]",114,B,63.7598,-68.5107
2022-12,Nunavut,"Arts, entertainment and recreation [71]",111,B,63.7598,-68.5107
2023-01,Nunavut,"Arts, entertainment and recreation [71]",104,B,63.7598,-68.5107
2023-02,Nunavut,"Arts, entertainment and recreation [71]",107,B,63.7598,-68.5107
2023-03,Nunavut,"Arts, entertainment and recreation [71]",106,B,63.7598,-68.5107
2023-04,Nunavut,"Arts, entertainment and recreation [71]",109,A,63.7598,-68.5107
2023-05,Nunavut,"Arts, entertainment and recreation [71]",106,A,63.7598,-68.5107
2023-06,Nunavut,"Arts, entertainment and recreation [71]",113,B,63.7598,-68.5107
2023-07,Nunavut,"Arts, entertainment and recreation [71]",114,B,63.7598,-68.5107
2023-08,Nunavut,"Arts, entertainment and recreation [71]",107,B,63.7598,-68.5107
2023-09,Nunavut,"Arts, entertainment and recreation [71]",109,A,63.7598,-68.5107
2023-10,Nunavut,"Arts, entertainment and recreation [71]",106,B,63.7598,-68.5107
2023-11,Nunavut,"Arts, entertainment and recreation [71]",101,B,63.7598,-68.5107
2023-12,Nunavut,"Arts, entertainment and recreation [71]",94,A,63.7598,-68.5107
2024-01,Nunavut,"Arts, entertainment and recreation [71]",103,B,63.7598,-68.5107
2024-02,Nunavut,"Arts, entertainment and recreation [71]",99,A,63.7598,-68.5107
2018-01,Nunavut,Accommodation and food services [72],509,A,63.7598,-68.5107
2018-02,Nunavut,Accommodation and food services [72],487,A,63.7598,-68.5107
2018-03,Nunavut,Accommodation and food services [72],452,A,63.7598,-68.5107
2018-04,Nunavut,Accommodation and food services [72],447,A,63.7598,-68.5107
2018-05,Nunavut,Accommodation and food services [72],440,A,63.7598,-68.5107
2018-06,Nunavut,Accommodation and food services [72],484,A,63.7598,-68.5107
2018-07,Nunavut,Accommodation and food services [72],511,A,63.7598,-68.5107
2018-08,Nunavut,Accommodation and food services [72],470,A,63.7598,-68.5107
2018-09,Nunavut,Accommodation and food services [72],505,A,63.7598,-68.5107
2018-10,Nunavut,Accommodation and food services [72],485,A,63.7598,-68.5107
2018-11,Nunavut,Accommodation and food services [72],614,A,63.7598,-68.5107
2018-12,Nunavut,Accommodation and food services [72],747,A,63.7598,-68.5107
2019-01,Nunavut,Accommodation and food services [72],648,B,63.7598,-68.5107
2019-02,Nunavut,Accommodation and food services [72],663,A,63.7598,-68.5107
2019-03,Nunavut,Accommodation and food services [72],753,A,63.7598,-68.5107
2019-04,Nunavut,Accommodation and food services [72],620,A,63.7598,-68.5107
2019-05,Nunavut,Accommodation and food services [72],650,A,63.7598,-68.5107
2019-06,Nunavut,Accommodation and food services [72],800,A,63.7598,-68.5107
2019-07,Nunavut,Accommodation and food services [72],882,A,63.7598,-68.5107
2019-08,Nunavut,Accommodation and food services [72],930,A,63.7598,-68.5107
2019-09,Nunavut,Accommodation and food services [72],912,A,63.7598,-68.5107
2019-10,Nunavut,Accommodation and food services [72],890,A,63.7598,-68.5107
2019-11,Nunavut,Accommodation and food services [72],886,A,63.7598,-68.5107
2019-12,Nunavut,Accommodation and food services [72],824,A,63.7598,-68.5107
2020-01,Nunavut,Accommodation and food services [72],734,B,63.7598,-68.5107
2020-02,Nunavut,Accommodation and food services [72],743,B,63.7598,-68.5107
2020-03,Nunavut,Accommodation and food services [72],1009,B,63.7598,-68.5107
2020-04,Nunavut,Accommodation and food services [72],892,B,63.7598,-68.5107
2020-05,Nunavut,Accommodation and food services [72],738,B,63.7598,-68.5107
2020-06,Nunavut,Accommodation and food services [72],819,B,63.7598,-68.5107
2020-07,Nunavut,Accommodation and food services [72],1018,B,63.7598,-68.5107
2020-08,Nunavut,Accommodation and food services [72],725,B,63.7598,-68.5107
2020-09,Nunavut,Accommodation and food services [72],787,A,63.7598,-68.5107
2020-10,Nunavut,Accommodation and food services [72],744,A,63.7598,-68.5107
2020-11,Nunavut,Accommodation and food services [72],800,A,63.7598,-68.5107
2020-12,Nunavut,Accommodation and food services [72],711,B,63.7598,-68.5107
2021-01,Nunavut,Accommodation and food services [72],710,B,63.7598,-68.5107
2021-02,Nunavut,Accommodation and food services [72],676,B,63.7598,-68.5107
2021-03,Nunavut,Accommodation and food services [72],674,B,63.7598,-68.5107
2021-04,Nunavut,Accommodation and food services [72],762,B,63.7598,-68.5107
2021-05,Nunavut,Accommodation and food services [72],722,B,63.7598,-68.5107
2021-06,Nunavut,Accommodation and food services [72],706,B,63.7598,-68.5107
2021-07,Nunavut,Accommodation and food services [72],799,B,63.7598,-68.5107
2021-08,Nunavut,Accommodation and food services [72],826,C,63.7598,-68.5107
2021-09,Nunavut,Accommodation and food services [72],790,B,63.7598,-68.5107
2021-10,Nunavut,Accommodation and food services [72],819,B,63.7598,-68.5107
2021-11,Nunavut,Accommodation and food services [72],794,C,63.7598,-68.5107
2021-12,Nunavut,Accommodation and food services [72],805,B,63.7598,-68.5107
2022-01,Nunavut,Accommodation and food services [72],764,B,63.7598,-68.5107
2022-02,Nunavut,Accommodation and food services [72],749,B,63.7598,-68.5107
2022-03,Nunavut,Accommodation and food services [72],842,B,63.7598,-68.5107
2022-04,Nunavut,Accommodation and food services [72],888,B,63.7598,-68.5107
2022-05,Nunavut,Accommodation and food services [72],846,B,63.7598,-68.5107
2022-06,Nunavut,Accommodation and food services [72],831,B,63.7598,-68.5107
2022-07,Nunavut,Accommodation and food services [72],851,B,63.7598,-68.5107
2022-08,Nunavut,Accommodation and food services [72],846,B,63.7598,-68.5107
2022-09,Nunavut,Accommodation and food services [72],912,B,63.7598,-68.5107
2022-10,Nunavut,Accommodation and food services [72],941,B,63.7598,-68.5107
2022-11,Nunavut,Accommodation and food services [72],873,B,63.7598,-68.5107
2022-12,Nunavut,Accommodation and food services [72],871,B,63.7598,-68.5107
2023-01,Nunavut,Accommodation and food services [72],874,B,63.7598,-68.5107
2023-02,Nunavut,Accommodation and food services [72],961,C,63.7598,-68.5107
2023-03,Nunavut,Accommodation and food services [72],1002,C,63.7598,-68.5107
2023-04,Nunavut,Accommodation and food services [72],1027,C,63.7598,-68.5107
2023-05,Nunavut,Accommodation and food services [72],982,B,63.7598,-68.5107
2023-06,Nunavut,Accommodation and food services [72],1020,A,63.7598,-68.5107
2023-07,Nunavut,Accommodation and food services [72],1053,B,63.7598,-68.5107
2023-08,Nunavut,Accommodation and food services [72],1062,B,63.7598,-68.5107
2023-09,Nunavut,Accommodation and food services [72],1116,C,63.7598,-68.5107
2023-10,Nunavut,Accommodation and food services [72],1065,C,63.7598,-68.5107
2023-11,Nunavut,Accommodation and food services [72],1107,B,63.7598,-68.5107
2023-12,Nunavut,Accommodation and food services [72],1076,B,63.7598,-68.5107
2024-01,Nunavut,Accommodation and food services [72],1060,B,63.7598,-68.5107
2024-02,Nunavut,Accommodation and food services [72],1055,B,63.7598,-68.5107
2018-01,Nunavut,Other services (except public administration) [81],345,A,63.7598,-68.5107
2018-02,Nunavut,Other services (except public administration) [81],360,A,63.7598,-68.5107
2018-03,Nunavut,Other services (except public administration) [81],387,A,63.7598,-68.5107
2018-04,Nunavut,Other services (except public administration) [81],311,A,63.7598,-68.5107
2018-05,Nunavut,Other services (except public administration) [81],312,A,63.7598,-68.5107
2018-06,Nunavut,Other services (except public administration) [81],275,A,63.7598,-68.5107
2018-07,Nunavut,Other services (except public administration) [81],301,A,63.7598,-68.5107
2018-08,Nunavut,Other services (except public administration) [81],301,A,63.7598,-68.5107
2018-09,Nunavut,Other services (except public administration) [81],366,A,63.7598,-68.5107
2018-10,Nunavut,Other services (except public administration) [81],325,A,63.7598,-68.5107
2018-11,Nunavut,Other services (except public administration) [81],371,A,63.7598,-68.5107
2018-12,Nunavut,Other services (except public administration) [81],315,A,63.7598,-68.5107
2019-01,Nunavut,Other services (except public administration) [81],297,A,63.7598,-68.5107
2019-02,Nunavut,Other services (except public administration) [81],252,A,63.7598,-68.5107
2019-03,Nunavut,Other services (except public administration) [81],306,A,63.7598,-68.5107
2019-04,Nunavut,Other services (except public administration) [81],311,A,63.7598,-68.5107
2019-05,Nunavut,Other services (except public administration) [81],237,A,63.7598,-68.5107
2019-06,Nunavut,Other services (except public administration) [81],216,A,63.7598,-68.5107
2019-07,Nunavut,Other services (except public administration) [81],214,A,63.7598,-68.5107
2019-08,Nunavut,Other services (except public administration) [81],226,B,63.7598,-68.5107
2019-09,Nunavut,Other services (except public administration) [81],242,E,63.7598,-68.5107
2019-10,Nunavut,Other services (except public administration) [81],228,A,63.7598,-68.5107
2019-11,Nunavut,Other services (except public administration) [81],236,A,63.7598,-68.5107
2019-12,Nunavut,Other services (except public administration) [81],266,A,63.7598,-68.5107
2020-01,Nunavut,Other services (except public administration) [81],288,A,63.7598,-68.5107
2020-02,Nunavut,Other services (except public administration) [81],280,B,63.7598,-68.5107
2020-03,Nunavut,Other services (except public administration) [81],292,A,63.7598,-68.5107
2020-04,Nunavut,Other services (except public administration) [81],229,C,63.7598,-68.5107
2020-05,Nunavut,Other services (except public administration) [81],229,B,63.7598,-68.5107
2020-06,Nunavut,Other services (except public administration) [81],232,A,63.7598,-68.5107
2020-07,Nunavut,Other services (except public administration) [81],256,B,63.7598,-68.5107
2020-08,Nunavut,Other services (except public administration) [81],258,A,63.7598,-68.5107
2020-09,Nunavut,Other services (except public administration) [81],270,A,63.7598,-68.5107
2020-10,Nunavut,Other services (except public administration) [81],287,A,63.7598,-68.5107
2020-11,Nunavut,Other services (except public administration) [81],271,A,63.7598,-68.5107
2020-12,Nunavut,Other services (except public administration) [81],262,B,63.7598,-68.5107
2021-01,Nunavut,Other services (except public administration) [81],430,A,63.7598,-68.5107
2021-02,Nunavut,Other services (except public administration) [81],359,B,63.7598,-68.5107
2021-03,Nunavut,Other services (except public administration) [81],370,A,63.7598,-68.5107
2021-04,Nunavut,Other services (except public administration) [81],385,B,63.7598,-68.5107
2021-05,Nunavut,Other services (except public administration) [81],288,A,63.7598,-68.5107
2021-06,Nunavut,Other services (except public administration) [81],278,A,63.7598,-68.5107
2021-07,Nunavut,Other services (except public administration) [81],299,B,63.7598,-68.5107
2021-08,Nunavut,Other services (except public administration) [81],289,A,63.7598,-68.5107
2021-09,Nunavut,Other services (except public administration) [81],324,B,63.7598,-68.5107
2021-10,Nunavut,Other services (except public administration) [81],395,A,63.7598,-68.5107
2021-11,Nunavut,Other services (except public administration) [81],409,A,63.7598,-68.5107
2021-12,Nunavut,Other services (except public administration) [81],428,A,63.7598,-68.5107
2022-01,Nunavut,Other services (except public administration) [81],385,C,63.7598,-68.5107
2022-02,Nunavut,Other services (except public administration) [81],438,A,63.7598,-68.5107
2022-03,Nunavut,Other services (except public administration) [81],460,A,63.7598,-68.5107
2022-04,Nunavut,Other services (except public administration) [81],435,B,63.7598,-68.5107
2022-05,Nunavut,Other services (except public administration) [81],370,B,63.7598,-68.5107
2022-06,Nunavut,Other services (except public administration) [81],352,B,63.7598,-68.5107
2022-07,Nunavut,Other services (except public administration) [81],321,B,63.7598,-68.5107
2022-08,Nunavut,Other services (except public administration) [81],331,B,63.7598,-68.5107
2022-09,Nunavut,Other services (except public administration) [81],496,B,63.7598,-68.5107
2022-10,Nunavut,Other services (except public administration) [81],463,B,63.7598,-68.5107
2022-11,Nunavut,Other services (except public administration) [81],580,A,63.7598,-68.5107
2022-12,Nunavut,Other services (except public administration) [81],583,A,63.7598,-68.5107
2023-01,Nunavut,Other services (except public administration) [81],557,B,63.7598,-68.5107
2023-02,Nunavut,Other services (except public administration) [81],587,A,63.7598,-68.5107
2023-03,Nunavut,Other services (except public administration) [81],588,A,63.7598,-68.5107
2023-04,Nunavut,Other services (except public administration) [81],558,B,63.7598,-68.5107
2023-05,Nunavut,Other services (except public administration) [81],496,B,63.7598,-68.5107
2023-06,Nunavut,Other services (except public administration) [81],459,A,63.7598,-68.5107
2023-07,Nunavut,Other services (except public administration) [81],426,A,63.7598,-68.5107
2023-08,Nunavut,Other services (except public administration) [81],402,A,63.7598,-68.5107
2023-09,Nunavut,Other services (except public administration) [81],559,A,63.7598,-68.5107
2023-10,Nunavut,Other services (except public administration) [81],678,B,63.7598,-68.5107
2023-11,Nunavut,Other services (except public administration) [81],653,C,63.7598,-68.5107
2023-12,Nunavut,Other services (except public administration) [81],677,B,63.7598,-68.5107
2024-01,Nunavut,Other services (except public administration) [81],397,B,63.7598,-68.5107
2024-02,Nunavut,Other services (except public administration) [81],406,B,63.7598,-68.5107
2018-01,Nunavut,Public administration [91],6399,A,63.7598,-68.5107
2018-02,Nunavut,Public administration [91],6565,A,63.7598,-68.5107
2018-03,Nunavut,Public administration [91],6532,A,63.7598,-68.5107
2018-04,Nunavut,Public administration [91],6342,A,63.7598,-68.5107
2018-05,Nunavut,Public administration [91],6501,A,63.7598,-68.5107
2018-06,Nunavut,Public administration [91],6566,A,63.7598,-68.5107
2018-07,Nunavut,Public administration [91],6470,A,63.7598,-68.5107
2018-08,Nunavut,Public administration [91],6441,A,63.7598,-68.5107
2018-09,Nunavut,Public administration [91],6534,A,63.7598,-68.5107
2018-10,Nunavut,Public administration [91],6715,A,63.7598,-68.5107
2018-11,Nunavut,Public administration [91],6670,A,63.7598,-68.5107
2018-12,Nunavut,Public administration [91],6655,A,63.7598,-68.5107
2019-01,Nunavut,Public administration [91],6489,A,63.7598,-68.5107
2019-02,Nunavut,Public administration [91],6741,A,63.7598,-68.5107
2019-03,Nunavut,Public administration [91],6907,A,63.7598,-68.5107
2019-04,Nunavut,Public administration [91],6840,A,63.7598,-68.5107
2019-05,Nunavut,Public administration [91],6878,A,63.7598,-68.5107
2019-06,Nunavut,Public administration [91],6801,A,63.7598,-68.5107
2019-07,Nunavut,Public administration [91],6730,A,63.7598,-68.5107
2019-08,Nunavut,Public administration [91],6648,A,63.7598,-68.5107
2019-09,Nunavut,Public administration [91],6762,A,63.7598,-68.5107
2019-10,Nunavut,Public administration [91],6785,B,63.7598,-68.5107
2019-11,Nunavut,Public administration [91],6849,B,63.7598,-68.5107
2019-12,Nunavut,Public administration [91],6714,B,63.7598,-68.5107
2020-01,Nunavut,Public administration [91],6641,A,63.7598,-68.5107
2020-02,Nunavut,Public administration [91],6848,B,63.7598,-68.5107
2020-03,Nunavut,Public administration [91],6786,B,63.7598,-68.5107
2020-04,Nunavut,Public administration [91],6434,B,63.7598,-68.5107
2020-05,Nunavut,Public administration [91],6325,C,63.7598,-68.5107
2020-06,Nunavut,Public administration [91],6420,B,63.7598,-68.5107
2020-07,Nunavut,Public administration [91],6514,B,63.7598,-68.5107
2020-08,Nunavut,Public administration [91],6767,A,63.7598,-68.5107
2020-09,Nunavut,Public administration [91],6919,B,63.7598,-68.5107
2020-10,Nunavut,Public administration [91],6938,B,63.7598,-68.5107
2020-11,Nunavut,Public administration [91],6942,B,63.7598,-68.5107
2020-12,Nunavut,Public administration [91],6953,A,63.7598,-68.5107
2021-01,Nunavut,Public administration [91],6871,B,63.7598,-68.5107
2021-02,Nunavut,Public administration [91],7037,B,63.7598,-68.5107
2021-03,Nunavut,Public administration [91],7148,B,63.7598,-68.5107
2021-04,Nunavut,Public administration [91],7206,C,63.7598,-68.5107
2021-05,Nunavut,Public administration [91],7017,B,63.7598,-68.5107
2021-06,Nunavut,Public administration [91],6973,B,63.7598,-68.5107
2021-07,Nunavut,Public administration [91],7026,B,63.7598,-68.5107
2021-08,Nunavut,Public administration [91],6842,B,63.7598,-68.5107
2021-09,Nunavut,Public administration [91],7120,B,63.7598,-68.5107
2021-10,Nunavut,Public administration [91],6977,B,63.7598,-68.5107
2021-11,Nunavut,Public administration [91],7036,B,63.7598,-68.5107
2021-12,Nunavut,Public administration [91],7192,B,63.7598,-68.5107
2022-01,Nunavut,Public administration [91],6532,B,63.7598,-68.5107
2022-02,Nunavut,Public administration [91],7032,B,63.7598,-68.5107
2022-03,Nunavut,Public administration [91],7029,C,63.7598,-68.5107
2022-04,Nunavut,Public administration [91],6933,A,63.7598,-68.5107
2022-05,Nunavut,Public administration [91],6949,A,63.7598,-68.5107
2022-06,Nunavut,Public administration [91],7047,C,63.7598,-68.5107
2022-07,Nunavut,Public administration [91],6861,C,63.7598,-68.5107
2022-08,Nunavut,Public administration [91],6837,B,63.7598,-68.5107
2022-09,Nunavut,Public administration [91],6631,B,63.7598,-68.5107
2022-10,Nunavut,Public administration [91],6861,B,63.7598,-68.5107
2022-11,Nunavut,Public administration [91],6812,B,63.7598,-68.5107
2022-12,Nunavut,Public administration [91],6711,B,63.7598,-68.5107
2023-01,Nunavut,Public administration [91],6619,B,63.7598,-68.5107
2023-02,Nunavut,Public administration [91],6703,A,63.7598,-68.5107
2023-03,Nunavut,Public administration [91],6742,A,63.7598,-68.5107
2023-04,Nunavut,Public administration [91],6543,B,63.7598,-68.5107
2023-05,Nunavut,Public administration [91],6520,C,63.7598,-68.5107
2023-06,Nunavut,Public administration [91],6570,C,63.7598,-68.5107
2023-07,Nunavut,Public administration [91],6677,C,63.7598,-68.5107
2023-08,Nunavut,Public administration [91],6678,B,63.7598,-68.5107
2023-09,Nunavut,Public administration [91],6198,A,63.7598,-68.5107
2023-10,Nunavut,Public administration [91],6332,C,63.7598,-68.5107
2023-11,Nunavut,Public administration [91],6589,C,63.7598,-68.5107
2023-12,Nunavut,Public administration [91],6557,B,63.7598,-68.5107
2024-01,Nunavut,Public administration [91],6432,B,63.7598,-68.5107
2024-02,Nunavut,Public administration [91],6665,B,63.7598,-68.5107
2018-01,Nunavut,Unclassified businesses [00],119,A,63.7598,-68.5107
2018-02,Nunavut,Unclassified businesses [00],112,A,63.7598,-68.5107
2018-03,Nunavut,Unclassified businesses [00],114,A,63.7598,-68.5107
2018-04,Nunavut,Unclassified businesses [00],134,A,63.7598,-68.5107
2018-05,Nunavut,Unclassified businesses [00],137,A,63.7598,-68.5107
2018-06,Nunavut,Unclassified businesses [00],139,A,63.7598,-68.5107
2018-07,Nunavut,Unclassified businesses [00],125,A,63.7598,-68.5107
2018-08,Nunavut,Unclassified businesses [00],119,A,63.7598,-68.5107
2018-09,Nunavut,Unclassified businesses [00],122,A,63.7598,-68.5107
2018-10,Nunavut,Unclassified businesses [00],131,A,63.7598,-68.5107
2018-11,Nunavut,Unclassified businesses [00],178,A,63.7598,-68.5107
2018-12,Nunavut,Unclassified businesses [00],153,A,63.7598,-68.5107
2019-01,Nunavut,Unclassified businesses [00],146,A,63.7598,-68.5107
2019-02,Nunavut,Unclassified businesses [00],178,A,63.7598,-68.5107
2019-03,Nunavut,Unclassified businesses [00],184,A,63.7598,-68.5107
2019-04,Nunavut,Unclassified businesses [00],164,A,63.7598,-68.5107
2019-05,Nunavut,Unclassified businesses [00],153,A,63.7598,-68.5107
2019-06,Nunavut,Unclassified businesses [00],167,A,63.7598,-68.5107
2019-07,Nunavut,Unclassified businesses [00],165,A,63.7598,-68.5107
2019-08,Nunavut,Unclassified businesses [00],161,A,63.7598,-68.5107
2019-09,Nunavut,Unclassified businesses [00],145,B,63.7598,-68.5107
2019-10,Nunavut,Unclassified businesses [00],157,B,63.7598,-68.5107
2019-11,Nunavut,Unclassified businesses [00],138,B,63.7598,-68.5107
2019-12,Nunavut,Unclassified businesses [00],146,A,63.7598,-68.5107
2020-01,Nunavut,Unclassified businesses [00],146,B,63.7598,-68.5107
2020-02,Nunavut,Unclassified businesses [00],140,B,63.7598,-68.5107
2020-03,Nunavut,Unclassified businesses [00],150,B,63.7598,-68.5107
2020-04,Nunavut,Unclassified businesses [00],118,B,63.7598,-68.5107
2020-05,Nunavut,Unclassified businesses [00],114,B,63.7598,-68.5107
2020-06,Nunavut,Unclassified businesses [00],104,B,63.7598,-68.5107
2020-07,Nunavut,Unclassified businesses [00],79,B,63.7598,-68.5107
2020-08,Nunavut,Unclassified businesses [00],85,B,63.7598,-68.5107
2020-09,Nunavut,Unclassified businesses [00],123,B,63.7598,-68.5107
2020-10,Nunavut,Unclassified businesses [00],136,B,63.7598,-68.5107
2020-11,Nunavut,Unclassified businesses [00],124,B,63.7598,-68.5107
2020-12,Nunavut,Unclassified businesses [00],121,B,63.7598,-68.5107
2021-01,Nunavut,Unclassified businesses [00],44,C,63.7598,-68.5107
2021-02,Nunavut,Unclassified businesses [00],52,D,63.7598,-68.5107
2021-03,Nunavut,Unclassified businesses [00],60,B,63.7598,-68.5107
2021-04,Nunavut,Unclassified businesses [00],62,B,63.7598,-68.5107
2021-05,Nunavut,Unclassified businesses [00],67,C,63.7598,-68.5107
2021-06,Nunavut,Unclassified businesses [00],46,C,63.7598,-68.5107
2021-07,Nunavut,Unclassified businesses [00],76,B,63.7598,-68.5107
2021-08,Nunavut,Unclassified businesses [00],121,B,63.7598,-68.5107
2021-09,Nunavut,Unclassified businesses [00],115,B,63.7598,-68.5107
2021-10,Nunavut,Unclassified businesses [00],130,B,63.7598,-68.5107
2021-11,Nunavut,Unclassified businesses [00],114,B,63.7598,-68.5107
2021-12,Nunavut,Unclassified businesses [00],128,B,63.7598,-68.5107
2022-01,Nunavut,Unclassified businesses [00],126,B,63.7598,-68.5107
2022-02,Nunavut,Unclassified businesses [00],172,B,63.7598,-68.5107
2022-03,Nunavut,Unclassified businesses [00],219,C,63.7598,-68.5107
2022-04,Nunavut,Unclassified businesses [00],187,B,63.7598,-68.5107
2022-05,Nunavut,Unclassified businesses [00],210,B,63.7598,-68.5107
2022-06,Nunavut,Unclassified businesses [00],163,C,63.7598,-68.5107
2022-07,Nunavut,Unclassified businesses [00],145,C,63.7598,-68.5107
2022-08,Nunavut,Unclassified businesses [00],140,B,63.7598,-68.5107
2022-09,Nunavut,Unclassified businesses [00],142,B,63.7598,-68.5107
2022-10,Nunavut,Unclassified businesses [00],186,B,63.7598,-68.5107
2022-11,Nunavut,Unclassified businesses [00],137,B,63.7598,-68.5107
2022-12,Nunavut,Unclassified businesses [00],200,B,63.7598,-68.5107
2023-01,Nunavut,Unclassified businesses [00],254,B,63.7598,-68.5107
2023-02,Nunavut,Unclassified businesses [00],233,B,63.7598,-68.5107
2023-03,Nunavut,Unclassified businesses [00],282,B,63.7598,-68.5107
2023-04,Nunavut,Unclassified businesses [00],278,B,63.7598,-68.5107
2023-05,Nunavut,Unclassified businesses [00],208,B,63.7598,-68.5107
2023-06,Nunavut,Unclassified businesses [00],231,B,63.7598,-68.5107
2023-07,Nunavut,Unclassified businesses [00],256,B,63.7598,-68.5107
2023-08,Nunavut,Unclassified businesses [00],269,B,63.7598,-68.5107
2023-09,Nunavut,Unclassified businesses [00],261,B,63.7598,-68.5107
2023-10,Nunavut,Unclassified businesses [00],189,B,63.7598,-68.5107
2023-11,Nunavut,Unclassified businesses [00],196,B,63.7598,-68.5107
2023-12,Nunavut,Unclassified businesses [00],200,B,63.7598,-68.5107
2024-01,Nunavut,Unclassified businesses [00],154,B,63.7598,-68.5107
2024-02,Nunavut,Unclassified businesses [00],160,B,63.7598,-68.5107
